#timestamp tx ty tz qx qy qz  qw
1645332898779527.0 0.0 0.0 0.0 0.0 0.0 0.0 1.0
1645332898812860.0 0.01778397965239518 0.009319263366924764 0.04623465074213419 0.0003453509127735271 0.002242044481125316 0.0008214145885839267 0.9999970896194476
1645332898846193.0 -0.04813610114583199 0.006740580617974857 0.09592018797811785 0.0012986924689035908 0.010486409391182377 -8.608062622727812e-05 0.999944169044491
1645332898879527.0 0.002913149228483676 0.012710257303890186 0.14378897712562588 0.0010367721436517117 0.012423495020437717 -0.00012584514323768514 0.9999222799988002
1645332898912860.0 -0.10775501065856309 0.010823521872687003 0.17301888279521924 0.001280979810123598 0.0262551526887967 -0.0012885924095279015 0.9996536228002257
1645332898946193.0 -0.03725408596910185 0.025942430839766842 0.2204528199144723 0.003035177918475689 0.027177503630230953 -0.0008186391789125422 0.9996256803530643
1645332898979527.0 -0.12290340573801033 0.018068397796980006 0.2558002899346698 0.004345455382920221 0.03856141155594419 -0.0013210803011712883 0.9992459103259648
1645332899012860.0 -0.024897215784634094 0.02267548847408104 0.31603452870422627 0.0015012742880485294 0.03910204922840328 -0.0006344781419791458 0.9992338932197702
1645332899046193.0 -0.09014754640579713 0.025584658780482675 0.3538953709221271 0.001852389536491134 0.049898160427081444 -0.0011101624074219864 0.9987519761073955
1645332899079527.0 0.0027949191284360065 0.042166637444668816 0.40773257757647513 0.0034497412877888822 0.05059651566725196 -0.0001331055698657525 0.9987132091698238
1645332899112860.0 -0.07178960493409225 0.050409128506995526 0.44274282114588986 0.008323087286235535 0.061552478604434 -0.0009801362496232072 0.998068663934806
1645332899146194.0 0.003203684507549415 0.06730125747413347 0.48034491727493756 0.007749675218385969 0.06446287966023627 -0.0004015590270444311 0.9978899330238116
1645332899179527.0 -0.06865403070444251 0.07112329510134244 0.5290579476914616 0.005523602108679947 0.07466664920379176 -0.0017606919473893727 0.9971916973582808
1645332899212860.0 0.017414357994996077 0.07709321761786518 0.5722350615035185 0.004211107718021521 0.07466858947369891 -0.00032178760801235967 0.9971994608755717
1645332899246193.0 -0.042197293946449395 0.0822824756015324 0.6236229352874679 0.007537481392379524 0.08259576619500468 -0.0005540621417826459 0.9965544735718478
1645332899279527.0 0.037764024933803125 0.09785229508499715 0.652137456399894 0.011027727001332832 0.0821856272256575 0.00048034215824051995 0.9965559097141115
1645332899312860.0 -0.03267550450471357 0.09697099113608848 0.6938972286054772 0.012944844981942304 0.09112776794329662 -0.0023811152562870815 0.9957522237927479
1645332899346193.0 0.04741458614087955 0.10305525989492158 0.7252485022283759 0.012130591019485049 0.09188439765537947 -0.0014827896672864503 0.9956946859172388
1645332899379527.0 -0.016825613474909983 0.11803370293418967 0.7829771123715095 0.01366319659632331 0.1000818754751212 -0.0023246787136447164 0.9948826720417995
1645332899412860.0 0.059278843351057826 0.1361594637337756 0.8186058675603392 0.014409742802854729 0.10071877654844573 4.702011547224812e-05 0.9948105775232029
1645332899446193.0 -0.006367505095241643 0.15196510471784433 0.8777287816163614 0.01594673870703884 0.11021332515811119 -0.0017445816958866435 0.9937784868454882
1645332899479527.0 0.05986113776126967 0.14704646266061136 0.918218081345296 0.01613014935782949 0.11302982603742069 -0.002382277358460583 0.9934578005442566
1645332899512860.0 -0.016688384709438522 0.15105928106119426 0.968582032714292 0.019280334749864875 0.1247839100467178 -0.0037202468431710447 0.9919896190227051
1645332899546193.0 0.05590498387523031 0.1663835536254677 0.9931978899557712 0.0210488592936 0.12837922934550478 -0.0019171841215166866 0.9914998958144862
1645332899579527.0 -0.013280142902766521 0.16427374587826332 1.0517473533521564 0.021612022341752798 0.14071568645488322 -0.0023623803999057035 0.98981131294539
1645332899612860.0 0.07447718840608535 0.16771797710629946 1.0809461051678455 0.021897956132680023 0.14449269527001024 -0.0030291326669852534 0.9892588967940116
1645332899646194.0 0.020526253221885327 0.17930053791273837 1.1244292325465548 0.024822501584685727 0.15673625980070047 -0.003968779614521305 0.9873205341058885
1645332899679527.0 0.20270714327661954 0.27763332445375094 1.27709625875358 0.03241631539039842 0.15480303478794363 -0.0009285781396979462 0.9874129534594892
1645332899712860.0 0.1954010768277507 0.30630134568455664 1.3664778558596904 0.03429269184863128 0.16709050936665226 -0.0002665763853859692 0.9853449659395426
1645332899746193.0 0.2919240443556868 0.3181415263714091 1.4019472044250791 0.03565053635116045 0.17384926572033638 6.044212901292521e-05 0.9841267542411006
1645332899779527.0 0.23085133150581977 0.29949717541605875 1.4476750028107337 0.0350245642953722 0.19012838164701792 0.00011676531637365093 0.9811342745792067
1645332899812860.0 0.2953110628440529 0.30859079715266385 1.467889446672224 0.036400431143972706 0.19997181695552718 0.0008956990645660724 0.9791248535091036
1645332899846193.0 0.23291213392421162 0.3141472721712701 1.5372266490510986 0.037154245079299625 0.21649688741790685 -0.0001275707213869367 0.9755760572793167
1645332899879527.0 0.31959755791819494 0.30669995060937577 1.5673841100074333 0.03720795036893405 0.22493230853721524 0.00032640172574888946 0.9736636577727318
1645332899912860.0 0.2674359622663731 0.30846862867138397 1.6104079581085384 0.03902148093810185 0.24097679628300395 0.00013456359650488193 0.9697460954142664
1645332899946193.0 0.37467952259965026 0.31197130022857394 1.6233818602664143 0.04001758080741522 0.24708573887586255 0.0010965424970467538 0.968166322728199
1645332899979527.0 0.32904148799915 0.29470433496651427 1.6875553474537064 0.03858033886122524 0.2616560374046785 0.002143331100361738 0.9643874126484796
1645332900012860.0 0.43364613250123624 0.30018232285407004 1.700979036518526 0.03813894152324448 0.2676800476698522 0.004107749345769817 0.9627439636862256
1645332900046193.0 0.3801445682264621 0.29542614810821594 1.7673782726045297 0.0383575922456082 0.2827603920767739 0.0031365119934454225 0.9584181853878941
1645332900079527.0 0.4803360605760974 0.2952106666073118 1.784045526479491 0.03878999091191309 0.2891249700085028 0.002710265504429992 0.9565013030746647
1645332900112860.0 0.4401866014326589 0.28374712083235976 1.83333782646134 0.03967844508051452 0.30010525662024634 0.0015126683039802262 0.9530793082317394
1645332900146194.0 0.5422576909894087 0.2800909177328428 1.8326477681598465 0.038467690754852464 0.30538621834242163 0.003059662834440102 0.9514463373610954
1645332900179527.0 0.4926185181797714 0.2743356916153188 1.907970831496143 0.0369082847167376 0.31941633133999614 0.001889276766443297 0.9468935612970795
1645332900212860.0 0.5848567384463098 0.27772240484070965 1.9239328805019302 0.03723060456908428 0.32557418753901063 0.0023278554681740145 0.9447803509708766
1645332900246193.0 0.5413694449898026 0.2680114352956151 1.9839906814834327 0.037814878745378394 0.3376922969489145 0.0009187805412728709 0.9404962006138863
1645332900279527.0 0.6422538458367991 0.27424339224256283 1.9756117985002601 0.038044781403414406 0.34180961351630545 0.002548563319600488 0.9389953607663919
1645332900312860.0 0.6055501255996065 0.26720461394114103 2.0362315532861683 0.037042749422190775 0.3532348550317799 0.003235103032291635 0.934795435383749
1645332900346193.0 0.7055277014888742 0.2714086705846744 2.034469286382026 0.03728852550482353 0.35749382642736166 0.004251597949096775 0.933161108194549
1645332900379527.0 0.6650557415746086 0.26417875137469726 2.096647187266998 0.03859962724569378 0.3693864918918249 0.002578149711924809 0.9284702695985516
1645332900412860.0 0.7769308857246218 0.27194484174345024 2.0813217651281177 0.039287281455419515 0.37236791567590394 0.004462602688766438 0.9272425411230159
1645332900446193.0 0.7373093284794571 0.2576649674311649 2.15241987468506 0.036846583440193814 0.38503443434845724 0.005723868168432215 0.9221486056964673
1645332900479527.0 0.8402822279197026 0.2618480721639498 2.1280245641689643 0.03640299562356482 0.3878124825255098 0.006348901950337746 0.9209972810769079
1645332900512860.0 0.8023251544948146 0.26601567536480125 2.195709057516364 0.03725586639719538 0.4001422055117102 0.003921287854235122 0.915687085902593
1645332900546193.0 0.9166314432264504 0.2607893981151999 2.3125804751442023 0.035277665626931916 0.41105965190336713 0.005286143775718155 0.9109102620834718
1645332900579527.0 0.93984622257018 0.24623736122383694 2.420518693789013 0.034134254456002266 0.422871082671742 0.005715468381116539 0.9055287038708082
1645332900612860.0 1.0148928009712954 0.2615634106076856 2.3982345493081185 0.03535681655737479 0.42830851593105085 0.006737093338303526 0.9029154568824369
1645332900646194.0 1.01747230461682 0.24431026963994296 2.4611548843439683 0.03430461590034686 0.43824393984219123 0.00696811752199888 0.8981741968336227
1645332900679527.0 1.0846331803282871 0.2625275458064458 2.429086115142962 0.03509580714074652 0.4438092606800604 0.008179060799203783 0.895396407978165
1645332900712860.0 1.0866132019184782 0.24584178305133858 2.4979700530641433 0.033630713174264644 0.4544488495598093 0.006994711833870518 0.8901102697259017
1645332900746193.0 1.1689234491686502 0.25255993408481947 2.4616469214559333 0.03440790400619603 0.4578722604592409 0.0073630941448392054 0.8883213799568599
1645332900779527.0 1.1700845902427404 0.23838644705735973 2.536290979743107 0.033435000888753875 0.46710245050616667 0.008974410925636911 0.8835252466088566
1645332900812860.0 1.2473657257118442 0.25024889732974426 2.5067547796381366 0.032668635060659784 0.47005602037309185 0.010756503825207334 0.881966210021531
1645332900846193.0 1.237768162613948 0.24351112636550912 2.5790544272461258 0.032244298535782256 0.47906635564831174 0.01041679603458076 0.877124405348611
1645332900879527.0 1.3193405378280074 0.26123189019278914 2.5488094654721687 0.034733082556355495 0.4815121456401127 0.0093943557850052 0.8757005268107203
1645332900912860.0 1.3128735243591239 0.24314326511700876 2.61085494160523 0.03533787363382055 0.4886191464903059 0.008101955735516678 0.8717436106352514
1645332900946193.0 1.3916896038739295 0.24862959738869111 2.582144652902247 0.03508088922102349 0.4918056403818472 0.0088244243130094 0.869953258994762
1645332900979527.0 1.3934556327722387 0.23141809368601235 2.661573974490848 0.032454570251704666 0.4998168258131387 0.00905597116725325 0.8654754941014063
1645332901012860.0 1.4634596844690848 0.25564870264118433 2.6177153833188616 0.03436197303376844 0.5015378345127458 0.009326069872980378 0.8644027300872067
1645332901046193.0 1.4527320914602844 0.23763846227691482 2.685089904177841 0.03424411755460355 0.5093294535155993 0.00739031920479218 0.8598582623761073
1645332901079527.0 1.5395639725981918 0.2484746937802953 2.653507736297082 0.03476011120153816 0.5120181901772174 0.008178871315561892 0.8582320278694492
1645332901112860.0 1.5304581537940107 0.22827552812147076 2.7247125351794863 0.03300667775537521 0.5204292318119575 0.008746879207249465 0.853221815241091
1645332901146194.0 1.6170116519393658 0.2495992966046509 2.6875283172505107 0.034412378640898474 0.5229857958408903 0.008935446171560885 0.8515995557459275
1645332901179527.0 1.5972093647919805 0.2419179415353267 2.7535814893612405 0.03488489915395918 0.5330862575451893 0.007104601584888995 0.8453115463920994
1645332901212860.0 1.6868847636971567 0.2448134168161784 2.7519484446607243 0.03418872179012133 0.5382229295261561 0.007279238862586168 0.8420773254970243
1645332901246193.0 1.6826079002255891 0.23647091586147306 2.7844776680506893 0.03409242588582584 0.5461948204188881 0.009370841298996376 0.8369116512381382
1645332901279527.0 1.7727840670881434 0.2566643346884163 2.7637050810392627 0.035571245200565926 0.5513289388338275 0.009809921827207848 0.8334715670933178
1645332901312860.0 1.7600227902599404 0.24537602410332837 2.801078627458452 0.035943459044556446 0.5604107591161622 0.008148840753778147 0.8273943710306039
1645332901346193.0 1.848420195859432 0.24878775630377883 2.775520375874263 0.03587780316007415 0.567307766870918 0.008956915973126886 0.8226751816753618
1645332901379527.0 1.8553983064279986 0.23504521843165194 2.8135309825482624 0.035105889472766424 0.5759702374872024 0.00951289067712753 0.8166611090068061
1645332901412860.0 1.9367629875256374 0.2549635037519061 2.7835292293514193 0.037043415061520577 0.5826128502038534 0.009867691504188992 0.8118452320746241
1645332901446193.0 1.9392709041069491 0.23966337287378825 2.8245485931973313 0.035757565905263695 0.5909268220862928 0.010034350751635963 0.8058698401258847
1645332901479527.0 2.024078504923776 0.25296138135089374 2.793175174962116 0.03525421860681997 0.5965736389643759 0.011229744156598047 0.8017050119647514
1645332901512860.0 2.0195451614055058 0.24516039852641702 2.8340100302010085 0.03440160669507782 0.6050087288308803 0.01100599413271263 0.7953991674551779
1645332901546193.0 2.1045573416333805 0.25910030530773803 2.7988897088743614 0.036074497263862554 0.6101785143816919 0.009731776694938995 0.7913824004591401
1645332901579527.0 2.1044470423542894 0.24566130504077974 2.844492837134216 0.03770308539322809 0.6175787119421682 0.009378514826241262 0.785548887955
1645332901612860.0 2.1964801345648186 0.24132612529100153 2.8079346621754904 0.03640861780407371 0.6210624078330187 0.011284306548981873 0.7828336748964998
1645332901646194.0 2.200397822470695 0.244691465024575 2.8564572513745903 0.03583057935641541 0.627849943008429 0.01291070333141497 0.7774020403798694
1645332901679527.0 2.269179437175111 0.2706614415172502 2.8072815029005183 0.03592601679010838 0.6303794339758748 0.011041904984670402 0.7753767902588792
1645332901712860.0 2.2829306362331767 0.2572788206313269 2.840688410937014 0.036873138965352104 0.6354070224589746 0.009731042445316794 0.7712351095778701
1645332901746193.0 2.35801359796269 0.26624644632417943 2.810539668624129 0.03778479613515561 0.6375244147252 0.009922818078500631 0.7694390602846315
1645332901779527.0 2.3585955232803033 0.24823251341783267 2.8506602179100065 0.03664702270921912 0.6420600791822851 0.01121522160319487 0.7656958072572808
1645332901812860.0 2.4355258100635386 0.26610667375321573 2.8165293413098325 0.03678808456183284 0.6434911657215653 0.01105925047305991 0.7644890119887576
1645332901846193.0 2.43685088974573 0.25319201786301554 2.8565045403346634 0.036682560452784584 0.6473011928405776 0.010162529627372546 0.7612833102711275
1645332901879527.0 2.52505697371782 0.26078814549283413 2.822554723478576 0.03686626282584118 0.6480227137675446 0.010720919579163638 0.7606526822341324
1645332901912860.0 2.527902365968548 0.24809292780705808 2.867032674698122 0.03646477832558969 0.6517006784793276 0.011104504841891386 0.7575178120568956
1645332901946193.0 2.604963626047045 0.2685145307986126 2.8264154441103826 0.03750595490886122 0.6522898904961887 0.010538255094179457 0.7569677319955023
1645332901979527.0 2.6110722679638374 0.255296095433859 2.8770272925852924 0.03701534567822533 0.6558830747424396 0.009939661581921368 0.7538888907381259
1645332902012860.0 2.691747020059964 0.26853901385662193 2.8313995814607336 0.03768337445379721 0.6557003570302502 0.011010143365878834 0.753999855320437
1645332902046193.0 2.7032039366696927 0.25694679650753355 2.886311520377161 0.03797741736497365 0.6588307143483019 0.010623715845659614 0.7512569082965049
1645332902079527.0 2.774834390214684 0.2670141975601506 2.8498070951761068 0.038338107565188184 0.6586112938098707 0.010767528034016535 0.7514289144785719
1645332902112860.0 2.7912473582078077 0.25028913917684137 2.9006714157516704 0.037116869837600056 0.6617046300440633 0.010609895811707673 0.7487701587687459
1645332902146194.0 2.8714290855481583 0.2685129498858162 2.8555870397736687 0.03768709605818196 0.660605895611025 0.010590305017132234 0.7497115304664196
1645332902179527.0 2.8908118883661684 0.25942269047377514 2.9016861241552885 0.03801168200115113 0.66325640965236 0.010238262876526351 0.747356156768495
1645332902212860.0 2.9520061275923153 0.2724351348841521 2.859090407009766 0.03901924089501391 0.6631376906107973 0.009909263658668543 0.7474140142016995
1645332902246193.0 2.9714825546833485 0.2506472883547044 2.919639169335681 0.03725320788192703 0.6669384647107597 0.008931351415205135 0.7441273504942946
1645332902279527.0 3.0226728812415513 0.2674328822502411 2.862486725413252 0.03732688985484341 0.6668974042901943 0.009746580060333273 0.7441502265147091
1645332902312860.0 3.062413211344606 0.2494846911573214 2.9109114953551094 0.03622875681054727 0.6701295799149203 0.010006156663026367 0.7412919129006127
1645332902346193.0 3.1150592371894246 0.26610876292786695 2.8589790348968704 0.03791767860230227 0.670280715668693 0.010539981002871013 0.7410633715496513
1645332902379527.0 3.150613037636589 0.25522599348183755 2.9192179251873824 0.03774479541842798 0.6745858395844827 0.009150748361779466 0.7371740223687612
1645332902412860.0 3.207594988287095 0.26130833499888206 2.8653421750378043 0.038167769769323 0.6758956316873442 0.008667339675330553 0.7359573313988754
1645332902446193.0 3.2401505198516953 0.24665862043198275 2.9137287576797815 0.037804356182851544 0.6793883023380077 0.009152414689397722 0.7327472951879338
1645332902479527.0 3.2874046128070415 0.26348803659640657 2.8596422646041946 0.03848737180862554 0.6802590736992916 0.011633431523480385 0.7318681425858314
1645332902512860.0 3.3315399942175468 0.253178547893772 2.91465327144431 0.037384812534492516 0.6840596711002715 0.011282994409850304 0.728380008102293
1645332902546193.0 3.355447141431276 0.26327998197093616 2.8705696232253723 0.03754352474749589 0.6860769988402724 0.010420649709071956 0.7264848556380923
1645332902579527.0 3.398008810012191 0.2503646145633894 2.9162110922062108 0.037646183673790364 0.6891171015043578 0.008878700691532529 0.7236169939567906
1645332902612860.0 3.44233536135849 0.26489724901434125 2.861844693583379 0.03892330556870249 0.6901319485120978 0.008564966664494135 0.7225852968837219
1645332902646194.0 3.4934210602562623 0.2505442342659304 2.916041783580641 0.03901682175637232 0.6934804622597633 0.008800471625009985 0.7193643637150745
1645332902679527.0 3.506530935841815 0.25331265932245206 2.868001576961683 0.03885646374969539 0.6947681748948525 0.010395990045180945 0.7181081267950702
1645332902712860.0 3.5591051708033934 0.24781969743260973 2.91964051414079 0.038073394676849046 0.6977010098407619 0.009011258279017486 0.7153198688063896
1645332902746193.0 3.584473763058759 0.26067292879061893 2.860524743691625 0.03884396792794371 0.697882208330095 0.008813607322676217 0.7151041111459817
1645332902779527.0 3.646216830200803 0.24649360647802965 2.9210968324749897 0.038904724726041215 0.7013830843239045 0.008663877229772847 0.7116692550965125
1645332902812860.0 3.6732748604132253 0.256654564434618 2.8574184255888957 0.039660170512875355 0.701352737266893 0.01022612203910447 0.7116367298215909
1645332902846193.0 3.7341721714407927 0.24764118608544353 2.9199320439680063 0.03848835052910456 0.705304323085754 0.00929764953243097 0.7077980025567091
1645332902879527.0 3.743963702283657 0.25823019670830916 2.854288354042906 0.039146794774298437 0.7046476974620165 0.00903148591700807 0.7084190731357453
1645332902912860.0 3.822822325960198 0.24862245654383033 2.9116586850313713 0.038870279548281005 0.708177899186959 0.008235376266497247 0.7049151318057607
1645332902946193.0 3.8231259426999964 0.2557082450646591 2.8595273705945874 0.03936376929743604 0.7083472429148906 0.009424145712785478 0.704702676736193
1645332902979527.0 3.896767858872563 0.24712217373648632 2.9161126130746546 0.0380832637096732 0.7119134078245261 0.009277786344887977 0.7011725090628039
1645332903012860.0 3.890331651312743 0.2600341599202284 2.8607968780398965 0.03862982403905769 0.7122282782686047 0.009271033698204508 0.700822847989003
1645332903046193.0 3.9485183075292607 0.24110997691654468 2.924328095998248 0.03821313316840403 0.7159933680180546 0.00929173458877585 0.6969985057917615
1645332903079527.0 3.927260251726795 0.251095713624459 2.8698809469855973 0.039108610739224635 0.7158948302771051 0.009892034170450783 0.6970417894276738
1645332903112860.0 4.024037534882355 0.248258296311476 2.91756088103806 0.03780337136444035 0.7192023389200659 0.00968799461342256 0.6937038586931451
1645332903146193.0 4.00338262114107 0.2575618578098894 2.86542439813459 0.0374101705183223 0.7192444963108233 0.010681052929966812 0.6936668860315357
1645332903179527.0 4.092544842007874 0.24506628558983268 2.9149586695749274 0.03621200825941722 0.7215734504162696 0.010330645419205836 0.6913130433294326
1645332903212860.0 4.086971441709184 0.2516646266191449 2.8661985215828727 0.03692002310145477 0.7217984988254512 0.010681687111986846 0.6910352672244411
1645332903246193.0 4.158502415075391 0.24234382886829522 2.9195624237342557 0.037027186944870165 0.7235928807526983 0.010761784846515842 0.6891491234398245
1645332903279527.0 4.157993044083461 0.2485898345680075 2.8620886363543745 0.03649957901343803 0.7229845377404527 0.011953677121426561 0.6897958020482167
1645332903312860.0 4.228637959468531 0.2383375583991683 2.9159248043303503 0.03524932061552344 0.7246318092265638 0.011802308913096905 0.68813293189434
1645332903346193.0 4.222680630054662 0.25394929974995595 2.8609172994449397 0.03592007497452047 0.7243053671263264 0.010082147500153286 0.6884691958741563
1645332903379527.0 4.280058979345357 0.24430372080506665 2.9172490174995236 0.037620820749427054 0.7257174438415738 0.009456892429056686 0.6868984151501422
1645332903412860.0 4.259891230533391 0.24776332855558028 2.8586432730507694 0.03855533435586909 0.7243147809106855 0.010157884979539124 0.6883156265259097
1645332903446193.0 4.333882364378907 0.23699104791763123 2.907033138170295 0.037354427779213176 0.7253195440603648 0.01031079202624952 0.687320808136305
1645332903479527.0 4.32204018093918 0.24757063132660118 2.8567554073841714 0.03687131279563525 0.7245341435469163 0.01108716737477231 0.6881626667053851
1645332903512860.0 4.38839809421727 0.23850683345505963 2.9084711848921114 0.03689587110792383 0.7251326060517688 0.011508141709385071 0.6875237894139768
1645332903546193.0 4.383301526873207 0.25264972158355586 2.8552324637473325 0.037050579973892425 0.7240661470632177 0.010546029207530533 0.6886539410099812
1645332903579527.0 4.454027463314065 0.24088860637414486 2.9092040414250246 0.0364598553392318 0.7249914454626283 0.010826600597832508 0.6877069635201798
1645332903612860.0 4.433968544626277 0.2508297765074418 2.8618457020359327 0.03607796353421329 0.7237930152516521 0.01147197861004786 0.6889778264406746
1645332903646193.0 4.50707064886949 0.24094658392687146 2.913004755696441 0.03540852735608008 0.7250707196880399 0.013187916819539833 0.687637089234941
1645332903679527.0 4.463788199681682 0.25298597332732425 2.8639195918078157 0.03606247731419105 0.723429784602899 0.013664036255666116 0.6893200552664709
1645332903712860.0 4.536997060281983 0.2451454875403745 2.910422859255765 0.03550045027639187 0.7247574584113421 0.013416589621625032 0.687958094385283
1645332903746193.0 4.506263061042454 0.25131533246940085 2.853749736611913 0.03587487370221398 0.7237378617499991 0.013255757025595455 0.689014358204579
1645332903779527.0 4.559457834195989 0.24552804507443055 2.907265603849755 0.036391953638951854 0.7256033623207432 0.012913402230225596 0.6870288424382291
1645332903812860.0 4.536248563159281 0.2521505202408582 2.875966847759507 0.03695767587828169 0.7252410988555065 0.012699045540720771 0.6873850543668288
1645332903846193.0 4.588012819496863 0.24161824271151214 2.9135185442097495 0.03593857349817462 0.727218846542574 0.012656301325400656 0.6853473471203966
1645332903879527.0 4.545598063466376 0.2502909254856163 2.8708294943019563 0.036015835825739584 0.7272804521672654 0.013022722114993635 0.6852710501501336
1645332903912860.0 4.5947222216671655 0.24113843702310125 2.9121355836704734 0.03622521082322771 0.7288478079137691 0.012734795486180837 0.6835981509512963
1645332903946193.0 4.557150084687422 0.24829520862596757 2.8637911912422056 0.03731052098603492 0.7280414532302351 0.012105657635752528 0.6844099798040383
1645332903979527.0 4.609803026541285 0.24047215004313524 2.9104091474616784 0.037513740707387035 0.7298349087317366 0.010840789770104541 0.682507291193169
1645332904012860.0 4.569758787364549 0.24532536228870705 2.858555767642193 0.038107423087487546 0.728372569756034 0.0111322963954668 0.6840301864023149
1645332904046193.0 4.620880339910722 0.24204807828021538 2.909277360685108 0.03740406404379322 0.73000255780094 0.010761381783074828 0.6823352506350614
1645332904079527.0 4.576544635734428 0.24948243262916922 2.8605299344752293 0.037709665346947537 0.7283327216944196 0.01112249807376572 0.6840948162975797
1645332904112860.0 4.627021616836471 0.24188689162119587 2.909670040700381 0.037644042084375454 0.7296984247022467 0.0105602369032032 0.6826504350538112
1645332904146193.0 4.598583480821159 0.2527497498750725 2.858483823098778 0.038212177249380565 0.728265149327625 0.01040752668120168 0.6841501188869691
1645332904179527.0 4.636004453239106 0.23960644812719395 2.9078438760442746 0.037870332644636094 0.7292423053756792 0.010765407268310925 0.6831219539453381
1645332904212860.0 4.599422299947984 0.2478809153369662 2.8597818567120585 0.037776192732191474 0.7276977863007028 0.010945914992003493 0.6847693611871845
1645332904246193.0 4.636790807308781 0.24169524527717567 2.9095038908823283 0.037909974545454944 0.7284439092534207 0.010990450169775031 0.6839674808838669
1645332904279527.0 4.60293217936619 0.24862891101766416 2.858000141541051 0.03808419275344015 0.7267243564394807 0.011010326486983853 0.6857842785676785
1645332904312860.0 4.643164007217517 0.2423706938800604 2.907720207848284 0.03806532509453251 0.7277849743941864 0.010496684030962043 0.6846677162652371
1645332904346193.0 4.607316497258868 0.2485374981476783 2.8594607826394265 0.03832092661182976 0.7265513328051763 0.01101843223561827 0.6859542707307111
1645332904379527.0 4.646250581323445 0.2400353522330048 2.90740418553592 0.0382269570357354 0.7276865210265479 0.010971837132223328 0.684755902246933
1645332904412860.0 4.597298813729912 0.2487956352689551 2.8595502643027815 0.0384913663144898 0.7261774136362713 0.011181436960664485 0.686337929966918
1645332904446193.0 4.63988187285061 0.2414951757029324 2.9092774496764666 0.037860631191112 0.7273546155237988 0.010711646049499365 0.6851329042754752
1645332904479527.0 4.596184527550011 0.24902677737383652 2.858302441841607 0.038431138012718316 0.725669685108786 0.01101896098081569 0.6868807307270061
1645332904512860.0 4.640457958976087 0.24232543687948593 2.9085012172152442 0.03816425622749116 0.7268131224922941 0.01047629426901042 0.6856941167736477
1645332904546193.0 4.598252699904827 0.252503265285946 2.856756091022802 0.0385334542607992 0.7250919828454051 0.010455035977827702 0.6874936229076979
1645332904579527.0 4.639376543817784 0.2425693496015695 2.9100451051088077 0.03807745397612678 0.726462144057895 0.010646378192731298 0.6860681565128055
1645332904612860.0 4.59981075989334 0.25228287787503034 2.857510248840413 0.038286952064937485 0.7246749702953491 0.01076591383836546 0.687942142791265
1645332904646193.0 4.638025684747453 0.24126347839480045 2.911275705781086 0.03814367409043333 0.725951925947916 0.01081774495740045 0.686601658702796
1645332904679527.0 4.599491506940618 0.2518256352215666 2.858445789274068 0.038716314313734054 0.724197777606128 0.01057899623071257 0.6884233514016327
1645332904712860.0 4.638311375897022 0.24261749769340307 2.9095700970758687 0.038379360899942094 0.7253023085527148 0.01024792176768324 0.6872834684207513
1645332904746193.0 4.598624060700098 0.25131991410613097 2.854502892628522 0.038735235717472574 0.7234392170619063 0.010779098752820357 0.6892162880844045
1645332904779527.0 4.638023826910699 0.24368378876027008 2.9107405508243867 0.0381499929132567 0.7247054812763974 0.010398957794176896 0.6879232552585053
1645332904812860.0 4.595890214195456 0.2517515068574917 2.8582266984005136 0.03853545700302672 0.7227910659959437 0.010644995349591806 0.689909253122483
1645332904846193.0 4.6370323295300455 0.2434208057019895 2.913476929361489 0.038116797265915894 0.7241901148978236 0.010412547664098602 0.6884674038047183
1645332904879527.0 4.600221641863253 0.2532859772309028 2.8554889327843593 0.038701660456755424 0.7221799318511081 0.010721914472635662 0.6905384624041303
1645332904912860.0 4.6399892920514265 0.24366765321941533 2.9112402831846977 0.03810959401910212 0.7234269890595283 0.010379211447760252 0.6892701374016481
1645332904946193.0 4.5993053326329125 0.25183444809699984 2.8568822910488603 0.03860826793521579 0.7214893932418651 0.010717333245735542 0.691265213832309
1645332904979527.0 4.640928438554967 0.24320298545021413 2.912444310024995 0.038155853314197 0.7226055551429466 0.010417888979273027 0.6901281113848611
1645332905012860.0 4.600829452307934 0.25248017374577686 2.8566249290920944 0.038349450606060216 0.720436599255542 0.010583370641760941 0.6923788113144292
1645332905046193.0 4.642857263490329 0.24333817157150248 2.9117917250348846 0.038200676987582685 0.7212473305550346 0.010362043137099616 0.6915458224202875
1645332905079527.0 4.600203436326557 0.2562029181698446 2.856622750491167 0.03874005085067271 0.71863635279948 0.010217755228267008 0.6942309402304423
1645332905112860.0 4.644855313122925 0.2427143168811552 2.910690254656453 0.037972961786332055 0.7193515217624401 0.010635494005786261 0.6935260114649546
1645332905146193.0 4.611700170584432 0.2534601730445002 2.857085839543051 0.03824951236165363 0.7174442797472311 0.010728429970602502 0.6954822650883619
1645332905179527.0 4.647423847812292 0.24494263521272977 2.9120839541579335 0.03792447517933871 0.7181290188096845 0.009934287666746165 0.6948048333556451
1645332905212860.0 4.605318106969311 0.255176939106513 2.859170368212503 0.03877305369500103 0.7158632537165112 0.010325488137172332 0.6970866779535408
1645332905246193.0 4.648818753634373 0.24291549560419778 2.912632020974225 0.03802210569765144 0.7164002000869368 0.010501875029898898 0.6965736022952419
1645332905279527.0 4.61324352681829 0.24906272681228675 2.857410709388261 0.038238160924579205 0.7139727302036835 0.011213310532305298 0.6990386579020579
1645332905312860.0 4.649833581677513 0.24237826391827158 2.914724637101451 0.038122098616809326 0.7145543742907061 0.010465846440942672 0.6984620375062216
1645332905346193.0 4.608177673675764 0.2525619860452255 2.856315702680164 0.03860443794763732 0.7116399496262881 0.010512688825690515 0.7014041366005017
1645332905379527.0 4.652050114159095 0.2431429806448108 2.913640739013262 0.03785089492463419 0.7121988326494129 0.010303452328422839 0.7008808539233568
1645332905412860.0 4.607541875045422 0.2533521806060344 2.8627825493686236 0.03846215426905578 0.709652207294751 0.010626114105039268 0.703421277094813
1645332905446193.0 4.6516036710403155 0.24178142834392477 2.9162613832399686 0.03802396795786691 0.71012956184253 0.01059982892874391 0.702963602816502
1645332905479527.0 4.613580325234869 0.25084179123126094 2.8616479070177396 0.038696609655832874 0.707372849455595 0.010780723991755016 0.7056982359652246
1645332905512860.0 4.652817347416974 0.24208921107681383 2.9178364981049527 0.0380020240618009 0.707777276294825 0.010417125001837294 0.7053358468379312
1645332905546193.0 4.614510746539279 0.2551086639909077 2.863540661096813 0.03855168737052079 0.7050167911397242 0.010229955362449436 0.7080681038044396
1645332905579527.0 4.655579966571129 0.24245271077250552 2.918938108241275 0.03802186820683556 0.7054415226961048 0.010296631278165387 0.7076726467644378
1645332905612860.0 4.613743381479305 0.2518035769771044 2.861996878122289 0.038516491061601654 0.7023383208823037 0.010448161626214179 0.7107237148535008
1645332905646193.0 4.658525136958886 0.24150845335345775 2.9186164671349846 0.03778623066355842 0.7025930190774529 0.010186935825218029 0.7105149376715195
1645332905679527.0 4.619189784479487 0.2545494691507395 2.866460799231098 0.03847516063315536 0.6997420979132503 0.00993553774843547 0.7132895229231014
1645332905712860.0 4.655975238954464 0.2430241428375489 2.924974960588998 0.03776757928046481 0.7003061873676967 0.009625344413146365 0.7127778101447481
1645332905746193.0 4.613292792713341 0.2547989161687507 2.8683233058391506 0.038605863062392276 0.6971957982439309 0.009782014956460023 0.7157736502775214
1645332905779527.0 4.65894720427734 0.24201203855382195 2.9243891391573253 0.03755049347780171 0.6980034053074746 0.009472542617951853 0.7150464862895936
1645332905812860.0 4.619416433704075 0.25244227829788934 2.8703928249339694 0.03846496131853778 0.6953990411064485 0.009767124612206475 0.7175271588280161
1645332905846193.0 4.661930529093959 0.24398712150790983 2.925710622460924 0.03791820465182242 0.6962708149786117 0.009168475404497504 0.7167182856769875
1645332905879527.0 4.621904460493286 0.2533554480202948 2.874642698559955 0.038573705525212616 0.69411177441247 0.009557404090067455 0.7187694831384299
1645332905912860.0 4.6611274489613 0.24192425068480108 2.92895719212771 0.03775135473027329 0.6953021524050903 0.009266511871557817 0.717665579385421
1645332905946193.0 4.626068634516389 0.2541586200469995 2.869766804318553 0.03850271154360232 0.6930620735953642 0.009425171119188317 0.719787239048358
1645332905979527.0 4.66225601909101 0.24216420800145366 2.927820630483608 0.03793249373502839 0.6944596179021576 0.00938126577782928 0.7184698719324543
1645332906012860.0 4.628943070781161 0.2544810461202663 2.868443535594938 0.03853123956575574 0.6923911712811144 0.009399123790127039 0.7204314443314304
