#timestamp tx ty tz qx qy qz  qw
1645332800479528.0 0.0 0.0 0.0 0.0 0.0 0.0 1.0
1645332800512861.0 -0.015381777537120793 -0.004713520756056641 0.00195066942451157 -0.00031480102465563373 0.0007645597074599976 -0.00017993004412677487 0.9999996419869098
1645332800546194.0 0.015988876744749136 -0.0009512729123170452 -0.00022288291158884975 4.101113724020933e-05 -0.0009435521823701526 0.00046203800159816296 0.9999994472739726
1645332800579528.0 -0.015339373731054045 -0.0018816028700930317 -0.0019370559881710667 -4.1016877110210405e-05 0.0007447207408725119 -0.00013348802192522563 0.9999997129447498
1645332800612861.0 -0.005555542614817088 0.00044310724540067356 5.787880194042175e-05 9.391183805388893e-05 0.0003271741588210878 -7.241820425145541e-05 0.9999999394466182
1645332800646194.0 -0.032770304705800356 -0.013633789368063783 0.0027579380413440104 -0.0006942435240737501 0.0017897031214041024 -0.00033058679735969017 0.9999981028487184
1645332800712861.0 -0.03145000591796624 -0.015339778713157906 -0.004589846859546458 -0.0006984410501030447 0.001708479165091878 -0.00034643984782824975 0.9999982366276821
1645332802879528.0 0.10043922805579408 0.011192909982325418 0.11383764893551195 0.0045218899863720555 0.045108084908135365 0.0027823191669601763 0.9989680034350074
1645332803379528.0 0.07979881267034684 0.024353203374362486 0.33584027185806603 0.0069394322482412086 0.03458407008932666 0.002030050493385071 0.999375637721434
1645332804446194.0 0.2814357406730352 0.02227047345645357 1.1003728952370904 0.007325155546918782 0.060050150088917335 0.0038618367335536735 0.9981610129571057
1645332804879528.0 0.4139881454904611 0.05116040535144811 1.4832728794001895 0.009735944432066474 0.06848485629373839 0.0053471652573614204 0.9975903185517351
1645332804979528.0 0.3619385393899451 0.061187919284010885 1.599982439456331 0.010292511680814503 0.07310676738129152 0.00548035954521843 0.9972559503084517
1645332805512861.0 0.4810432608316489 0.054488691985799816 2.1297308996412747 0.012170971383333359 0.07751347623327422 0.0062761729220106 0.996897255544057
1645332805812861.0 0.6340995576781122 0.04947949162413368 2.391716787652736 0.012021655614865292 0.08493079543932101 0.0057469003335808505 0.9962977531435457
1645332806112861.0 0.6597457156308166 0.06546148535347694 2.7232516985084776 0.012222973157683644 0.0954497994890303 0.006634786626839194 0.9953370857709999
1645332806446194.0 0.7666749982724368 0.08516316188959555 3.0682910584567202 0.012867424853419396 0.09443184809055706 0.00732316109336164 0.9954212308140933
1645332806479528.0 0.7920925633675187 0.09826322989255269 3.0979620405615442 0.014353848440025694 0.09301802748611297 0.006684493885111044 0.9955385131370125
1645332806512861.0 0.8125654507152006 0.08218146955001161 3.1292187215353775 0.013874796839783042 0.0931738999919242 0.00921079720197037 0.9955105602593344
1645332806546194.0 0.6351748474486492 0.08057088478289495 3.2225962578556224 0.014158155623875148 0.10855488577340107 0.008558636065378104 0.993952782154542
1645332807279528.0 0.8019934611242979 0.2792913955401544 4.026359154399856 0.03750041706302178 0.1205782917627963 0.004277953429917514 0.9919860348765586
1645332807612861.0 0.9328150797985509 0.2497446617951762 4.3792132104212635 0.03815133778573718 0.14827987618717617 0.004697500932777888 0.988198101206464
1645332807746194.0 0.9958851218022029 0.25039437685935856 4.4937063945215785 0.040540813765411805 0.1592789187005427 0.005785339500453183 0.9863839000732365
1645332808146194.0 1.1745034427144347 0.22128801360827238 4.876510094769286 0.04226456183369916 0.19523327638417728 0.008176895061772506 0.9798116211764655
1645332808279528.0 1.2384306073517126 0.20636257183079873 4.994864876431597 0.042678170819434036 0.21693048457141376 0.008964167190143271 0.9752124805936939
1645332808512861.0 1.491658795178196 0.1961401511579205 5.122339988512897 0.04236836895106597 0.2590653433264326 0.013132432609451029 0.9648407166021458
1645332808546194.0 1.4282644199048113 0.19678104097217322 5.205126999538524 0.04267585652998411 0.27673469873994616 0.01143577704183151 0.9599301541186176
1645332808612861.0 1.4714121817029089 0.19371177153587368 5.256489646119988 0.04347505311073498 0.29383000737922516 0.014626337505463554 0.9547564698768579
1645332808679528.0 1.5148823394197248 0.18774912340480251 5.303618005122081 0.04304586603654704 0.312063992281137 0.01377189378667953 0.9489854862326665
1645332809112861.0 1.90604356184917 0.17944213111178825 5.539357316048847 0.03955654605702043 0.4294676185067545 0.014053374512057019 0.9021060619367324
1645332809546194.0 2.242939301495189 0.15481582879541378 5.811029736423207 0.036185879480355246 0.5043078123747671 0.016002907692120382 0.8626170178297015
1645332810246194.0 3.009848007005709 0.16017188381774128 6.03257274053284 0.03865744322427531 0.6065354100162214 0.016281751030040197 0.7939491816629147
1645332810479528.0 3.287269346619238 0.15260889307886738 6.1050782286624505 0.036923457827064625 0.6306211079943954 0.015817812036382946 0.7750506262408899
1645332811279528.0 4.307250959006205 0.14138251497935592 6.252077491383578 0.03448613406568032 0.6861144723236502 0.019258286850509367 0.7264205089428758
1645332811546194.0 4.626336282774565 0.12692235893020984 6.281489565979356 0.03307425995492152 0.6959986142678632 0.020486069245400515 0.7169883843079475
1645332811879528.0 5.031209810279301 0.12678417618217946 6.304558146236434 0.03488421133623191 0.713687863938633 0.018806674227569146 0.6993418575136614
1645332812246194.0 5.495335653280356 0.13670346846003797 6.326980120360755 0.036690994925088975 0.7184383522189949 0.017915512403055195 0.6943912005257544
1645332812379528.0 5.671346241815033 0.126894415312289 6.333895599316855 0.03603581079655754 0.7188497976535213 0.0173489864928748 0.6940139778285422
1645332812812861.0 6.24430739509135 0.12789475302062572 6.336996946421945 0.03731488895753059 0.7329318764420754 0.019467334230435927 0.6789988854594284
1645332812912861.0 6.371660840426158 0.1266479413394477 6.343803367695967 0.037679069969778725 0.7360581210021482 0.01802760808931047 0.6756284004832669
1645332813112861.0 6.636491430164475 0.12612476641479362 6.367716783514648 0.03852329439326033 0.7335599754806182 0.01845996932631166 0.678280876698169
1645332813379528.0 6.984894412997673 0.12187672064528479 6.416129036790514 0.038833956162547915 0.7220849981119567 0.01996930459024279 0.690424801281503
1645332813679528.0 7.385437192447371 0.12053088702263494 6.450881403917922 0.038423866857052846 0.726491670077997 0.02031310565819 0.6857994149177684
1645332814146194.0 8.008094669441336 0.10190223510886462 6.51351465062766 0.03966398163975244 0.7361542570287625 0.019802585751414713 0.6753603008886959
1645332814246194.0 8.136951601070534 0.10362125842664278 6.53541251847706 0.04061743391296347 0.7332274376370266 0.018182494899936116 0.6785257147947895
1645332814379528.0 8.318712796269985 0.10615469031901319 6.558780669549342 0.042016545582860804 0.7294169330722726 0.01756090567390208 0.682551948379488
1645332814746194.0 8.811941236084104 0.08217605662089471 6.613296661896208 0.039835082044824804 0.7309634860062898 0.01947930283522516 0.6809743791987097
1645332815179528.0 9.426184454890297 0.0722319527286319 6.714809819347037 0.038926328897836766 0.7313731769551682 0.01882906997085305 0.6806052329163174
1645332815212861.0 9.478167234189383 0.07315881169062388 6.721778840263241 0.03834036589251553 0.7301937966932582 0.01941459594590624 0.6818871674098067
1645332815279528.0 9.571432248780704 0.08237680569437997 6.732147322362514 0.03958725893627676 0.7277407908945058 0.018780056798982585 0.6844512398007458
1645332815646194.0 10.059088784988102 0.0686251727027668 6.818213161930076 0.042070198049058996 0.7272377306800237 0.02081378762168154 0.6847789188901203
1645332816012861.0 10.567742143406898 0.04780592393442436 6.87418317417198 0.042395967566897265 0.7315274698744044 0.0208057609046111 0.6801744357636497
1645332816112861.0 10.704632674420566 0.04138869532119219 6.903882210400006 0.04119124765028041 0.733537289852164 0.021500600663535263 0.6780590311207888
1645332816146194.0 10.756447005986528 0.044259340911674015 6.904291171024197 0.042012582460325305 0.7339842525239121 0.020465005623026663 0.6775568193936046
1645332816179528.0 10.789166081921215 0.03589960756023768 6.9193937638391425 0.04187852346442628 0.7359653978418244 0.02060061139470476 0.6754085706164298
1645332816446194.0 11.16737340635656 0.03762397660813457 6.956521944200656 0.041791395898102796 0.7494058104414928 0.019750192704930634 0.6604955263993355
1645332816812861.0 11.688655309713454 0.004112313245180769 6.988980347852825 0.04056638217862132 0.7510321405399063 0.021463113653250033 0.6586686779142396
1645332817146194.0 12.180112494570515 0.00037125645966492975 7.068867390447603 0.03829197904677872 0.7415469090218804 0.019789912656416952 0.6695149478673553
1645332817612861.0 12.865341021739042 -0.017388223100728937 7.108858001595936 0.038278969259809156 0.7192748707970587 0.01825478510580304 0.6934299846221118
1645332817912861.0 13.293594979448828 -0.0324847276019559 7.1281172959581856 0.037806492250331496 0.7026173245838726 0.018049950784583487 0.7103335579958198
1645332818079528.0 13.529561427978566 -0.02591973596369531 7.143772075715126 0.03732145254440845 0.7028728905510719 0.016995543993845296 0.7101323541373888
1645332818479527.0 14.118512181368951 -0.04241052735273537 7.112085413978242 0.040144666959853116 0.7196671380338756 0.01920974222285437 0.6928914792033054
1645332819246194.0 15.232913951294636 -0.058241831150207445 7.0953297692359785 0.04069385792457998 0.7173077661691809 0.018780442379439426 0.6953135073509116
1645332819446194.0 15.525845541486015 -0.04912427033980237 7.110028504686084 0.04341389459634885 0.7120554238547175 0.018292873507056794 0.7005409894459499
1645332819912861.0 16.14776790169083 -0.06486055859996215 7.164495286551298 0.047304658858133404 0.6748155632192262 0.01950388806962929 0.7362104476558327
1645332820246194.0 16.750984054218144 -0.1204838382181918 7.125246476325521 0.04289219674815423 0.6846441748708748 0.027197677914981382 0.7271058379558849
1645332820746194.0 17.450209181681355 -0.10215825830753208 7.112239700009449 0.04395181696757145 0.7070852428570362 0.02427754475362434 0.7053433900872615
1645332821612861.0 18.612781735692515 -0.0626929741792705 7.242581615380886 0.042244798333202174 0.6936309997508363 0.01802475764480503 0.7188647447957706
1645332822012861.0 19.13974947747502 -0.06680388511047718 7.303721332923648 0.04395664276217615 0.6945369203412177 0.017951986882642414 0.7178885749243965
1645332822312861.0 19.561326279229103 -0.030487393160446942 7.2808208434255315 0.04534204738137411 0.6924790022550478 0.017453212209036707 0.7198001914133568
1645332822779527.0 20.142174370017095 -0.004478983025857349 7.388108147477047 0.05061747760681052 0.6852509551527033 0.01120492404434177 0.726459530256292
1645332823212861.0 20.698014833532834 0.04681888661878766 7.464113103033712 0.05660889948450968 0.6914406770265833 0.004755622555271675 0.720196227917284
1645332823312861.0 20.843012967313953 0.06994128638758002 7.498825826832314 0.057490713672020397 0.6944453613048153 0.005984556110315461 0.717220079955845
1645332823346194.0 20.880755577888177 0.07621636564270616 7.492599738714638 0.05944367645622371 0.6952052028041941 0.00467698915448264 0.71633393127493
1645332823646194.0 21.2420925009139 0.122846227180022 7.609207405076433 0.06243271385884715 0.720254086512558 -0.0027954778821710036 0.6908895659984959
1645332824179528.0 21.845519749090737 0.1671804069381086 7.585731326035303 0.07079176603641775 0.7737875366166528 -0.004733330529755399 0.6294592676418971
1645332824279527.0 21.935963620563534 0.1904994539142067 7.542281390232285 0.07579867438711474 0.782170522654823 -0.006179332851958375 0.6184057327487688
1645332824379528.0 22.087899830911482 0.22640068512387415 7.627132338110658 0.08036240748301007 0.7976313422532547 -0.008840820057046582 0.5977022379241397
1645332824512861.0 22.230496507678193 0.23061893486189264 7.575607312990471 0.08323281675185233 0.813123173408755 -0.008139596158644711 0.5760527320094948
1645332824712861.0 22.425373039017618 0.24587152829193482 7.498352973679631 0.08938275807234686 0.8403383045293886 -0.007729007950760009 0.5345863063492649
1645332825512861.0 23.170535565050635 0.3214844447431509 6.951379490999446 0.10389428560953567 0.9336514656601164 -0.0030832885943788343 0.3427702020594038
1645332825779527.0 23.325785453522478 0.32324617717973636 6.676111856610886 0.10415940637281981 0.9558798831474942 0.0023769175592006815 0.27466127743260665
1645332826312861.0 23.527482661349364 0.33814484241575804 6.0488832951559 0.10211498376088016 0.9782491602182077 0.012330550898484774 0.1801362488185718
1645332826512861.0 23.57760037272635 0.352514096663661 5.786406019854151 0.1017100635098661 0.9827540944537401 0.014066882632029303 0.15379068771627605
1645332826746194.0 23.600509344896572 0.376314143033505 5.4632176544162725 0.10228431059189307 0.986615059380419 0.01797132476615555 0.12572062637714912
1645332827112861.0 23.60989398668679 0.41169165335863234 4.999219413783443 0.10159633051800954 0.9917545116258037 0.020345738023873874 0.07541369397796897
1645332827179528.0 23.612995725037877 0.41836601960178815 4.9031932639808495 0.10173860778669797 0.9924572356572241 0.022506772033070218 0.06458588305424708
1645332827446194.0 23.590298018848696 0.4533405888721536 4.541397320537796 0.10050632392943859 0.9941092472328743 0.024087924500358522 0.03263518514646284
1645332827512861.0 23.589753817770497 0.4594057183991648 4.442934184812541 0.1003048628904299 0.9942159202652049 0.024231157471462164 0.029773971507627617
1645332827546194.0 23.590851342219334 0.4609922440333808 4.39476624560114 0.10106863691494934 0.9941808544947623 0.024089897541140687 0.028447074096916956
1645332827946194.0 23.611570192916723 0.4956671287728046 3.871265882165339 0.10104985215280275 0.994374512035623 0.025802938980586197 0.018505824320400512
1645332828079527.0 23.620477590500215 0.5037226999434748 3.6936446806307353 0.09908554565339844 0.9947397414336433 0.025969136853118472 -0.000710905198222464
1645332828179528.0 23.620157626461125 0.5142684930114558 3.543378481370427 0.09867154648334665 0.9945802727573246 0.02916337205274893 -0.014950073145754098
1645332828246194.0 23.622947621056348 0.5191587177647332 3.4578102656355876 0.09727390276621627 0.9945345341507912 0.028661319790432106 -0.02484707165780377
1645332828546194.0 23.61380286875945 0.554469875142502 3.0361498444371167 0.09769899040342632 0.9937595774369036 0.03237821886508949 -0.04299372593416704
1645332828912861.0 23.653489480595287 0.5749240088242322 2.563700432290196 0.09868932148180662 0.9948128727362335 0.024511634071679004 0.0026354997399476647
1645332829346194.0 23.64985269823191 0.6189441310157031 1.952990333947451 0.09913989271337145 0.9942772263847688 0.02853447997502578 -0.02774639107969319
1645332829746194.0 23.633760576519055 0.653006554138702 1.3921436339256463 0.09871927051585005 0.994260137503566 0.028433270811177223 -0.029880323143947153
1645332830046194.0 23.61073308200947 0.6807941316187002 0.9864250599364557 0.09778138693165997 0.9939847541980168 0.029414472706810794 -0.03959668656604374
1645332830279527.0 23.590690214620537 0.7137146607203955 0.6364773918841261 0.09665142201914269 0.9931209774322889 0.030629679145383188 -0.05857516163924452
1645332830679528.0 23.554761118528898 0.7583599913460927 0.0922792094358849 0.09634794644518413 0.9923718465185124 0.03175687293795791 -0.07004778707736997
1645332831079527.0 23.513715640864547 0.8100116973809154 -0.5013672482933705 0.09643331942325652 0.9917779249133507 0.030469234330639867 -0.07841420992960828
1645332831346194.0 23.494619660304956 0.8433217298493577 -0.928547101082995 0.09644050338898284 0.9915644987301679 0.03150203869994891 -0.08066409189854784
1645332831512861.0 23.483807252852024 0.8625778562939659 -1.1779688629437703 0.09706009297014652 0.9917573269014793 0.03276642574168394 -0.07696170628288869
1645332831979527.0 23.460034498390584 0.9206017459042696 -1.8971190301092948 0.09597123357462214 0.9919176577891989 0.03309256081922146 -0.07611678468367652
1645332832446194.0 23.46407416659286 0.9636935321550967 -2.584241952121997 0.09654062251354444 0.9921739967646379 0.031108000986742258 -0.0728214296988902
1645332833279527.0 23.52694061155846 1.0236873099578494 -3.803346384734276 0.09651953961750781 0.9933650425502071 0.03186785582522169 -0.05379879623516217
1645332834179528.0 23.59484076299931 1.0940939906644644 -5.172481722785015 0.09674222196213403 0.9930832619254648 0.03201462476504902 -0.05832359020551574
1645332834979527.0 23.623800092372054 1.1799255567183187 -6.4068199180069705 0.09694744853116294 0.9933949437614013 0.03394082220544872 -0.05114390013088759
1645332835479527.0 23.638024556539982 1.2347851255616258 -7.160047971438915 0.09748705928855415 0.9938515594830183 0.03397175824906872 -0.04001587967181782
1645332835812861.0 23.64635139869356 1.2746542320107936 -7.633698586918667 0.09788936363316841 0.9940844562617461 0.031080145950544563 -0.03532408291767214
1645332835946194.0 23.646134083113395 1.2968460193935758 -7.828753704891652 0.09771076642748946 0.9941362087186237 0.030692092550351043 -0.03469582242279564
1645332836679527.0 23.619139872980266 1.376142399110475 -8.934200795418807 0.10001245641250545 0.9943305330085869 0.02928686495102278 -0.021132421312684377
1645332836879527.0 23.607882656877475 1.4050468059694636 -9.244930709382716 0.10165109394874164 0.9942356919545685 0.028149330998194787 -0.01923692041358096
1645332837246194.0 23.582764615007598 1.4523391531673306 -9.810894472757532 0.0995514710835991 0.9942582951938532 0.02815623657818779 -0.027334472467142074
1645332837646194.0 23.55334900777823 1.4972609439687206 -10.410955129677472 0.0984119261120759 0.9936483668281497 0.029050652082724983 -0.0461960551587529
1645332837679527.0 23.54870331999214 1.4961674257710489 -10.46238453750671 0.09878597557045037 0.9935447283625486 0.029948457015166966 -0.04704565544229036
1645332837712861.0 23.55036568065712 1.5028198379510394 -10.515368261904836 0.09882100800710662 0.9934624506090284 0.03030629085953095 -0.04845922348429469
1645332837779527.0 23.545035562195153 1.5144669794642096 -10.623605901787261 0.09992485261363415 0.9933861825691913 0.028147745258856736 -0.04905731900130081
1645332838012861.0 23.535625508058406 1.5414485028590705 -10.994354194936397 0.0995121204155517 0.9932683244667264 0.026834300070880633 -0.052870538498946344
1645332838446194.0 23.528225316832145 1.5766989837326773 -11.639555526562141 0.09960918915196464 0.9935418921680617 0.02645018082469349 -0.047464785661971126
1645332838546194.0 23.528416784351496 1.5912283967758405 -11.781577849133647 0.1000159689419886 0.9937175939616683 0.024841443432069017 -0.043646902477031194
1645332838646194.0 23.537609055605543 1.589219089201613 -11.949862016394624 0.09911045267052158 0.9937855034430055 0.025813036125764837 -0.04360250547785269
1645332839012861.0 23.516776264794935 1.6291711538177482 -12.49520547553203 0.10080088593091226 0.9934707138764793 0.02572138962620894 -0.046835159666627775
1645332839346194.0 23.521116553697297 1.6681710707915554 -12.965570274112196 0.10132466206515112 0.9938319969483389 0.0250515366426355 -0.037465920660013856
1645332839646194.0 23.51613445055216 1.6894580321425767 -13.416622348666033 0.1010789456741238 0.9935971378020636 0.02831729904161864 -0.041784028862017
1645332840179527.0 23.50807149604168 1.7424267595083602 -14.185305719169612 0.1025895302642781 0.9940017397772918 0.027846469989110632 -0.02570026671101767
1645332840312861.0 23.519283032027065 1.7490475722513534 -14.375218981590514 0.10159810277012231 0.9942296187850965 0.025411663249116086 -0.023227957612901872
1645332841212861.0 23.52122057081796 1.8375434825217687 -15.627491799523582 0.10303694564735284 0.9941239231155616 0.023799534453391395 -0.023121320913630547
1645332841646194.0 23.595299276373318 1.818177086632363 -16.306084972753222 0.09928703367330767 0.9937577879951687 0.032387344507497536 -0.03922503867502899
1645332842179527.0 23.452893241770056 1.9078177892475545 -17.0049850140738 0.0959058416900641 0.9880797157804662 0.030439450104855124 -0.11650744469873031
1645332842879527.0 22.88903466074434 2.089046619649152 -17.78426521213816 0.0804050580451155 0.9349868207711376 0.04983088875642209 -0.3418355659535553
1645332842979527.0 22.785771564662337 2.110313213833368 -17.892200635283178 0.07760892003255337 0.9249187349719745 0.053012856973076214 -0.3683637145876007
1645332843012861.0 22.747993943912498 2.127809953316234 -17.915182623990127 0.07650381950762772 0.9220857422298288 0.051172353618808675 -0.3758808851249578
1645332843079527.0 22.67325714706305 2.151023143691803 -17.980739018800158 0.07523577060562088 0.9155262455118186 0.054532410047572026 -0.3913789581145303
1645332843112861.0 22.635044928214047 2.1645361795629263 -18.0125570034028 0.07374921032700338 0.9123665026343514 0.05551791176261559 -0.39883101724969183
1645332843346194.0 22.34986344095072 2.221224593721694 -18.195376154559998 0.0685821496949274 0.891954988056214 0.057309369284534506 -0.4432024641369571
1645332843479527.0 22.17878936440327 2.2618144614401015 -18.28698193426771 0.06452512221636438 0.880037657462257 0.05785533193670135 -0.46692932079470056
1645332843812861.0 21.73185283950409 2.3557478203950293 -18.488701406870593 0.06371219456543431 0.8587119411031818 0.06322908179514784 -0.5045360657929265
1645332843879527.0 21.640686055364295 2.3762821473921805 -18.517776383659637 0.06366176820092208 0.8550743716459672 0.0648705131526562 -0.510477046248994
1645332844212861.0 21.181263654689317 2.4730497491719814 -18.648240785391522 0.06402772720281424 0.8384704796785775 0.06416708551310696 -0.5373549013394889
1645332844746194.0 20.42141609915129 2.629923807088125 -18.7939131973181 0.0576445266645031 0.8016672973559791 0.06987858091503883 -0.5908668520274987
1645332845046194.0 19.958970426326385 2.722676144935395 -18.841440640345187 0.056024866638398965 0.7760081106493812 0.07355889415505144 -0.6239084192533494
1645332845279527.0 19.60400573068948 2.790394502301232 -18.86136372133364 0.0539027189915429 0.7565618171003119 0.07672889298105053 -0.6471641142500839
1645332845479527.0 19.304144760621398 2.8526569017783947 -18.86706993152619 0.053998137027258176 0.7476782952324224 0.07748672991188199 -0.6573105618529851
1645332845579527.0 19.152980391026375 2.880928085445021 -18.87189655907976 0.05355578976437035 0.7432701606171843 0.07750889950119765 -0.6623244040626414
1645332846046194.0 18.4688544638225 3.02381521769252 -18.85844501763981 0.04763192176312212 0.7083034000665194 0.0770060266767282 -0.7000768281687539
1645332846779527.0 17.42138211302174 3.214889399649093 -18.7554855082057 -0.03965088742401982 -0.6531602419113793 -0.08222097756163621 0.7516975564424598
1645332847279527.0 16.70631691819936 3.351901213047826 -18.68331134921995 -0.04126530141308862 -0.6823167048000354 -0.07766788658474659 0.7257470555528056
1645332847646194.0 16.14402331363132 3.4572701670869637 -18.6338061311269 -0.039167752265268065 -0.6826337159602321 -0.07728586910308341 0.7256059477800556
1645332848246194.0 15.265321811644846 3.6226262910390608 -18.55528140658356 -0.03838208006694894 -0.6813526098050551 -0.07910454964916301 0.7266552877853278
1645332849112861.0 13.994486783719253 3.8384470017764647 -18.442588687465687 0.04233151089010854 0.7179986006833529 0.07644939977247803 -0.6905371401140823
1645332850279527.0 12.276062157702498 4.154045505748427 -18.425957039409944 0.04434801166189351 0.7351893685982361 0.08026145290240866 -0.6716308102966673
1645332850712861.0 11.637480595962835 4.283205447895904 -18.4570714858932 0.04082058203531214 0.7348135154366051 0.07618032072918766 -0.6727401700118663
1645332851179527.0 10.911480041363129 4.40661550583284 -18.489957578983812 0.04345472933769019 0.7256940362450827 0.07801746425312431 -0.6821972790388577
1645332852079527.0 9.530559294958636 4.677169628551001 -18.590111823383918 0.05261952641521388 0.733577222010539 0.07663265207458711 -0.6732184500020436
1645332852212861.0 9.334284216194876 4.714681537014209 -18.604493700586477 0.05144437786377549 0.738137594169651 0.07565291059344782 -0.6684182860891739
1645332852446194.0 8.998227902231793 4.774374984578199 -18.644391332033482 0.05200221145742175 0.7504491290094015 0.07392743969305765 -0.6547187246696077
1645332853279527.0 7.747182915677543 5.028894206911377 -18.824137115041054 0.057225644576838 0.7840308818996959 0.0712227631582237 -0.6139610084023722
1645332853446194.0 7.5039832174843575 5.063461415631248 -18.883432901002102 0.059581867623912946 0.797399969024683 0.07205677843688162 -0.5961636613642088
1645332853779527.0 7.013069320900846 5.17368086838574 -19.02278981393236 0.061206204233542234 0.8151145670624328 0.06937824170424198 -0.5718642345032363
1645332854146194.0 6.481560862639115 5.290629322628124 -19.179343941150876 0.06446176851029492 0.8315576199297872 0.06728546428837327 -0.5475666821791942
1645332854612860.0 5.792800926632712 5.4335862618606745 -19.448117712137133 0.06906901737831055 0.8614247651938909 0.06506646519234931 -0.49894208066309387
1645332854779527.0 5.537578443945206 5.489661538555247 -19.570849978789138 0.07093280189616485 0.8704474149364808 0.060520029311833076 -0.483349936896295
1645332855012861.0 5.218711856586261 5.548211205678972 -19.7322580389466 0.07307530553860997 0.8836646545984481 0.05919933109455878 -0.45857629368710406
1645332855146194.0 5.023958668971573 5.577379246379331 -19.852837187341223 0.07361750088071382 0.8886661265230874 0.05989034361097051 -0.4486269339626078
1645332855346194.0 4.7639632108899 5.658284809938966 -19.990134422950128 0.07441000799674152 0.8959651455462256 0.059637898309864774 -0.4337659850212301
1645332855446194.0 4.631109506443444 5.672429148391842 -20.09016560264193 0.07539080902101501 0.900881385525672 0.058107590533565324 -0.4235002515357999
1645332855479527.0 4.596465837441071 5.683084952095404 -20.14004612424463 0.07539838489582626 0.9023864275595488 0.058081839231112924 -0.4202859965106464
1645332855546194.0 4.511321397965629 5.714767516825023 -20.193356260738913 0.07661343042348018 0.9077783452423245 0.0555191313830006 -0.4086397976682286
1645332855746194.0 4.272517380392405 5.75564507213212 -20.34655577809108 0.0774296102543181 0.9233046849588485 0.05393053809650564 -0.3722964024128186
1645332855812860.0 4.201934689274107 5.769510100957621 -20.398304216767762 0.0778809450272504 0.9282584657680346 0.052938589973054374 -0.35981701575009156
1645332855879527.0 4.133669862877027 5.789789021082703 -20.46597627294217 0.07823724706066523 0.9319382496243637 0.052432579072681285 -0.3501726098815163
1645332855912861.0 4.095486805542984 5.774925851554941 -20.49428273324877 0.07951743044206216 0.9338574735277902 0.05212940246846218 -0.3447748871226925
1645332855946194.0 4.051065973405138 5.801732796306856 -20.51718696349724 0.08060265599560276 0.9359463951781256 0.05277085706775683 -0.33870753437716833
1645332856146194.0 3.893630952009308 5.8714793711734075 -20.664293191215133 0.07803277409181897 0.9460757896702823 0.049987829494987826 -0.3104073183249177
1645332856546194.0 3.519261940721289 5.943162897916147 -21.067325828157568 0.0899393521583291 0.9638593354654791 0.04698297713772251 -0.2463304573711123
1645332856579527.0 3.512801587064842 5.93094884827372 -21.04828529847588 0.08893289271338206 0.9644753455871038 0.04885393525716823 -0.24390887921138732
1645332856612860.0 3.4946979059198138 5.935870930607012 -21.053089017040925 0.08888417382738993 0.9656536006704737 0.04878393963560418 -0.23923389055232422
1645332856712861.0 3.4372477750550816 5.949534028500348 -21.152591058445992 0.09139589306347433 0.9707200726298464 0.04586926961503401 -0.21735993519878294
1645332856779527.0 3.413437366662945 5.961933573916185 -21.177709283910193 0.09209914172498246 0.9737228573667079 0.046986753310389165 -0.2029132576952132
1645332857312860.0 3.0553609117263947 6.0978075639695755 -21.902934416228717 0.09332761198864133 0.9853875455726768 0.03448639321128376 -0.13824626777613236
1645332858146194.0 2.7089382370217723 6.257683343159139 -23.088072407374177 0.09578440645207281 0.9914576344814082 0.030797866669251467 -0.08299757778259217
1645332859079527.0 2.6036197823350338 6.366733613708306 -24.474667378362984 0.09857866139307105 0.9932201908254615 0.0311362794086384 -0.053164199976780256
1645332859179527.0 2.6048968986594696 6.380397011899724 -24.6656642251395 0.09541203789527962 0.9930586435165231 0.03099802764330724 -0.06140192052385451
1645332859779527.0 2.5240509763653374 6.447351363532675 -25.527242873684376 0.09763524376787798 0.9930076979037966 0.028368638916290146 -0.05998576001207576
1645332860146194.0 2.5093843994903366 6.495803215625201 -26.12876661215844 0.09791583964779732 0.9933269203114937 0.030240212092730662 -0.05291169344423887
1645332860646194.0 2.46866279919463 6.539017065494627 -26.931187167015693 0.10123270140480307 0.9932615016516458 0.02634589645291748 -0.04989412032590187
1645332861079527.0 2.4546549023283704 6.581911728755445 -27.61064545847599 0.09803420208940065 0.9928938424812568 0.02622752925563475 -0.06215488309573529
1645332861446194.0 2.4330323456691327 6.615678563048108 -28.156970961226715 0.09980250241752733 0.99258016163576 0.02803743187142083 -0.06354514656827509
1645332861746194.0 2.437426102775632 6.655441889620728 -28.633418224307626 0.099383596135865 0.9923845543696113 0.029489163184845617 -0.06652958982579651
1645332862346194.0 2.428143671319046 6.706599173993443 -29.562491241520085 0.10012493351135392 0.99188625368746 0.03157425997523767 -0.07169186524438292
1645332862446194.0 2.427499964198103 6.712771161975033 -29.718254985260064 0.10048588356818709 0.9918434321528082 0.02837240779781355 -0.07310403391477749
1645332862479527.0 2.425605849794169 6.701902898346796 -29.792525751870055 0.09973462285621026 0.9918719113070821 0.02903000836303014 -0.07348724500352334
1645332862512861.0 2.4286489445636903 6.703692262332847 -29.827980198320027 0.09893435101392908 0.991770058046823 0.03151624837686796 -0.0749057557167766
1645332863346194.0 2.377487782837276 6.790156665877953 -31.109198586566134 0.10254614408471557 0.9918288320659298 0.030039399203482333 -0.06969570081134423
1645332864112860.0 2.300441710942428 6.877526318520127 -32.30066659083392 0.10194543133701785 0.9926809848811907 0.029925758003780955 -0.05741115129238891
1645332864179527.0 2.3101700426172633 6.879942452479556 -32.416108380332986 0.09966371741287015 0.9928530199227794 0.031166753422006848 -0.05778111925877083
1645332864212860.0 2.305223300658094 6.89965593136147 -32.464208974517724 0.10004433725592532 0.992864013211541 0.02986232020490405 -0.05762311762196837
1645332864312860.0 2.306310558208135 6.909923661912246 -32.630026705353664 0.09882663343436417 0.9930460373058353 0.029508690495077886 -0.05676355785601497
1645332864946194.0 2.258648286599166 6.984308091435777 -33.63409301571195 0.10433203991160798 0.9934200096461975 0.024593962569112615 -0.04033171069494402
1645332865046194.0 2.2547916253005513 6.981900283286285 -33.79227357627969 0.10338057106039368 0.9936555988512198 0.024926854050112413 -0.036601370821525495
1645332865446194.0 2.2596854812333844 7.023448526805664 -34.42921933887483 0.10196950680906455 0.9939086273632113 0.025097465747923053 -0.033436168248248604
1645332865546194.0 2.2587028234040196 7.030293652337887 -34.586900030644514 0.10155913666984584 0.9940135098188324 0.02433202901607671 -0.03210664137654784
1645332865612860.0 2.2654800323410074 7.036151288289438 -34.69217077159748 0.1017616374374172 0.9939727267601898 0.024498112888884576 -0.03259800711473199
1645332865746194.0 2.2699957878525225 7.048818297293225 -34.897469415301934 0.10351399927195175 0.9938614967344426 0.025244700825095685 -0.029780569903065365
1645332866012861.0 2.2898379925890215 7.082949297108539 -35.30370983308667 0.10269029293019498 0.9940665979711345 0.0256640801764883 -0.025053094114306684
1645332866446194.0 2.2673909488897923 7.1157816812771495 -35.993544653330204 0.10332748890594015 0.9938146855910855 0.02270544831261448 -0.033767785784797624
1645332866712860.0 2.283232563726154 7.137867612301545 -36.405815316809786 0.10366371489806112 0.9935483900882569 0.02479144118544842 -0.03874035635503033
1645332866846194.0 2.293911682527897 7.160831830242257 -36.63378254198566 0.10147654053277087 0.9935750868064548 0.026216815690675715 -0.04270523590952208
1645332867146194.0 2.289547396029796 7.185761732463051 -37.122045482570336 0.09925887876359567 0.9931076698567338 0.027537640847187607 -0.05591519824603557
1645332867412860.0 2.2865156516463365 7.216018744490156 -37.55246722284509 0.0984804157491834 0.9930906766154852 0.03284056724473937 -0.05471757374289794
1645332867512860.0 2.3020798286889366 7.222156715621701 -37.711494581815835 0.09766185007844412 0.9937041345416103 0.026080081841353804 -0.04831237279738054
1645332867612860.0 2.310177228208064 7.241879191570764 -37.8824100889733 0.09895154932432244 0.9938868586850808 0.027103234751991695 -0.040778887741047515
1645332868279527.0 2.301880578243299 7.305417886741211 -38.9498829847831 0.10141547817616575 0.9935581423908196 0.027269858481331226 -0.04258489513444541
1645332868312860.0 2.3024762197942206 7.305031966933046 -39.00269741675802 0.10065467017468263 0.9935866953234072 0.029105951911723625 -0.04250834990503595
1645332868446194.0 2.3025338081625906 7.317786072091738 -39.208560277740446 0.1001151403171533 0.9936467160555333 0.029473772234621973 -0.04212432909367956
1645332868579527.0 2.312969010879207 7.333003981287901 -39.43962331445834 0.09885184117662568 0.9934549388829733 0.02866408168547123 -0.049537544611613867
1645332869212860.0 2.2353462158080486 7.4099642142822795 -40.39206896288676 0.09792244404033439 0.9921186856792769 0.02780860135054645 -0.07306428792589505
1645332869379527.0 2.2156426948306778 7.420892209418097 -40.65188562472688 0.0999518062329081 0.9915804635880738 0.029092833214108275 -0.07701576278149651
1645332869612860.0 2.1865117503678158 7.454192749585512 -40.98870594616109 0.09938519027903558 0.9915486830175148 0.029452199185608485 -0.0780151339328678
1645332870112860.0 2.161221107323194 7.495676892025722 -41.790815365159965 0.1006370408962084 0.9921404201058482 0.028130398333722613 -0.06883497280766629
1645332870179527.0 2.169106730360101 7.498261552867429 -41.91956020677788 0.10106123296902642 0.9922353995896708 0.028573829038474403 -0.06662638580912757
1645332870212860.0 2.164394246474624 7.505901597465464 -41.97871858715856 0.10181686448773028 0.9923502948536782 0.02725991552226733 -0.06427375370572302
1645332870579527.0 2.125152475651982 7.549258421288838 -42.571613705722044 0.1028933607917704 0.9921672337447996 0.028432695242814828 -0.06487463625636612
1645332870612860.0 2.0992410767121896 7.5452318574808785 -42.694519516154045 0.10297451717666115 0.9921117156237335 0.029637227943735904 -0.06505557050842573
1645332871279527.0 2.022949922698555 7.623899191430798 -43.77961016878312 0.10342640158603396 0.9921432377400141 0.03148561171665569 -0.06295579017496535
1645332871346194.0 2.0135683650901384 7.628719156340336 -43.8901769165027 0.10367953774422471 0.9922529841092952 0.030793841260895304 -0.06112534924024168
1645332871379527.0 2.0153202213729418 7.6313884390483695 -43.9467998625841 0.10352820200282437 0.9922933238167903 0.030554150845098566 -0.06084664957763898
1645332871412860.0 2.0124137101961805 7.640332633365324 -44.004276141469916 0.10350704761311932 0.9924060038018826 0.02948217436636864 -0.05956018894382666
1645332871446194.0 2.011945236699876 7.653180503294686 -44.062833777708576 0.10327380561541155 0.9924708526164109 0.027869592615086095 -0.059660821214880005
1645332871479527.0 2.0039683381981495 7.637976903957263 -44.1115326503798 0.1034450930588071 0.9925110387503654 0.02876284852748722 -0.05825503605105815
1645332871579527.0 1.9917674250379238 7.660623760889996 -44.282242719424765 0.10592739466545845 0.9925897932013686 0.028646310228300484 -0.05219462043310822
1645332871612860.0 1.9926083435017135 7.671922796813412 -44.33808548975934 0.10589090974666435 0.9927297979538656 0.026032836584671946 -0.0509603267930738
1645332871712860.0 1.9858360569699451 7.679907927604445 -44.499931855230045 0.10489041070004243 0.9931009414560816 0.025423639050736583 -0.045849322782770846
1645332871746194.0 1.9872639179890004 7.696715577517131 -44.56487505291862 0.10624718975931585 0.9930851428142058 0.023252275810513975 -0.044190105901300396
1645332872246194.0 1.93620031772352 7.756092237487903 -45.41500254647528 0.10257328750246454 0.9926945475465808 0.027823955692604478 -0.05711465181406585
1645332872279527.0 1.9248507015016947 7.756700417820698 -45.47330419491581 0.10333583180679429 0.9925301573050092 0.02946623727149927 -0.05776965956236398
1645332873279527.0 1.8754743780933738 7.853875068201833 -47.0755931391415 0.108469770774885 0.9938481594147284 0.021552894554931715 -0.00596804761244327
1645332873312860.0 1.8667090356388694 7.852927885091245 -47.126036792511954 0.10808691110461924 0.9938673308393534 0.022379023677869685 -0.006642863640527415
1645332873446194.0 1.8610265743726646 7.862542378109449 -47.3315254859875 0.10794896920279069 0.9938425224525246 0.02393076244153719 -0.007167930121368558
1645332873812860.0 1.8588433358847878 7.9106568039214915 -47.927900774689405 0.10949915365699303 0.9937307786636426 0.022373355505661347 -0.002916821621202519
1645332873946194.0 1.8578534149678065 7.922425810591784 -48.154399571304374 0.10994029911852195 0.9936787361280841 0.022599415593445284 0.0022285446951188646
1645332874112860.0 1.8715955077258573 7.930473919058043 -48.41103742324164 0.10964194795790826 0.9937377003242174 0.01993258554520151 0.008168123151301686
1645332874146194.0 1.877305501096512 7.934166591290031 -48.46063226016056 0.10790325975395468 0.9939460555140363 0.019097110432007857 0.007964021327611072
1645332874246194.0 1.884417428117566 7.937381469901043 -48.61713936828547 0.10919813114349884 0.9937639197175259 0.02129833360657028 0.007444528729838785
1645332874312860.0 1.8920161937976088 7.947948998051195 -48.71784641896191 0.10982596359304247 0.9937246993867982 0.020259821276806315 0.006246534343861162
1645332874579527.0 1.9002029156386269 7.9645580637697275 -49.13887717868155 0.1086200752714086 0.9938229562442342 0.022747783504494985 0.00038631028577709665
1645332874779527.0 1.9041274871587202 7.977742583712542 -49.43655086100209 0.10887915910714994 0.9937924388914515 0.022284169772236743 -0.005033179100991094
1645332874912860.0 1.9271415370342455 7.9882400213791165 -49.629898527901005 0.10913189110465817 0.9937097148026448 0.02505493575017254 -0.0018663454455880484
1645332874979527.0 1.9403394548168675 7.98955612770747 -49.72278443015621 0.10876456401672231 0.9938338649588583 0.021162100037091708 0.00408460490261496
1645332875079527.0 1.9692734967067342 7.994028313607294 -49.869948154484966 0.10834915853634342 0.9937918708993148 0.021357760232355805 0.01349159948869505
1645332875146194.0 1.9836245027217663 7.9982719323464995 -49.9710776016943 0.10808246534113648 0.9936238211326224 0.022940904881459695 0.02244098141366298
1645332875179527.0 1.9900301116357006 8.001560008200462 -50.01559528591019 0.10851231549538401 0.993485337766273 0.02193129132721567 0.02703663237138551
1645332875212860.0 2.0011252332272993 8.004246436672208 -50.068211812469954 0.10929547579670289 0.9932911023953211 0.020709420251737838 0.03159754397887559
1645332875279527.0 2.020269528187496 8.007255529159533 -50.16908820835239 0.10825709238005593 0.9930100776216296 0.021873634681052703 0.041628497416326106
1645332875479527.0 2.0753160460132642 8.015877254690212 -50.46597845111488 0.10971253762595747 0.9908335089580068 0.021518967920081886 0.075822494243403
1645332875546194.0 2.099420723264664 8.024094143536981 -50.55157422509986 0.11170733373008444 0.9895498224699633 0.02076197928544908 0.08877815416379294
1645332875579527.0 2.1109755469795632 8.027447246344883 -50.58373557207431 0.11103919733186624 0.989087207316517 0.021144437071882054 0.09449712037740318
1645332875612860.0 2.1225157123832328 8.028709649532884 -50.628938143278866 0.11056445349372866 0.9885207746082384 0.021890184203074783 0.10061311856371968
1645332875712860.0 2.1670282443781996 8.035724362390889 -50.761381658333455 0.11152144796925563 0.9865518305029497 0.02024098820384034 0.11776567738798885
1645332875779527.0 2.1823418431741968 8.01424112045674 -50.848360719184846 0.10925227209730833 0.9854106283708746 0.01779775982392618 0.12927905584642735
1645332875912860.0 2.269190306685624 8.023557039899247 -51.02305973097393 0.10996325186772091 0.9824629277582608 0.011125553444716262 0.15016957374878398
1645332876312860.0 2.5365695063031937 8.008708872548196 -51.55226637954619 0.1144387844629213 0.9636004146358823 -0.0038470462514810714 0.2415847796516652
1645332876579527.0 2.791917786634805 7.981588207611715 -51.866604745316884 0.1130837482851865 0.9467905880396377 -0.008870428362057432 0.30119920945115947
1645332876712860.0 2.9209051988067816 7.966533245446634 -52.00147552727241 0.11124150295679743 0.936092055733292 -0.013852031123478893 0.3334143254971002
1645332877046194.0 3.29730998129437 7.9178338125181 -52.329955712377235 0.11208398823022028 0.9059151973399571 -0.01871040858662948 0.40792738988873456
1645332877179527.0 3.4752821009358112 7.884766825963993 -52.446143844135655 0.11390258813658806 0.8952836811038642 -0.019934114705768727 0.43022780225805773
1645332877246194.0 3.5624585411244203 7.8717766822250805 -52.496327703469774 0.11212383438615293 0.8910340855034629 -0.021476413791176138 0.4393464098911294
1645332877446194.0 3.8532472544019 7.826090030388135 -52.6461366155413 0.11240622030588934 0.8763042317481795 -0.024098207484159233 0.46784079712315313
1645332877546194.0 3.9856458239653865 7.80690131169823 -52.70420512236283 0.11203061349420812 0.8693434551259467 -0.026969012423448464 0.4805869026915906
1645332877946194.0 4.580687994173951 7.690626199823907 -52.96719599679366 0.11358369484862539 0.8388685157210249 -0.03213164948279975 0.5313811388241526
1645332878312860.0 5.1605909871386935 7.581178807098654 -53.13329430916218 0.11050997028335698 0.8062624113803648 -0.03863858621907469 0.5798581982847892
1645332878712860.0 5.790775079078133 7.458294063645429 -53.25649068673121 0.1099099401116331 0.7633039042093793 -0.04585282597331356 0.6349680883584913
1645332878812860.0 5.952042099659224 7.431023583064939 -53.28079256084334 0.1111277603681188 0.7543761446922863 -0.04683509226809663 0.6452702746345964
1645332878912860.0 6.11141623559587 7.394520889102722 -53.303404519575984 0.1095332487040641 0.7467476477216756 -0.04665065501083502 0.6543654441040861
1645332879212860.0 6.574894056355601 7.312284251540555 -53.32430011679264 0.10743563431259413 0.7266178197239783 -0.0521909169488528 0.6765798080991338
1645332879912860.0 7.744529582025828 7.053327794712285 -53.382834241703684 0.10569839875056547 0.7164951679260866 -0.05233439962247526 0.687549004403534
1645332880046194.0 7.962844335604467 7.008514809822178 -53.38747351900753 0.10531994244319683 0.7187228951205837 -0.05204346396660496 0.6853003630610485
1645332880679527.0 9.007009921688493 6.791267275660893 -53.3891311322645 0.10720790105338607 0.719730810699272 -0.05274614772969469 0.6838946336838543
1645332880812860.0 9.225117499300746 6.7389051221187275 -53.37790087627323 0.10686425649827773 0.7164233152328632 -0.05385271511739496 0.6873263774571062
1645332881279527.0 10.006657941752641 6.563517647903829 -53.35419041615802 0.1075806452020925 0.7069968215877174 -0.05545778930111702 0.6967828446859177
1645332881512860.0 10.393493003338595 6.481667699131927 -53.33909770608726 0.10783033684033762 0.7089141434905712 -0.05538382911545889 0.6947992422912093
1645332882212860.0 11.598890905352324 6.210035868947736 -53.2654941240238 0.1049865002086306 0.6932482636413352 -0.054040646121885506 0.7109601172350992
1645332882279527.0 11.7021154594571 6.184463689995641 -53.247518839164854 0.10853570674587686 0.690460836076477 -0.05691623109364341 0.7129126011257203
1645332882946194.0 12.851233608461932 5.92187188719907 -53.17765108987761 0.10462896619395315 0.6965790705646833 -0.05309025320709738 0.7078218722947413
1645332883146194.0 13.171671580676572 5.86501657767592 -53.15043574582308 0.10858162215572642 0.6911449485306456 -0.0577025852097811 0.7121791229113013
1645332883479527.0 13.757663849658192 5.724226740666721 -53.099995111643096 0.10522682338691661 0.6896441206976965 -0.05890742536094421 0.7140365660555097
1645332883979527.0 14.618149682600945 5.5270254673327734 -53.04718587196645 0.10460123873036241 0.6882920543043272 -0.05706974204271317 0.7155806546999305
1645332884346194.0 15.249883940920569 5.384926275139744 -53.013832728232074 0.10678417288355878 0.6833808785619521 -0.058652588407800986 0.7198246933181256
1645332884512860.0 15.540913948371312 5.320060679472886 -52.99321328396988 0.1093704179011967 0.6830253006992687 -0.0595301178178654 0.719701823928064
1645332884979527.0 16.315681858578397 5.154004448496694 -52.96646593095703 0.10954318225237292 0.6955769100478512 -0.05835144816655922 0.7076497452321823
1645332885079527.0 16.483301942478285 5.114468050154504 -52.97334553514582 0.10837803220564314 0.6947607252218926 -0.055191890123163355 0.7088833416642085
1645332885346194.0 16.91592097111195 5.020231292607039 -52.98503177661854 0.10802479624148074 0.6881527716844951 -0.05507318744429181 0.71536239085142
1645332885646194.0 17.372099015237584 4.911984550795336 -52.96855778065294 0.10800703610598518 0.6868623826437338 -0.05523870958788386 0.7165913985135735
1645332885812860.0 17.644940276127397 4.869394510417347 -52.96523934169222 0.10910714445674043 0.6922525559740127 -0.056738198733136985 0.7110997163411482
1645332886412860.0 18.63676137201517 4.664661270717965 -52.98813053744489 0.10969081681527808 0.7092443337239909 -0.05408824915081162 0.6942729010199152
1645332886512860.0 18.793500765613825 4.631219770149414 -52.973873802501934 0.11044041255049693 0.7126988441236035 -0.05436886950760883 0.6905847514165224
1645332887612860.0 20.498293953822433 4.297515920851917 -53.14872836392921 0.11539595350997311 0.7459453751881043 -0.052556148531248036 0.6538249937105219
1645332887746194.0 20.69858467282379 4.266394250075154 -53.21831020719599 0.11791721021333902 0.7604389617585247 -0.0504640620454689 0.6366172283381838
1645332888112860.0 21.23491788084924 4.214200481274436 -53.35594853608629 0.12592505991772399 0.793200918839099 -0.04864712464887368 0.5938085877628612
1645332888246194.0 21.4294032420816 4.1683535856762415 -53.41666420236483 0.12816827210831586 0.8088780042807752 -0.0463094836031174 0.5719656457724814
1645332888312860.0 21.53271132704776 4.162649564870526 -53.44108890411169 0.12840589475948472 0.8180993341213336 -0.04492142890381605 0.5587552871575232
1645332888346194.0 21.5725152021633 4.169717462655175 -53.47154626217588 0.13004169343236974 0.8217939612745928 -0.04654145074718568 0.5527908614875989
1645332888912860.0 22.348687221013705 4.074899500782305 -53.83213453942044 0.13870296643815327 0.8832387575338095 -0.03399125359989616 0.4466490557138751
1645332889179527.0 22.667754235525784 4.0174162285463835 -54.068710540481476 0.14091706853824143 0.9077603153773356 -0.029712209672625924 0.393993368239871
1645332889712860.0 23.126917537063438 3.935699601984457 -54.65206232028565 0.14514174945881764 0.941115228227743 -0.01739168119388289 0.3048500109678976
1645332889779527.0 23.177537057340608 3.9354903092983724 -54.72914451067257 0.14567754053196996 0.9447199424767202 -0.016775271861119816 0.29325905736281027
1645332889946193.0 23.299516882516134 3.9123556434601063 -54.93636741172133 0.14609943868626077 0.9541381190715865 -0.012872152623452784 0.26097837350426756
1645332890012860.0 23.34146593876909 3.907545614578914 -55.020469314241325 0.14546565708068918 0.9581744818654989 -0.011388042257118296 0.2461944707043928
1645332890479527.0 23.59298557374911 3.8742195875392937 -55.673653317526124 0.14323313034267507 0.9770954591103296 -0.0013855256857603466 0.15737475806744455
1645332890979527.0 23.71549673872066 3.8884055497614214 -56.42264571366796 0.14192087520967328 0.987429701147451 0.010931918195595998 0.0687134894772537
1645332892079527.0 23.799198399183645 3.9627929392924175 -58.01461772576561 0.14213785189596134 0.9891967710136228 0.02563164547874078 -0.02509179197817523
1645332892512860.0 23.783382343907675 3.998687862626471 -58.635113661328816 0.13863565088979105 0.9878942548423856 0.029232190643660717 -0.06317101061360543
1645332892946193.0 23.7389326529713 4.060393637829086 -59.26700638576792 0.1370533882543753 0.9860287231757037 0.0326622791898109 -0.08886451124388112
1645332893579527.0 23.679061174955375 4.1165722300220775 -60.17202100357543 0.13995017588865424 0.988016431965292 0.02888275394642187 -0.05833750902960177
1645332893646194.0 23.676081051073474 4.122538420740554 -60.28008012207119 0.13904760402278504 0.9884138471266919 0.02890463433836493 -0.05355700456056794
1645332893746193.0 23.664925208798948 4.131339176379238 -60.436471902106135 0.13960039259063148 0.9885661055622126 0.02910689574424245 -0.049005856203475896
1645332893779527.0 23.66518448146747 4.14075743618564 -60.49337295728707 0.13954389534975548 0.9886184457235038 0.028692650992521607 -0.04835082031239322
1645332893812860.0 23.6652908195193 4.148723640609077 -60.54734939964696 0.13982619581370528 0.9885565061576771 0.028580011947604567 -0.04886565270891858
1645332894112860.0 23.62826321223768 4.177447412056671 -61.01234436547178 0.14073268369168468 0.9883898063857 0.02949065167417351 -0.04909382687881571
1645332894179527.0 23.614898748496746 4.188950350172887 -61.110702145332574 0.14089135277150136 0.9882955984033338 0.029666761790472482 -0.05041150796871621
1645332894246193.0 23.613920468827626 4.191917745883705 -61.21591643878669 0.1408196476224639 0.9881783581986646 0.03043514812618447 -0.05241241255479361
1645332894312860.0 23.60602146553971 4.205962363276006 -61.320054050001424 0.1410158570754405 0.9881171028560906 0.030767459879039134 -0.05284394486747509
1645332894612860.0 23.573553180304526 4.235910713044106 -61.78397452908666 0.14053203211892004 0.9885275886850916 0.030364657980285353 -0.04628111820932521
1645332894712860.0 23.56891395568194 4.25751826179991 -61.94192274242282 0.1408395285342495 0.9886250384685614 0.028643164301478424 -0.04432075872640626
1645332895112860.0 23.51849044826385 4.306731392894952 -62.571518445444326 0.1414507796543228 0.9888421551621299 0.02720925138447805 -0.03798059700155996
1645332895546193.0 23.475500177255398 4.356467529889738 -63.23656386054075 0.14213139466659588 0.9888717235222816 0.02693269013896197 -0.03472767297242113
1645332895846194.0 23.43146326602152 4.407879051690343 -63.72899507120787 0.1400191907888543 0.9886441623783238 0.028010721186315715 -0.04682676483294259
1645332896279527.0 23.38692347361262 4.456882933543537 -64.38525732991188 0.13937610570400588 0.9888476055936103 0.026806943778646862 -0.045123185124923096
1645332896446193.0 23.369783247090577 4.486129491033479 -64.6586817626413 0.13957339465614396 0.9886158043806061 0.02780297389255233 -0.04883700928371441
1645332896946193.0 23.31031340864111 4.54222899773213 -65.45727225834277 0.1397066345737455 0.9883554068966796 0.02743293049754666 -0.05369432221840368
1645332898112860.0 23.187379042933706 4.7112358970892165 -67.29831455089052 0.14024995512387886 0.9879748142094003 0.026690481131465483 -0.059357685202693154
1645332898312860.0 23.156446006367013 4.754419399981952 -67.60139019903498 0.14066829105355222 0.9871799214838548 0.02499919348842174 -0.07115669213877036
1645332898546193.0 23.153803164892174 4.799417752269598 -67.94503179180195 0.1380089071608136 0.9867685866689151 0.02505795769299358 -0.081322793016263
1645332898879527.0 23.122655177884894 4.928877631061792 -68.45178736904012 0.13590594926041025 0.9846574510625505 0.02135944064065068 -0.10734547646801867
1645332899046193.0 23.053857798234244 4.974953571251612 -68.71738417025767 0.13509427805491564 0.9812459271932353 0.025991784843423005 -0.13501997453770395
1645332899146194.0 23.045834516153242 5.023320020638368 -68.86432349493305 0.13254180785218006 0.9786044929645421 0.022737124162514163 -0.15572070737607654
1645332899446193.0 22.925543481235348 5.178591446946705 -69.26324974300533 0.13027369592091165 0.971392638027048 0.01929018307184389 -0.1976183082991377
1645332899579527.0 22.875480746064607 5.247907674287516 -69.43719031448836 0.1269726008028872 0.9658100918399316 0.014955327794215205 -0.22553306479552152
1645332899646194.0 22.85543879981637 5.297131984676609 -69.52090933923287 0.12377725945460161 0.9617972656631253 0.01237157345677799 -0.24386913288697953
1645332899712860.0 22.812507337452402 5.3150258442223155 -69.59175335771741 0.12358070651867537 0.9566568113694403 0.012621669511878958 -0.2633937123310526
1645332899779527.0 22.78961556404537 5.348338633401505 -69.72514027345562 0.12267324316465153 0.9492286444380618 0.013819725378310607 -0.28935319452222075
1645332899846193.0 22.760580686871574 5.362522865622962 -69.81078465104564 0.12258459916293062 0.9412274598667009 0.01565244608017984 -0.3143547132979696
1645332899912860.0 22.718286827566942 5.376068903378227 -69.8846386955466 0.11978955216152634 0.9329622951480898 0.01678947103444617 -0.33904267089458395
1645332900246193.0 22.358826564718488 5.424607505129627 -70.20906703956474 0.11593029099845624 0.8938803985568359 0.031253957478173666 -0.43192729810332436
1645332900379527.0 22.209700017483293 5.443105009661322 -70.31604119131522 0.11450694288045252 0.8782744355503551 0.036388332825439275 -0.46281536828962677
1645332900946193.0 21.48688183923757 5.650824177758716 -70.58289265661645 0.10941248121344059 0.8081676733552813 0.052851202789404646 -0.576281763603485
1645332901046193.0 21.355775242843492 5.671562007502352 -70.6315174055256 0.10766342838667897 0.7982902092119603 0.05477769481574697 -0.5900345178165629
1645332901179527.0 21.163958849647724 5.720318636834356 -70.66638822571888 0.10541265150469621 0.7822135876422677 0.057719520326885404 -0.6113088688901839
1645332901512860.0 20.70728447888787 5.837541780302769 -70.66144424444717 0.10160083487997724 0.7254384537954552 0.06750825156489797 -0.6773912872758264
1645332901612860.0 20.567337045709994 5.876833419010244 -70.63182845890643 0.09915832228641484 0.7107329462352894 0.06793783056722247 -0.6931166982802162
1645332901979527.0 20.12261020341855 5.989070802344658 -70.58935414763303 -0.09433642322175027 -0.6798051910121871 -0.07240550216310188 0.7236870765621836
1645332902246193.0 19.75664920487222 6.095916345935478 -70.52829780092156 -0.0927248661155925 -0.6701812331817655 -0.07310818563085578 0.7327444350444279
1645332903012860.0 18.84538411681978 6.325991223753118 -70.30714211184697 -0.08791088968905292 -0.6220466698232124 -0.07838694298426385 0.774070476898268
1645332903079527.0 18.790142239560797 6.338464419201718 -70.28222097914396 -0.08799303063977282 -0.6189358558428035 -0.0778140735347578 0.7766083973734071
