#timestamp tx ty tz qx qy qz  qw
4.995600000000000000e+04 -2.421496623405562376e-01 9.769641650057266091e-02 1.110661047288734160e+00 1.435017950822144346e-02 9.577595817831265068e-02 -1.693200024815253724e-01 -1.000264031185921221e+00
9.991300000000000000e+04 -2.222751932941815500e-01 7.283654011129533923e-02 1.127198433870431948e+00 1.914508682985513466e-02 9.271734569019637884e-02 -1.699664982329563423e-01 -1.000104097179672635e+00
1.498690000000000000e+05 -2.051171246642578827e-01 5.161889793596800835e-02 1.141038779697949090e+00 2.304352073456135755e-02 9.016622915741125122e-02 -1.704017384343780028e-01 -9.999776651697420693e-01
1.998270000000000000e+05 -1.904920345835329487e-01 3.380055637741921637e-02 1.152380207478665985e+00 2.611413835277483220e-02 8.808441551163512240e-02 -1.706367777723398760e-01 -9.998818535227989024e-01
2.497840000000000000e+05 -1.782165011847544056e-01 1.913858183847751138e-02 1.161420839919963477e+00 2.842559681493027346e-02 8.643371168454586084e-02 -1.706826709333914560e-01 -9.998137806055127363e-01
2.997410000000000000e+05 -1.681071026006699387e-01 7.390040721971399829e-03 1.168358799729222186e+00 3.004655325146239619e-02 8.517592460782139052e-02 -1.705504726040822372e-01 -9.997705647845526178e-01
3.496980000000000000e+05 -1.599804169640271778e-01 -1.688000569270514672e-03 1.173392209613822290e+00 3.104566479280590485e-02 8.427286121313953826e-02 -1.702512374709617138e-01 -9.997493244265882595e-01
3.996550000000000000e+05 -1.536530224075738360e-01 -8.338475632419753425e-03 1.176719192281144410e+00 3.149158856939552470e-02 8.368632843217821415e-02 -1.697960202205793523e-01 -9.997471778982889301e-01
4.496120000000000000e+05 -1.489414970640575708e-01 -1.280431806464772670e-02 1.178537870438569390e+00 3.145298171166596712e-02 8.337813319661527278e-02 -1.691958755394846747e-01 -9.997612435663240094e-01
4.995690000000000000e+05 -1.456624190662260676e-01 -1.532846146312592805e-02 1.179046366793477407e+00 3.099850135005195045e-02 8.331008243812861036e-02 -1.684618581142271476e-01 -9.997886397973628769e-01
5.495260000000000000e+05 -1.436323665468269561e-01 -1.615383942502578163e-02 1.178442804053249304e+00 3.019680461498817914e-02 8.344398308839610923e-02 -1.676050226313562930e-01 -9.998264849580750235e-01
5.994830000000000000e+05 -1.426679176386079217e-01 -1.552338554751882260e-02 1.176925304925265481e+00 2.911654863690937498e-02 8.374164207909563784e-02 -1.666364237774215773e-01 -9.998718974151297179e-01
6.494400000000000000e+05 -1.425856504743167052e-01 -1.368003342777640574e-02 1.174691992116906558e+00 2.782639054625024588e-02 8.416486634190506466e-02 -1.655671162389724949e-01 -9.999219955351964506e-01
6.993970000000000000e+05 -1.432021431867008809e-01 -1.086671666297006622e-02 1.171940988335553158e+00 2.639498747344550672e-02 8.467546280850227203e-02 -1.644081547025585677e-01 -9.999738976849446015e-01
7.493540000000000000e+05 -1.443339739085081896e-01 -7.326368850271214317e-03 1.168870416288585456e+00 2.489099654892988275e-02 8.523523841056515615e-02 -1.631705938547292900e-01 -1.000024722231043661e+00
7.993110000000000000e+05 -1.457977207724829305e-01 -3.301923586851288062e-03 1.165678398683357209e+00 2.338307490313754067e-02 8.580600007976960097e-02 -1.618654883820303536e-01 -1.000071587540139140e+00
8.492680000000000000e+05 -1.497963936827557130e-01 -2.609817233539209191e-03 1.163909843762209295e+00 2.202554866968891786e-02 8.620156987130785098e-02 -1.604730602515853921e-01 -1.000082261986785070e+00
8.992250000000000000e+05 -1.425890910363807607e-01 -2.452201172413996048e-03 1.164066069172723594e+00 2.158781885881090601e-02 8.596425494191670125e-02 -1.587343942183569723e-01 -1.000045841003435632e+00
9.491810000000000000e+05 -1.422548215424940254e-01 6.341277308695927525e-03 1.163981529644997348e+00 2.167839145318854049e-02 8.564150138638501608e-02 -1.565689299792868139e-01 -9.999791894504231893e-01
9.991390000000000000e+05 -1.362408432765280508e-01 1.125700209041929044e-02 1.164377607272602422e+00 2.273695418537957993e-02 8.495046178642540191e-02 -1.544451384425172269e-01 -9.998953680799431698e-01
1.049096000000000000e+06 -1.403441317149555223e-01 1.441656336681364399e-02 1.165800889193756795e+00 2.377475104933393646e-02 8.424518907810278623e-02 -1.529963376477003201e-01 -9.998280474746066293e-01
1.099053000000000000e+06 -1.376615940501818014e-01 8.791347567433842672e-03 1.167438145686941819e+00 2.412575408672795046e-02 8.397914269782963403e-02 -1.521598985895776524e-01 -9.997769080955203336e-01
1.149010000000000000e+06 -1.389058860737036327e-01 5.307984629458150500e-03 1.170751035532217266e+00 2.527710195452971195e-02 8.320821700595684711e-02 -1.512393570107070928e-01 -9.997095739930993430e-01
1.198967000000000000e+06 -1.378217160136282760e-01 2.974988918058104389e-03 1.174818575340568438e+00 2.580831400297899786e-02 8.267885141074884925e-02 -1.502169586789796896e-01 -9.996584428616763773e-01
1.248924000000000000e+06 -1.425779732028148727e-01 -1.194729937587426811e-03 1.179336666585117932e+00 2.631692531341214489e-02 8.230116700374501271e-02 -1.496811654697881300e-01 -9.996233128478136942e-01
1.298881000000000000e+06 -1.502533986969464830e-01 -1.223983993536836672e-03 1.182595575574152624e+00 2.731936546708652741e-02 8.191214338052285604e-02 -1.490054525328494417e-01 -9.995749017653080548e-01
1.348838000000000000e+06 -1.523628503165224690e-01 -1.944116103962613765e-03 1.184756906518588115e+00 2.899471759579161367e-02 8.136016188625301571e-02 -1.482258829749540652e-01 -9.995216602453701471e-01
1.398795000000000000e+06 -1.610920741524889399e-01 5.277796963142891359e-03 1.187288492271874940e+00 3.077570391443683676e-02 8.058466285948506780e-02 -1.471627567159359551e-01 -9.994682247924154828e-01
1.448752000000000000e+06 -1.700928527161348902e-01 1.228639255405355318e-02 1.189208313966686470e+00 3.273487625398378842e-02 7.964069158012389293e-02 -1.461954069424972746e-01 -9.994147563540012325e-01
1.498709000000000000e+06 -1.822645080979327092e-01 1.558704777264844493e-02 1.192346887443910042e+00 3.456809478925634838e-02 7.854740697576598207e-02 -1.456753540113341627e-01 -9.993660381765202549e-01
1.548666000000000000e+06 -1.924244225318185730e-01 1.659144648565108460e-02 1.194824781031402994e+00 3.586622834054441211e-02 7.760564846815160012e-02 -1.453775982757734564e-01 -9.993231761956540282e-01
1.598623000000000000e+06 -2.069421775143861220e-01 2.657247849299759074e-02 1.197775929230901371e+00 3.775355237499462141e-02 7.617200301358302561e-02 -1.446154443255653899e-01 -9.992746134443022399e-01
1.648580000000000000e+06 -2.242803169283116294e-01 3.447580346756413949e-02 1.200204564036166710e+00 3.937626897360189254e-02 7.482831465751937916e-02 -1.441112261926456861e-01 -9.992346674384494642e-01
1.698537000000000000e+06 -2.376935478031127202e-01 4.073500919727934821e-02 1.202466501732989190e+00 4.071154542062499493e-02 7.364672988061236880e-02 -1.437339871996841101e-01 -9.991980394565807000e-01
1.748494000000000000e+06 -2.479429476929691789e-01 4.464855259821027406e-02 1.204418439571817157e+00 4.200739591350736990e-02 7.247768222316669506e-02 -1.435543157554588500e-01 -9.991678761673205011e-01
1.798451000000000000e+06 -2.583243948369029486e-01 5.694349600168001346e-02 1.206626049392528044e+00 4.334601632379409680e-02 7.126691094484639832e-02 -1.429195945547753477e-01 -9.991365118850846772e-01
1.848408000000000000e+06 -2.661791750483702979e-01 6.804515358187875063e-02 1.208616981782083988e+00 4.461755972786909247e-02 6.996796462491761126e-02 -1.424215917204781912e-01 -9.991135093755044716e-01
1.898363000000000000e+06 -2.747602089083240329e-01 7.638131356898170132e-02 1.210015886695852583e+00 4.543893047529379975e-02 6.882292486413006671e-02 -1.423908261054085689e-01 -9.990990069563556730e-01
1.948322000000000000e+06 -2.801842640728062217e-01 8.146406009764597944e-02 1.210773518603362797e+00 4.604941773917731879e-02 6.767498070555735823e-02 -1.427269584222711496e-01 -9.990962603033848310e-01
1.998279000000000000e+06 -2.861417679966067329e-01 9.332660282587450229e-02 1.211409407967003471e+00 4.634828576872188771e-02 6.661054986423436963e-02 -1.426757223020648779e-01 -9.990967330578222061e-01
2.048236000000000000e+06 -2.915539411715033502e-01 1.019179136391279716e-01 1.211466047382309119e+00 4.644573617491750545e-02 6.569424465697007443e-02 -1.428622425709142607e-01 -9.991112194868885243e-01
2.098193000000000000e+06 -2.925099576139466584e-01 1.084320619861581791e-01 1.211696497337247047e+00 4.603281197099777511e-02 6.498283768301636731e-02 -1.430042303167291806e-01 -9.991303386539518439e-01
2.148150000000000000e+06 -2.873285460068228381e-01 1.126223226443654468e-01 1.211249141369204363e+00 4.544593196013257952e-02 6.447941401571138931e-02 -1.430370819244078384e-01 -9.991604948497748717e-01
2.198107000000000000e+06 -2.879941940399187716e-01 1.164301990386872598e-01 1.210700348095634205e+00 4.444039297789917353e-02 6.427144618730168402e-02 -1.432493532838827743e-01 -9.991975033381654825e-01
2.248063000000000000e+06 -2.795920083904689379e-01 1.175203110240576193e-01 1.209835331756218935e+00 4.308197129561398830e-02 6.437359670520199917e-02 -1.431105449059056067e-01 -9.992387646800324763e-01
2.298021000000000000e+06 -2.715644091461323906e-01 1.175354769640061525e-01 1.209080799374726123e+00 4.127929510419305753e-02 6.463112632806294888e-02 -1.430395673684405899e-01 -9.992928579338258288e-01
2.347978000000000000e+06 -2.626193343369990219e-01 1.181776653275920935e-01 1.211996865172938920e+00 4.271994493078170446e-02 6.283427309420309970e-02 -1.425387379494334472e-01 -9.991712904160572339e-01
2.397935000000000000e+06 -2.603564428809311271e-01 1.271589247960201174e-01 1.213145099632949808e+00 4.344165913778802457e-02 6.154252976535008746e-02 -1.415114130587766805e-01 -9.991008780147663249e-01
2.447892000000000000e+06 -2.650404790180748704e-01 1.322944264599243136e-01 1.214057855883409198e+00 4.392974088689986789e-02 6.043615344759294128e-02 -1.408246728823450977e-01 -9.990547551380005720e-01
2.497849000000000000e+06 -2.685909292808207338e-01 1.326910847771388402e-01 1.215356733559192159e+00 4.420294431475233626e-02 5.944963271683222777e-02 -1.403590781923325093e-01 -9.990187577805756947e-01
2.547803000000000000e+06 -2.714283182655488069e-01 1.284029387738330474e-01 1.217046871116423512e+00 4.345090269854560983e-02 5.916315429393494835e-02 -1.402220940359637513e-01 -9.990122651501789353e-01
2.597763000000000000e+06 -2.610313086222503798e-01 1.268921149967809914e-01 1.218614144639212693e+00 4.246098111270076025e-02 5.939730153640322696e-02 -1.392185581414440709e-01 -9.989987783652690689e-01
2.647720000000000000e+06 -2.581321516133874838e-01 1.246756250132546873e-01 1.221572575512338554e+00 4.295978973925990152e-02 5.917244269992449901e-02 -1.381188439154263647e-01 -9.989567921351826252e-01
2.697677000000000000e+06 -2.540795331516755295e-01 1.251338006497848820e-01 1.224080478134547345e+00 4.340935244808338117e-02 5.925618403244263532e-02 -1.367028523169826482e-01 -9.989294690942052135e-01
2.747634000000000000e+06 -2.525005207679789643e-01 1.221544781749798747e-01 1.225742817171067145e+00 4.437181863873979754e-02 5.932625645499206568e-02 -1.357430316163493744e-01 -9.989057360242957762e-01
2.797591000000000000e+06 -2.493688824897009604e-01 1.281202373420542995e-01 1.226394294403495122e+00 4.541020263166068577e-02 5.951763015335759938e-02 -1.342283147910244556e-01 -9.988832067319970420e-01
2.847548000000000000e+06 -2.456619268414934332e-01 1.292414751885431756e-01 1.228470046858036957e+00 4.566560066404092705e-02 5.988358197721109499e-02 -1.333514980374678471e-01 -9.988831414029875067e-01
2.897505000000000000e+06 -2.460092797165607248e-01 1.351282612096052493e-01 1.232716127186198163e+00 4.574433948408242884e-02 6.027892587464403484e-02 -1.327789883147756922e-01 -9.989035097296690147e-01
2.947462000000000000e+06 -2.446922935550218670e-01 1.376131905508607423e-01 1.235970851386402947e+00 4.553914488796925730e-02 6.099881277761604048e-02 -1.329648904514382779e-01 -9.989297793298443917e-01
2.997419000000000000e+06 -2.482534659602635418e-01 1.459104288588550513e-01 1.240151308295282639e+00 4.483071267303564977e-02 6.190877425382109583e-02 -1.336031393217220198e-01 -9.989696005092915110e-01
3.047376000000000000e+06 -2.463917838212113798e-01 1.527011722560903673e-01 1.242676030284787680e+00 4.390724064328187237e-02 6.309333600092791039e-02 -1.349928089653112950e-01 -9.990068745448756893e-01
3.097333000000000000e+06 -2.470136862145407286e-01 1.657787883541798069e-01 1.245466568168139387e+00 4.279590227800693369e-02 6.429701893101882892e-02 -1.368701116260463146e-01 -9.990415698090435725e-01
3.147290000000000000e+06 -2.468606109345501676e-01 1.746151875057347924e-01 1.247597199126679435e+00 4.154123851352049812e-02 6.559790966732152728e-02 -1.396933043963790311e-01 -9.990720738498977127e-01
3.197247000000000000e+06 -2.499125018822371536e-01 1.892725096662866424e-01 1.249562141189450637e+00 3.986685627244252600e-02 6.715317917629429201e-02 -1.427962475382761331e-01 -9.991142256368271690e-01
3.247204000000000000e+06 -2.522999810838825741e-01 1.988232478409427961e-01 1.250507795633746477e+00 3.822601241958657747e-02 6.890628132897673452e-02 -1.467082604256162437e-01 -9.991632353951747092e-01
3.297161000000000000e+06 -2.568374305714254957e-01 2.137694572785520386e-01 1.251129489514546167e+00 3.656695766914759560e-02 7.053273291043227200e-02 -1.506986648662096417e-01 -9.992155582077346665e-01
3.347118000000000000e+06 -2.599452938213884789e-01 2.232028182843695807e-01 1.249965705329660892e+00 3.518310018412839496e-02 7.198338128806347491e-02 -1.552250074688449055e-01 -9.992662976616981663e-01
3.397075000000000000e+06 -2.654473578490971764e-01 2.375785202826140585e-01 1.248125127600665962e+00 3.384396797241866206e-02 7.308109971347315215e-02 -1.595060552148449551e-01 -9.993116825582946117e-01
3.447032000000000000e+06 -2.695038181957967738e-01 2.455227406486139574e-01 1.244551564169851243e+00 3.275262252615753628e-02 7.386405246142992154e-02 -1.641958973611750416e-01 -9.993555200414983020e-01
3.496989000000000000e+06 -2.761468470702351796e-01 2.574041271783674700e-01 1.239987938999201234e+00 3.173831755451535924e-02 7.432918825383173778e-02 -1.684964119614880684e-01 -9.993940779144411257e-01
3.546946000000000000e+06 -2.811923704652474765e-01 2.619641217691962010e-01 1.233564481785824007e+00 3.108618118179697423e-02 7.445879184543680029e-02 -1.729644766604283013e-01 -9.994314890940299012e-01
3.596903000000000000e+06 -2.888794791913960602e-01 2.695524684045824682e-01 1.226411546630961080e+00 3.035533754809787918e-02 7.412388804123133668e-02 -1.767441825173577119e-01 -9.994561031671940210e-01
3.646860000000000000e+06 -2.965073481944200395e-01 2.688947534430080610e-01 1.218281205757542063e+00 2.967489748181080522e-02 7.340144782593094330e-02 -1.803160426104425673e-01 -9.994816791423303259e-01
3.696817000000000000e+06 -3.078404099450413045e-01 2.707864334002315632e-01 1.210207881944393549e+00 2.916246031790167489e-02 7.220109651510531190e-02 -1.827737634679525713e-01 -9.994777590389055666e-01
3.746774000000000000e+06 -3.184146278682689069e-01 2.648209925610105486e-01 1.201712288667342809e+00 2.879550397104629206e-02 7.064166574717403724e-02 -1.847342558780104005e-01 -9.994678960954997970e-01
3.796731000000000000e+06 -3.310103944407313259e-01 2.614979902940824941e-01 1.194086348643222495e+00 2.880843829268605466e-02 6.852949601847996286e-02 -1.855629538043754856e-01 -9.994139346034718319e-01
3.846688000000000000e+06 -3.398881029669123532e-01 2.503519816903073680e-01 1.186935572225714663e+00 2.915187369947790097e-02 6.609063279924815015e-02 -1.858051877685633901e-01 -9.993521406838183907e-01
3.896645000000000000e+06 -3.494621125487581415e-01 2.422645017937573864e-01 1.181441072611588039e+00 3.008877271148387503e-02 6.327380662891393670e-02 -1.845535763995478917e-01 -9.992375825245712884e-01
3.946602000000000000e+06 -3.558378685194245050e-01 2.268035942929684523e-01 1.177045652004037768e+00 3.135726540058823841e-02 6.039360881644763313e-02 -1.824542934934629268e-01 -9.991119084843164133e-01
3.996559000000000000e+06 -3.636678791743557793e-01 2.141625241371220845e-01 1.174886843283282856e+00 3.323866994064417213e-02 5.728266651045423041e-02 -1.789762838656411004e-01 -9.989413030333128551e-01
4.046516000000000000e+06 -3.696385266727222341e-01 1.945131622903900348e-01 1.174404842994484888e+00 3.521026668084227540e-02 5.447137204564920371e-02 -1.748264035070448974e-01 -9.987815484052771087e-01
4.096473000000000000e+06 -3.747282800371483091e-01 1.795494860141894633e-01 1.175913463231714973e+00 3.759246427302584403e-02 5.170156622395472024e-02 -1.693361996639388134e-01 -9.985994323091904601e-01
4.146430000000000000e+06 -3.771340643008030957e-01 1.598741071921849222e-01 1.179501749049288062e+00 4.000917215093634238e-02 4.925510287057381642e-02 -1.635018148630320578e-01 -9.984430926429277431e-01
4.196387000000000000e+06 -3.778055834920648892e-01 1.465545728383332025e-01 1.184572851621285006e+00 4.239317114636283190e-02 4.710937681454064468e-02 -1.570377837747408134e-01 -9.983094514554464727e-01
4.246344000000000000e+06 -3.761062403173402457e-01 1.293307046918333592e-01 1.190467535413621158e+00 4.407461444926956406e-02 4.549391246570140546e-02 -1.510421865661025487e-01 -9.982164292566854114e-01
4.296301000000000000e+06 -3.718469817729591065e-01 1.190265731068200217e-01 1.197030237707567224e+00 4.542740626713801660e-02 4.407549914765790389e-02 -1.448086941323109278e-01 -9.981447202266989782e-01
4.346258000000000000e+06 -3.659502063411028683e-01 1.056489677132985000e-01 1.204350825035833461e+00 4.605896585532801707e-02 4.296092035441369250e-02 -1.394325004033993287e-01 -9.980938458375178124e-01
4.396215000000000000e+06 -3.594406480092429690e-01 1.000667076417815077e-01 1.212825201370827388e+00 4.642221345914041702e-02 4.196915265777621806e-02 -1.346874725281758389e-01 -9.980665087160809357e-01
4.446172000000000000e+06 -3.518934102714700862e-01 9.274962872697294081e-02 1.221124456543565495e+00 4.589202915823785422e-02 4.143429836355313339e-02 -1.314248136237393116e-01 -9.980498387199010502e-01
4.496129000000000000e+06 -3.449183918404670757e-01 9.420996884565847884e-02 1.229492731914878290e+00 4.521086453450813558e-02 4.119962491976145169e-02 -1.290348867344745520e-01 -9.980554757462752891e-01
4.546086000000000000e+06 -3.369272721321406872e-01 9.382326131395510305e-02 1.237267614146851269e+00 4.443376107805263597e-02 4.121780799135782436e-02 -1.281380906835622724e-01 -9.980600836512096841e-01
4.596043000000000000e+06 -3.305231592793306250e-01 1.008228442506865080e-01 1.245123180029342524e+00 4.359839676732102376e-02 4.151954355997822255e-02 -1.281221007287524360e-01 -9.980881781001620379e-01
4.646000000000000000e+06 -3.235079167490452212e-01 1.052281244797755311e-01 1.251847292840773562e+00 4.276463527830239031e-02 4.227583403983064397e-02 -1.296086110046733297e-01 -9.981127883721537808e-01
4.695957000000000000e+06 -3.184633740249033784e-01 1.174814203136275853e-01 1.257806087635068071e+00 4.199894101730989454e-02 4.344384035837910163e-02 -1.319684482603979414e-01 -9.981555415575024126e-01
4.745914000000000000e+06 -3.128192066188777987e-01 1.267434941431069273e-01 1.261840232711462173e+00 4.183455158133640023e-02 4.478139260172685904e-02 -1.357850645307855653e-01 -9.981792191578960916e-01
4.795871000000000000e+06 -3.083410842029897792e-01 1.428882852634222600e-01 1.264198687805730525e+00 4.196239055701604659e-02 4.625417425791161774e-02 -1.403831647112040448e-01 -9.982052124809484006e-01
4.845828000000000000e+06 -3.086867784184968988e-01 1.567532434470942926e-01 1.264753590162925212e+00 4.216417076792872143e-02 4.766927958013059824e-02 -1.461990680515678764e-01 -9.982183888787053982e-01
4.895785000000000000e+06 -3.090294818328343518e-01 1.759209033992958915e-01 1.263272586434199152e+00 4.231544899697260720e-02 4.904453569917497507e-02 -1.524579072730796181e-01 -9.982386605664188561e-01
4.945742000000000000e+06 -3.085221582842483379e-01 1.886924956003252496e-01 1.258939687647648631e+00 4.261890055702615560e-02 5.038455291003515746e-02 -1.598807291427344346e-01 -9.982596090502711128e-01
4.995699000000000000e+06 -3.087958149682136777e-01 2.062269679789835719e-01 1.253010537579776429e+00 4.289141513672047046e-02 5.136673501533711023e-02 -1.672584078736522595e-01 -9.982808393656398271e-01
5.045656000000000000e+06 -3.089052364928293604e-01 2.175270709789145218e-01 1.245051024017967300e+00 4.296701172241806227e-02 5.190445249204563016e-02 -1.748644705609650740e-01 -9.983058604212764475e-01
5.095613000000000000e+06 -3.128367233623093324e-01 2.322755165988318049e-01 1.236285075172390835e+00 4.301947147490799844e-02 5.181389334098707861e-02 -1.816664676269056367e-01 -9.983101994710346094e-01
5.145570000000000000e+06 -3.177646289821994263e-01 2.400699028212641972e-01 1.226292778001791151e+00 4.322715992282498421e-02 5.130488901118179790e-02 -1.881561992110479531e-01 -9.983150641693586680e-01
5.195527000000000000e+06 -3.252628794197616191e-01 2.508743192049093795e-01 1.215703033696878377e+00 4.348821536440211633e-02 5.042090599284385771e-02 -1.933840327549281590e-01 -9.982969125205179983e-01
5.245484000000000000e+06 -3.321414208358636211e-01 2.532228108789567611e-01 1.204891776041536078e+00 4.363597703496250452e-02 4.934387032547949553e-02 -1.979915767783201885e-01 -9.982943094802697592e-01
5.295441000000000000e+06 -3.392084007524979739e-01 2.578388768357456895e-01 1.195203221407556748e+00 4.377669021670201055e-02 4.796805525027549727e-02 -2.007456905269154601e-01 -9.982454509374378837e-01
5.345398000000000000e+06 -3.455525349369754640e-01 2.526571132438645284e-01 1.186779724675160130e+00 4.365678109529976675e-02 4.669438373728995728e-02 -2.023976300882898149e-01 -9.982179510957133184e-01
5.395355000000000000e+06 -3.470840361497544713e-01 2.478021250099795569e-01 1.179863266377010333e+00 4.367871900172045491e-02 4.550283214013994826e-02 -2.015042263764585395e-01 -9.981205931209513604e-01
5.445312000000000000e+06 -3.531803026171510540e-01 2.353881941433615399e-01 1.174517978401163454e+00 4.354061061740595318e-02 4.461127770075570820e-02 -1.993247370915382788e-01 -9.980389451190478933e-01
5.495269000000000000e+06 -3.645273373208853807e-01 2.256916524535041435e-01 1.170216449036332262e+00 4.328561001265696095e-02 4.387507299406741973e-02 -1.953924144329511337e-01 -9.979437150141783341e-01
5.545226000000000000e+06 -3.768594487064946819e-01 2.090046928815555427e-01 1.168274346370974381e+00 4.310490279704895511e-02 4.325929943991223270e-02 -1.906619576392246107e-01 -9.978622806809798185e-01
5.595183000000000000e+06 -3.850262247692356476e-01 1.960084488703924543e-01 1.168436058791096688e+00 4.319795302822458660e-02 4.260284885948116551e-02 -1.842843271824709250e-01 -9.977509403642369490e-01
5.645140000000000000e+06 -3.924712034570483898e-01 1.770353405416958126e-01 1.170660039743602665e+00 4.356631200303574120e-02 4.199336355703654766e-02 -1.775381469983443317e-01 -9.976508001082637911e-01
5.695097000000000000e+06 -3.999345088415021121e-01 1.623954154921154469e-01 1.173903903418224814e+00 4.422002572577581753e-02 4.121233951851137334e-02 -1.700464684176520302e-01 -9.975487053037045415e-01
5.745054000000000000e+06 -4.051082929593800563e-01 1.421034351632993464e-01 1.178647802817641699e+00 4.450443698004542814e-02 4.033198012363663210e-02 -1.627306395909330627e-01 -9.974781954408464824e-01
5.795011000000000000e+06 -4.070862014415035368e-01 1.276085272856468111e-01 1.185045439504541775e+00 4.474466039862871197e-02 3.896781592776404901e-02 -1.547641466530884080e-01 -9.973844432702229090e-01
5.844968000000000000e+06 -4.055375131967179358e-01 1.087284641931282048e-01 1.192884051999697714e+00 4.444172245629926521e-02 3.772781480073863353e-02 -1.474505409038780746e-01 -9.973247610461386525e-01
5.894925000000000000e+06 -3.991040501190546985e-01 9.548570077618842578e-02 1.201570447065671621e+00 4.439903577940176871e-02 3.644000639511129486e-02 -1.402671769425649917e-01 -9.972597307346262596e-01
5.944882000000000000e+06 -3.964067349556585351e-01 8.087664950643179418e-02 1.211801729200239652e+00 4.456260547546020412e-02 3.537790002596991751e-02 -1.342667576558577158e-01 -9.972109296122935174e-01
5.994839000000000000e+06 -3.867938301296832693e-01 7.131353402498878669e-02 1.221721212962211700e+00 4.559294351196368361e-02 3.436743105549482091e-02 -1.285544723370008746e-01 -9.971543189373787142e-01
6.044796000000000000e+06 -3.798886567171034789e-01 5.887594244318056919e-02 1.232620759501564356e+00 4.602768077146916770e-02 3.369749991780013332e-02 -1.243359853922491320e-01 -9.971375861288559461e-01
6.094753000000000000e+06 -3.755541375755671596e-01 5.480483073459815196e-02 1.244178754282833310e+00 4.673753167516650486e-02 3.314521507540549305e-02 -1.208630855578082947e-01 -9.971153163329420366e-01
6.144710000000000000e+06 -3.716693135883304411e-01 4.804967772312972868e-02 1.255252468387697329e+00 4.716280485103234443e-02 3.300703846280834963e-02 -1.190370939655758936e-01 -9.971278521176691889e-01
6.194667000000000000e+06 -3.660504152573257342e-01 5.064522560941569357e-02 1.265425547498810310e+00 4.797513269551884063e-02 3.275091990876647513e-02 -1.176710950825028551e-01 -9.971075742740983516e-01
6.244624000000000000e+06 -3.572439558779612057e-01 5.093444722299675376e-02 1.274990386802518305e+00 4.898364117816900176e-02 3.231008241561803690e-02 -1.176173833406973235e-01 -9.970542413920419067e-01
6.294581000000000000e+06 -3.454244118011078890e-01 5.841068331221581367e-02 1.282593527010309042e+00 4.994142491291141128e-02 3.171483463913084971e-02 -1.182159972721062990e-01 -9.970022841492961474e-01
6.344538000000000000e+06 -3.308706336018381600e-01 6.255181341954005325e-02 1.288842826246926698e+00 5.084749176397474618e-02 3.039995138802758373e-02 -1.200732986534790436e-01 -9.969051946621023674e-01
6.394495000000000000e+06 -3.111281667329449108e-01 7.223976433183043611e-02 1.292952216307742930e+00 5.191838538755002425e-02 2.847331879475405170e-02 -1.223972046018953069e-01 -9.967691291712006407e-01
6.444452000000000000e+06 -2.896916514438107049e-01 7.896497717367367830e-02 1.295811232645522004e+00 5.301314696982280250e-02 2.604156412639439117e-02 -1.256719508830250465e-01 -9.966123544196419104e-01
6.494409000000000000e+06 -2.688593021227539959e-01 9.349965685296010576e-02 1.297429814903083178e+00 5.421233260123202446e-02 2.301454355248832434e-02 -1.290099033128404016e-01 -9.964346963282415537e-01
6.544366000000000000e+06 -2.477386672833193082e-01 1.043303836851737915e-01 1.297136384943883947e+00 5.494445075010566393e-02 1.974114373770300204e-02 -1.328895297794203401e-01 -9.962685009002708592e-01
6.594323000000000000e+06 -2.277680243507144153e-01 1.208121954053117120e-01 1.295146984741881946e+00 5.595183661644147904e-02 1.598618298942543550e-02 -1.365763542534715047e-01 -9.960589421357576301e-01
6.644280000000000000e+06 -2.074245700792064773e-01 1.326972759696943005e-01 1.291494944751167662e+00 5.664038471026957428e-02 1.203082852600963724e-02 -1.406891677474587654e-01 -9.958274350476894465e-01
6.694237000000000000e+06 -1.904157415269008835e-01 1.493731752609614716e-01 1.287180874725372126e+00 5.683777905124789975e-02 7.800033112655741993e-03 -1.444097672603198157e-01 -9.955565665089725069e-01
6.744194000000000000e+06 -1.737653732037247878e-01 1.599647624372633192e-01 1.282637817758390808e+00 5.648630895714574357e-02 3.629453156430141342e-03 -1.481308504813051152e-01 -9.952791082762277863e-01
6.794151000000000000e+06 -1.588484449991504899e-01 1.751997750066428272e-01 1.278044117823087911e+00 5.584210778434622185e-02 -5.188997502450680768e-04 -1.507351349920100780e-01 -9.949700187684800134e-01
6.844108000000000000e+06 -1.453563699110472229e-01 1.840560165068159948e-01 1.272763161660743769e+00 5.499400422419415541e-02 -4.391672668557089140e-03 -1.531403046405163115e-01 -9.946712292553826495e-01
6.894065000000000000e+06 -1.331233382612597715e-01 1.978043649475749177e-01 1.266511851059598959e+00 5.430586722187386028e-02 -8.249154581771472872e-03 -1.546216640753094729e-01 -9.943183218190676520e-01
6.944022000000000000e+06 -1.316579918603090760e-01 2.077573827589646871e-01 1.260314538754667479e+00 5.338531167890963464e-02 -1.202443469736040778e-02 -1.566098368211954472e-01 -9.939903284155713337e-01
6.993979000000000000e+06 -1.325336670087483015e-01 2.217852071136037773e-01 1.253172183423761687e+00 5.246493271907227279e-02 -1.569056771498751612e-02 -1.581768404648390414e-01 -9.936686913300432078e-01
7.043936000000000000e+06 -1.334200878859523598e-01 2.302904291122543634e-01 1.247432682571086193e+00 5.192695365704126653e-02 -1.931916549138719061e-02 -1.599274917246414351e-01 -9.933447209358650110e-01
7.093893000000000000e+06 -1.340412955770204917e-01 2.431657427278244576e-01 1.240822635314404065e+00 5.162433387640286836e-02 -2.237354307419497576e-02 -1.611758131796776627e-01 -9.930510240204337702e-01
7.143850000000000000e+06 -1.391664990814424629e-01 2.506666580547894929e-01 1.234459379357200959e+00 5.161698128644774675e-02 -2.488416985244745055e-02 -1.631071186300332432e-01 -9.928037553302160312e-01
7.193807000000000000e+06 -1.471804023377865089e-01 2.624417689748360094e-01 1.227170655784486586e+00 5.163788370457063348e-02 -2.668993565893225742e-02 -1.650368297156432074e-01 -9.926123547164468208e-01
7.243764000000000000e+06 -1.553428318905646366e-01 2.688935667787051842e-01 1.220607237056019923e+00 5.173950108645722357e-02 -2.793392929010217463e-02 -1.674155761425280275e-01 -9.924626757195773585e-01
7.293721000000000000e+06 -1.659201389842711594e-01 2.802832140284842732e-01 1.214344110089893958e+00 5.218856629694156729e-02 -2.878966266686718359e-02 -1.694596059332786897e-01 -9.923307695433684072e-01
7.343678000000000000e+06 -1.779813345208255959e-01 2.850148821907081964e-01 1.208074664020349021e+00 5.285810182617192710e-02 -2.878492256349719433e-02 -1.723032344829552032e-01 -9.922594317154623811e-01
7.393635000000000000e+06 -1.944448518103582546e-01 2.943319605575308029e-01 1.201769687100039397e+00 5.405242290272967848e-02 -2.817845071175162711e-02 -1.749259520943690915e-01 -9.922313165649291333e-01
7.443592000000000000e+06 -2.165996534897566828e-01 2.979653533409185595e-01 1.196130789800950112e+00 5.525289698945155814e-02 -2.698117617479985422e-02 -1.784714927065402801e-01 -9.922570235908001468e-01
7.493549000000000000e+06 -2.354853966411445121e-01 3.032805583665159621e-01 1.190721008285268390e+00 5.690884977716114540e-02 -2.562265813123117131e-02 -1.816665881027035856e-01 -9.922958759836488785e-01
7.543506000000000000e+06 -2.634964246227977647e-01 3.033904341031925522e-01 1.187194973637499373e+00 5.790703289453667107e-02 -2.389433775186560610e-02 -1.855910804110413870e-01 -9.924146797965944788e-01
7.593463000000000000e+06 -2.912114377672941901e-01 3.075998557581449133e-01 1.183155145098045979e+00 5.922751845773008977e-02 -2.210937474098217947e-02 -1.886828424696057604e-01 -9.925571143485112380e-01
7.643420000000000000e+06 -3.166327878514113570e-01 3.049758894591505509e-01 1.178507926831827035e+00 6.005325518984887256e-02 -1.981309184211453578e-02 -1.915868336035043418e-01 -9.927890043508854623e-01
7.693377000000000000e+06 -3.392361755871796114e-01 3.080200203405494830e-01 1.173954231869625886e+00 6.084940033919161717e-02 -1.758462606363360436e-02 -1.928569097061758608e-01 -9.929888899719900852e-01
7.743334000000000000e+06 -3.596960285761607867e-01 3.041918212860315052e-01 1.170128543120034337e+00 6.110370596025333639e-02 -1.513001012730482917e-02 -1.934534689487416026e-01 -9.932208077342558061e-01
7.793291000000000000e+06 -3.804691162253130421e-01 3.024446593261149174e-01 1.167137813776791821e+00 6.108362488215876573e-02 -1.253044858510140268e-02 -1.927936240001964230e-01 -9.934606497041145179e-01
7.843248000000000000e+06 -4.024705162511150736e-01 2.924684329316775688e-01 1.165399688515456944e+00 6.052513568863504556e-02 -9.697299182586558222e-03 -1.918335582096214187e-01 -9.937173214270016430e-01
7.893205000000000000e+06 -4.256578700179738384e-01 2.868981456931806728e-01 1.165468610527033988e+00 6.000143166609846201e-02 -6.767041962230268236e-03 -1.896736569600970257e-01 -9.939747306330883880e-01
7.943162000000000000e+06 -4.470833468238231689e-01 2.736137329805762852e-01 1.165882804740255407e+00 5.911557082367771554e-02 -3.292321089743317341e-03 -1.873191014653666220e-01 -9.942850185207846581e-01
7.993119000000000000e+06 -4.680544277853565527e-01 2.643381403638995764e-01 1.167189325817689749e+00 5.844752175752696011e-02 2.474687127603061626e-04 -1.841920002842722393e-01 -9.945936899372593842e-01
8.043076000000000000e+06 -4.866996428481257242e-01 2.485795912640473282e-01 1.168939146723563915e+00 5.726707893441104064e-02 3.684539509179715015e-03 -1.808572828198230786e-01 -9.949071445593282714e-01
8.093033000000000000e+06 -5.053810612241463884e-01 2.358830535089407598e-01 1.171277789696548055e+00 5.575703326393335879e-02 6.822825970464294239e-03 -1.767585793089446744e-01 -9.951787920888109928e-01
8.142990000000000000e+06 -5.224195219595941797e-01 2.166797012431528613e-01 1.175208085677549086e+00 5.381498336631037466e-02 9.815388795534058311e-03 -1.726917278312758985e-01 -9.954493800499123468e-01
8.192947000000000000e+06 -5.385980193919327474e-01 2.011687773577324478e-01 1.180425880615455059e+00 5.131258404024564845e-02 1.282456863412688962e-02 -1.678774150531790466e-01 -9.957261176271291481e-01
8.242904000000000000e+06 -5.521449903757904565e-01 1.789566063964649623e-01 1.187124339395471795e+00 4.848357562010445487e-02 1.594595713031545653e-02 -1.629633978578080844e-01 -9.960257971650132713e-01
8.292861000000000000e+06 -5.632929493366314322e-01 1.613255690370370143e-01 1.194786240154079859e+00 4.562327524244465249e-02 1.883228964114244675e-02 -1.572951041676837747e-01 -9.963105616365244277e-01
8.342818000000000000e+06 -5.707243260412662167e-01 1.381672363908692525e-01 1.202630005519444323e+00 4.227743285888857505e-02 2.166827399422818073e-02 -1.521463261725376770e-01 -9.965991277045856966e-01
8.392775000000000000e+06 -5.758449814419752677e-01 1.210592922473336108e-01 1.210979051000145468e+00 3.935751918693069368e-02 2.391082005948952025e-02 -1.468973930211606993e-01 -9.968357132489868988e-01
8.442732000000000000e+06 -5.804216361658225409e-01 1.008303736630256492e-01 1.220726649552441589e+00 3.619915130725554625e-02 2.592464153567712939e-02 -1.424262497082932344e-01 -9.970684956667396071e-01
8.492689000000000000e+06 -5.841608246380139979e-01 8.787737638671162810e-02 1.230808422603577368e+00 3.399507068932576537e-02 2.742635356410686592e-02 -1.381522595237933415e-01 -9.972630082026588960e-01
8.542646000000000000e+06 -5.881806927963978415e-01 7.271982323502554357e-02 1.242318570292479052e+00 3.211109503727833936e-02 2.852567836024427761e-02 -1.349787667403883895e-01 -9.974161921250992435e-01
8.592603000000000000e+06 -5.895307633329477381e-01 6.433893481737892883e-02 1.253969035716610669e+00 3.022868844043995543e-02 2.941597407097140682e-02 -1.324688688333692521e-01 -9.975529405460551446e-01
8.642560000000000000e+06 -5.919689937769585519e-01 5.440196510253475504e-02 1.266639690520792394e+00 2.823584808786218370e-02 3.032820051585479598e-02 -1.313018359893956544e-01 -9.976777601261029860e-01
8.692517000000000000e+06 -5.853691561135740962e-01 5.013548725243404530e-02 1.278890492732275952e+00 2.748675356763304739e-02 3.076137801816416703e-02 -1.305155863687012530e-01 -9.977496217349564045e-01
8.742474000000000000e+06 -5.806233923711341394e-01 4.530316825854548840e-02 1.292026179419358600e+00 2.696729222108975449e-02 3.108116573612559885e-02 -1.309608100527298868e-01 -9.977975288087720385e-01
8.792431000000000000e+06 -5.797701845852943903e-01 4.969086181097129296e-02 1.305610436380561179e+00 2.708407087089776885e-02 3.102758748278599404e-02 -1.319992467400033787e-01 -9.978084290617018626e-01
8.842388000000000000e+06 -5.795213795232343479e-01 5.181567765240781276e-02 1.318907266438893666e+00 2.760052547235346959e-02 3.090326998273455056e-02 -1.343616949614851730e-01 -9.978028904653305498e-01
8.892345000000000000e+06 -5.789540155740663385e-01 6.163684463974580807e-02 1.331782198416224361e+00 2.857676151135590120e-02 3.049099205496591178e-02 -1.369317952768331625e-01 -9.977866835307031002e-01
8.942302000000000000e+06 -5.758923882877481359e-01 6.760270564283894779e-02 1.343862876171010301e+00 2.936100944056222947e-02 2.970491252544698799e-02 -1.403358444060740229e-01 -9.977412490177656190e-01
8.992259000000000000e+06 -5.755481447588564059e-01 7.921173490236782522e-02 1.355954546297394536e+00 2.982882284983979365e-02 2.869212291516828536e-02 -1.435861764208959390e-01 -9.977049538874878110e-01
9.042216000000000000e+06 -5.703493367760765764e-01 9.013466242685921892e-02 1.364102049003262707e+00 3.003440767198140710e-02 2.783902751175008211e-02 -1.468219470526311854e-01 -9.977121623673711470e-01
9.092173000000000000e+06 -5.644544212146664908e-01 1.042720711114754062e-01 1.369668650359458395e+00 3.044951976531445545e-02 2.698892067523894420e-02 -1.494706656435882963e-01 -9.977239844069295538e-01
9.142130000000000000e+06 -5.570043620545478413e-01 1.132413621627281208e-01 1.373964070351525013e+00 3.075827211601095401e-02 2.610400328509298803e-02 -1.519945346063061864e-01 -9.977281940801934201e-01
9.192087000000000000e+06 -5.483818978486092455e-01 1.282675478914775402e-01 1.377194873009044418e+00 3.055972827697781696e-02 2.488304176304398721e-02 -1.535279507810853872e-01 -9.976777198001762770e-01
9.242044000000000000e+06 -5.384531269079135818e-01 1.474915376834265157e-01 1.380027673386803988e+00 3.042179800251592486e-02 2.324208864478968448e-02 -1.544484585338483096e-01 -9.975968388328460001e-01
9.292001000000000000e+06 -5.289895235772331672e-01 1.676739035868313188e-01 1.383338631108221639e+00 3.049200975159481464e-02 2.102964268566970274e-02 -1.554396356638247656e-01 -9.974596877995755007e-01
9.341958000000000000e+06 -5.228564210155544068e-01 1.787839282141915342e-01 1.384993515097730388e+00 2.903866673763904477e-02 1.954970527381391654e-02 -1.576751174262978616e-01 -9.973693008615034383e-01
9.391915000000000000e+06 -5.185781409441818646e-01 1.951373270810680682e-01 1.385210337791732416e+00 2.695392146211646536e-02 1.828562515469614111e-02 -1.599371297777809064e-01 -9.973308718996576339e-01
9.441872000000000000e+06 -5.137998269390505746e-01 2.160983404156600896e-01 1.383491518962282063e+00 2.575247755159906435e-02 1.650458445335366980e-02 -1.617047959189377437e-01 -9.972123329342037490e-01
9.491829000000000000e+06 -5.081542134305262470e-01 2.393549433060857823e-01 1.380834492906567235e+00 2.572568222696671944e-02 1.426734855221311812e-02 -1.629833026777812721e-01 -9.970253328247131730e-01
9.541786000000000000e+06 -4.998494460463671629e-01 2.608313022976040951e-01 1.375717340359916552e+00 2.612300854678166473e-02 1.196977077796627757e-02 -1.640760569267242786e-01 -9.968247272596849617e-01
9.591743000000000000e+06 -4.885840499400763148e-01 2.789840055558440168e-01 1.368964930673359559e+00 2.680394626175932812e-02 1.004529393115538918e-02 -1.650266842644462217e-01 -9.966364335409377828e-01
9.641700000000000000e+06 -4.766656462793806837e-01 2.945187835903063100e-01 1.361087273664953301e+00 2.767821988817514844e-02 8.794897918610846549e-03 -1.659965243886274977e-01 -9.964998858061893117e-01
9.691657000000000000e+06 -4.688259585432612564e-01 3.075374144009491717e-01 1.353084536847420694e+00 2.836807158429140510e-02 8.088586666100973030e-03 -1.670382258641983642e-01 -9.963932912747848203e-01
9.741614000000000000e+06 -4.609856140356275445e-01 3.191392642319484940e-01 1.344225673692325040e+00 2.927869905999519462e-02 7.593741738562692981e-03 -1.679946649099686717e-01 -9.963087516487035833e-01
9.791571000000000000e+06 -4.517889669184305124e-01 3.284039832780294432e-01 1.334240193941069075e+00 3.051478825212705637e-02 7.198523967228167425e-03 -1.688968145256963815e-01 -9.962201844033489184e-01
9.841528000000000000e+06 -4.420449888414550998e-01 3.355874779959398535e-01 1.322910317661089019e+00 3.158393753159599582e-02 7.108007525004867225e-03 -1.699405537695020396e-01 -9.961678099769314398e-01
9.891485000000000000e+06 -4.330243719706750039e-01 3.415887301479113569e-01 1.311458030610854975e+00 3.348456917128207061e-02 6.865821012360545129e-03 -1.709772967152224932e-01 -9.960886615287946055e-01
9.941442000000000000e+06 -4.245838986158684270e-01 3.464928775476587841e-01 1.299974961367814430e+00 3.527426382583596226e-02 6.984118404828560528e-03 -1.721598495860585387e-01 -9.960502495736978101e-01
9.991399000000000000e+06 -4.156194436473191756e-01 3.496918427908637383e-01 1.287676191442220786e+00 3.765276487836924368e-02 7.478260528633987742e-03 -1.735876874548259730e-01 -9.960197240490993309e-01
1.004135600000000000e+07 -4.078143060844505730e-01 3.512690465626731595e-01 1.275559004223384196e+00 3.953138903695738171e-02 8.575600541994771175e-03 -1.751649476988155485e-01 -9.960411369170870666e-01
1.009131300000000000e+07 -3.982808211366715700e-01 3.504904673198152021e-01 1.262839242277425722e+00 4.137128401757644847e-02 1.022683826621590374e-02 -1.768164327024403515e-01 -9.960967104515047188e-01
1.014127000000000000e+07 -3.905737883668676802e-01 3.490179385193584727e-01 1.250026329660171243e+00 4.345306784832837776e-02 1.241285546489630937e-02 -1.784669415618120869e-01 -9.961959095379848694e-01
1.019122700000000000e+07 -3.795148264172428232e-01 3.449182090180064053e-01 1.236243740015667614e+00 4.621950522675614959e-02 1.459815525061424271e-02 -1.801037854276973105e-01 -9.962839018370119870e-01
1.024118400000000000e+07 -3.806947086256753932e-01 3.422073959460029124e-01 1.223143106035743832e+00 4.802683421490798465e-02 1.701356546040502099e-02 -1.820209255676939197e-01 -9.964073540138131957e-01
1.029114100000000000e+07 -3.834235484137566430e-01 3.371581328854560966e-01 1.210127481232392332e+00 4.966636239583645945e-02 1.914838868052227971e-02 -1.838362110001678651e-01 -9.965211733751784262e-01
1.034109800000000000e+07 -3.860848717445828915e-01 3.301175739673857246e-01 1.197107513298431458e+00 5.097107832676175260e-02 2.128353418157820365e-02 -1.853200519835603577e-01 -9.966525568755260078e-01
1.039105500000000000e+07 -3.876816551246285436e-01 3.193987804606308045e-01 1.183713441273707589e+00 5.194788226216533883e-02 2.340590320452990564e-02 -1.863537354709575988e-01 -9.967921566654758259e-01
1.044101200000000000e+07 -3.902598815452459347e-01 3.074254673129219184e-01 1.170092237994224904e+00 5.208558394509496536e-02 2.554487187125202563e-02 -1.868911862093218523e-01 -9.969563908771041927e-01
1.049096900000000000e+07 -3.936246925892195048e-01 2.920047594013054915e-01 1.156577214242700880e+00 5.226676017723471540e-02 2.763183948400517106e-02 -1.873745234387342584e-01 -9.971250368157509314e-01
1.054092600000000000e+07 -3.938056677303057862e-01 2.775747839351118684e-01 1.142666111337249379e+00 5.291770935099190942e-02 2.941402770168740494e-02 -1.872374663305462761e-01 -9.972794171393961626e-01
1.059088300000000000e+07 -3.986278927039443309e-01 2.576452109823809122e-01 1.130829430397534807e+00 5.347767787800977723e-02 3.101809390387416654e-02 -1.871377360846750992e-01 -9.974166974027881549e-01
1.064084000000000000e+07 -4.045020994160624106e-01 2.400480807461015664e-01 1.121417791433822364e+00 5.345300858034548325e-02 3.207148161524112778e-02 -1.866887332892158413e-01 -9.975247843629062583e-01
1.069079700000000000e+07 -4.102305654936138635e-01 2.244999503290153187e-01 1.114215539543279121e+00 5.289500225965150515e-02 3.262000949938763383e-02 -1.860257686731656979e-01 -9.975983496427422992e-01
1.074075400000000000e+07 -4.169277780999759986e-01 2.136818156366772636e-01 1.108874563479644859e+00 5.199335934301166362e-02 3.289191855954342464e-02 -1.851178691220073391e-01 -9.976704241018637953e-01
1.079071100000000000e+07 -4.248730513867113312e-01 1.940865889093710828e-01 1.105338719109432155e+00 5.051058179685434524e-02 3.319227735911817190e-02 -1.852990286951421151e-01 -9.977273849706652653e-01
1.084066800000000000e+07 -4.359932900935300504e-01 1.774900643497856756e-01 1.102690191664596808e+00 4.831491154009916189e-02 3.393697605731168382e-02 -1.855875522050461079e-01 -9.978240882892664976e-01
1.089062500000000000e+07 -4.427981194397787590e-01 1.663761255738750167e-01 1.101018729620283576e+00 4.730417031844694892e-02 3.419388387317424255e-02 -1.852087986287570542e-01 -9.978752826064027914e-01
1.094058200000000000e+07 -4.464747494663405813e-01 1.610323018720432597e-01 1.100678658138648291e+00 4.797680778759502718e-02 3.383503523060963497e-02 -1.839936319491140004e-01 -9.978149848633237617e-01
1.099053900000000000e+07 -4.476219128645302914e-01 1.472577376817781891e-01 1.101092434111890617e+00 4.837031480593469157e-02 3.398605582814040460e-02 -1.835373458900185772e-01 -9.977943336593662060e-01
1.104049600000000000e+07 -4.470525480931190621e-01 1.363972623173287657e-01 1.102647332771857114e+00 4.854041207775905420e-02 3.459274209821047025e-02 -1.832227476820548207e-01 -9.978166695446627488e-01
1.109045300000000000e+07 -4.451241097962410076e-01 1.194587480223195108e-01 1.105902269645084424e+00 4.811169533458529296e-02 3.583608938041539516e-02 -1.835780203613252837e-01 -9.978760521125045191e-01
1.114041000000000000e+07 -4.445932134469231523e-01 1.080443378872695676e-01 1.111065452122115271e+00 4.748133571658436081e-02 3.741022390822390520e-02 -1.839411495640281835e-01 -9.979610101100216957e-01
1.119036700000000000e+07 -4.435003434941409695e-01 9.234322037268852257e-02 1.117849155324752264e+00 4.682792510335205549e-02 3.908801427962170505e-02 -1.848503207670587900e-01 -9.980389623368840502e-01
1.124032400000000000e+07 -4.381182909403543713e-01 8.241535222747799205e-02 1.124668829319008356e+00 4.667236064710370003e-02 4.062128831962773245e-02 -1.853371602212708080e-01 -9.981072318340081795e-01
1.129028100000000000e+07 -4.285424657320164865e-01 6.656860850725720979e-02 1.131665581050893099e+00 4.672478353253316230e-02 4.210381045874182077e-02 -1.861918116045626348e-01 -9.981593256847443030e-01
1.134023800000000000e+07 -4.168214623580182021e-01 5.644466301931763685e-02 1.138489010874136564e+00 4.695325196782779847e-02 4.348767880536491548e-02 -1.867278664992427506e-01 -9.982127432044398674e-01
1.139019500000000000e+07 -4.021970165682347553e-01 4.194731758559965690e-02 1.145011063517314964e+00 4.753407570099553447e-02 4.468592964611657614e-02 -1.877173566302984820e-01 -9.982337968485677226e-01
1.144015200000000000e+07 -3.859469991296471947e-01 3.400729779920192569e-02 1.151227176815780906e+00 4.810055249891086182e-02 4.574420360396020541e-02 -1.884236547892765290e-01 -9.982588989056214723e-01
1.149010900000000000e+07 -3.689948948309229038e-01 2.147072148730116981e-02 1.157308300635981002e+00 4.860355745896474677e-02 4.663703120050302631e-02 -1.896933283543104087e-01 -9.982621175144863468e-01
1.154006600000000000e+07 -3.520640278014430802e-01 1.552249404543869227e-02 1.163086542026569026e+00 4.905388393724478824e-02 4.719020706436103524e-02 -1.905829140091264140e-01 -9.982668780967561828e-01
1.159002300000000000e+07 -3.342637509440171129e-01 5.102318890256210548e-03 1.168451040698687660e+00 4.944238043794578485e-02 4.728466357813669585e-02 -1.919956347440257005e-01 -9.982306753200894667e-01
1.163998000000000000e+07 -3.161479949445858972e-01 1.515604232269844674e-03 1.173168592369364882e+00 4.967539306604391164e-02 4.691874600884905766e-02 -1.930696200945671848e-01 -9.981915833386117987e-01
1.168993700000000000e+07 -2.977535128110240792e-01 -6.306542877721088569e-03 1.177981909630125834e+00 4.956255620894260000e-02 4.600043381086278693e-02 -1.944526878431940553e-01 -9.981266014811712717e-01
1.173989400000000000e+07 -2.811463464765112108e-01 -7.006713931713301480e-03 1.182781096981445401e+00 4.890053668570049084e-02 4.467339149715433139e-02 -1.954503297739434153e-01 -9.980835611464078383e-01
1.178985100000000000e+07 -2.641486918208902357e-01 -1.162894883792707154e-02 1.187924441032604417e+00 4.795843175555029869e-02 4.305658975151840234e-02 -1.966735785317261231e-01 -9.980423942036252827e-01
1.183980800000000000e+07 -2.482266735382491762e-01 -9.250381794014569600e-03 1.192330153969179074e+00 4.675554603296255135e-02 4.150084803761458496e-02 -1.975833996930017045e-01 -9.980650486499842433e-01
1.188976500000000000e+07 -2.318946740628599068e-01 -1.142929723049839093e-02 1.196203051125781069e+00 4.549497570857018863e-02 4.000331126254373648e-02 -1.987989947711706895e-01 -9.981186447537796491e-01
1.193972200000000000e+07 -2.166559112257140929e-01 -5.822959415560637064e-03 1.198530342898187051e+00 4.461758232489083931e-02 3.874495915402900725e-02 -1.996874010627193163e-01 -9.982138449805836311e-01
1.198967900000000000e+07 -2.076746592424305593e-01 -5.000034461262459207e-03 1.201267365296540435e+00 4.384430993472572535e-02 3.733792998301703470e-02 -2.016727458293822994e-01 -9.983214713389687578e-01
1.203963600000000000e+07 -2.000687014400511499e-01 2.308065062821550682e-03 1.202756129347934744e+00 4.467933372129947317e-02 3.562341827166180114e-02 -2.032200610254982498e-01 -9.982637395407814029e-01
1.208959300000000000e+07 -1.938238311751073750e-01 1.157677887527089507e-02 1.200715320682721909e+00 4.738891505798167175e-02 3.407317883780992124e-02 -2.050861023229613445e-01 -9.979865903519949955e-01
1.213955000000000000e+07 -1.869809649482540026e-01 2.285524225977548715e-02 1.198363741929395099e+00 5.187804983774674944e-02 3.225234033786084781e-02 -2.072833387502830416e-01 -9.974430895076712433e-01
1.218950700000000000e+07 -1.794194223914112318e-01 2.600844390438749459e-02 1.197542210856772149e+00 5.859020778232207349e-02 3.014865602173131057e-02 -2.107127341450919789e-01 -9.964493202279041117e-01
1.223946400000000000e+07 -1.736721384614646202e-01 3.369261817690819699e-02 1.196170650307684102e+00 6.638692498928287777e-02 2.800880428127846752e-02 -2.146476807711996393e-01 -9.952595228428582352e-01
1.228942100000000000e+07 -1.699058903043449142e-01 4.321238265349220536e-02 1.193448023868522334e+00 7.526371617177983475e-02 2.582107232901998534e-02 -2.190666602422219889e-01 -9.939429242176284207e-01
1.233937800000000000e+07 -1.670632720614252387e-01 5.386337516729283736e-02 1.190651486136056647e+00 8.492037754274277261e-02 2.351444576923374108e-02 -2.235157123044183292e-01 -9.925343061601076267e-01
1.238933500000000000e+07 -1.698949623837376910e-01 5.797768499055287739e-02 1.189054495229575181e+00 9.509722015070364021e-02 2.113795249143602187e-02 -2.283632726923290612e-01 -9.910537351237513892e-01
1.243929200000000000e+07 -1.770398919462555509e-01 6.687780441140953047e-02 1.187282966139832752e+00 1.052337376736486863e-01 1.872187912358899003e-02 -2.327408203870297843e-01 -9.896264076714593738e-01
1.248924900000000000e+07 -1.831158197055808845e-01 6.724624724368286066e-02 1.186684073234307801e+00 1.147278787119376947e-01 1.598043590213118342e-02 -2.382263776475142258e-01 -9.881995333202383547e-01
1.253920600000000000e+07 -1.886613511802481824e-01 7.252663981744209010e-02 1.187662466893991242e+00 1.244281845927501517e-01 1.299468321337737646e-02 -2.431574479853886583e-01 -9.868805828840792049e-01
1.258916300000000000e+07 -1.940083246453244703e-01 7.336589893009387575e-02 1.188008150744673364e+00 1.333950657537835705e-01 1.028974560072089782e-02 -2.476323315631548116e-01 -9.857713594149511982e-01
1.263912000000000000e+07 -2.014535746575541741e-01 8.127887256155023887e-02 1.187831795454864947e+00 1.410833570987573005e-01 7.709206409577834020e-03 -2.508147657198275260e-01 -9.849017935157173831e-01
1.268907700000000000e+07 -2.107472301423658212e-01 8.433747076655763453e-02 1.186355714568864350e+00 1.468108013090039243e-01 5.358573776866630209e-03 -2.534583633104476874e-01 -9.842458066308065190e-01
1.273903400000000000e+07 -2.204294852001000560e-01 9.308120724241006338e-02 1.186146499607160454e+00 1.502068883579030789e-01 2.905952938683867455e-03 -2.546222883112661539e-01 -9.837497850509969721e-01
1.278899100000000000e+07 -2.290467508015127107e-01 9.680238007364733166e-02 1.185681855479666424e+00 1.507944117879622958e-01 9.005450850271720349e-04 -2.548239609295893104e-01 -9.834203258697349348e-01
1.283894800000000000e+07 -2.401173013745373508e-01 1.053365260884082111e-01 1.184920936889047649e+00 1.478802669684322335e-01 -3.702660819844835012e-04 -2.534163270866479634e-01 -9.832610564202728387e-01
1.288890500000000000e+07 -2.514904375436783912e-01 1.083745142577451637e-01 1.183964782026564411e+00 1.416208649243481665e-01 -1.079115108134744497e-03 -2.511882814261500174e-01 -9.833075173126025748e-01
1.293886200000000000e+07 -2.631442346968774770e-01 1.165037674233828785e-01 1.183426766343472547e+00 1.323345306474621452e-01 -1.368670659549570774e-03 -2.476610140865243836e-01 -9.836219733554885103e-01
1.298881900000000000e+07 -2.756938158433941410e-01 1.191237849029517931e-01 1.183112778095155138e+00 1.207938477210930006e-01 -1.332520699475858543e-03 -2.435657473069225976e-01 -9.842115630631755874e-01
1.303877600000000000e+07 -2.881428005156271843e-01 1.270188567349290476e-01 1.183284286130481755e+00 1.076412288652275617e-01 -1.331263531152628889e-03 -2.383950953862546129e-01 -9.850874694028003420e-01
1.308873300000000000e+07 -3.023601724387537937e-01 1.302723289307334276e-01 1.185869697003273826e+00 9.360461888535329122e-02 -1.627408403112462357e-03 -2.330742906592946362e-01 -9.861621489630695292e-01
1.313869000000000000e+07 -3.156872721753912758e-01 1.396327827647467212e-01 1.187502533732798238e+00 7.957160981363735341e-02 -1.774297001735297653e-03 -2.267822330144834142e-01 -9.874064637662425259e-01
1.318864700000000000e+07 -3.283370402167853919e-01 1.440961954891208652e-01 1.190891035266971709e+00 6.659685893778698185e-02 -1.960369764069692065e-03 -2.204462912194359581e-01 -9.886156521249379603e-01
1.323860400000000000e+07 -3.399497263364041344e-01 1.543802280970455187e-01 1.191777231947877436e+00 5.465205072264066322e-02 -1.760509460826797240e-03 -2.135795282263846517e-01 -9.898889412083382577e-01
1.328856100000000000e+07 -3.502328457944148821e-01 1.596255937506356470e-01 1.193240017258037078e+00 4.484808264550684681e-02 -1.521777189325828651e-03 -2.071121406818705324e-01 -9.909952786021981597e-01
1.333851800000000000e+07 -3.594142698841235606e-01 1.702641999151824626e-01 1.191975790333604346e+00 3.783996533452094885e-02 -1.175837399472020456e-03 -2.006879683114269342e-01 -9.918820426815921909e-01
1.338847500000000000e+07 -3.665431069365957528e-01 1.755896489112444558e-01 1.190731533431447442e+00 3.446332989467824209e-02 -1.073295344071323451e-03 -1.949995992365266273e-01 -9.924100247871464608e-01
1.343843200000000000e+07 -3.744934315199839325e-01 1.871149897894230640e-01 1.187604257440818767e+00 3.418053507709132438e-02 -1.167038748477712985e-03 -1.897101037264754542e-01 -9.926800004915234954e-01
1.348838900000000000e+07 -3.847382485573204169e-01 1.941981086764284770e-01 1.184796438341971347e+00 3.665623911518234995e-02 -1.852235791067218494e-03 -1.856120099424801162e-01 -9.926560581609944478e-01
1.353834600000000000e+07 -3.885199076530048146e-01 2.076104605421091875e-01 1.179454880459380073e+00 4.269917802465381107e-02 -2.726368223647144921e-03 -1.812887698133478775e-01 -9.922987742638558206e-01
1.358830300000000000e+07 -3.897942029794497776e-01 2.169133032787919080e-01 1.173804675313202983e+00 5.103335627434026078e-02 -3.524450660892960302e-03 -1.781284977640666956e-01 -9.917364056534619943e-01
1.363826000000000000e+07 -3.883489591384745032e-01 2.215918564349289299e-01 1.170674864487305067e+00 6.094612180720265088e-02 -4.431094756872028598e-03 -1.759366328495016452e-01 -9.910416576270941746e-01
1.368821700000000000e+07 -3.853647518669623406e-01 2.210487092182173152e-01 1.168258561744648372e+00 7.215575430768672582e-02 -5.654135101141616153e-03 -1.748870047038641184e-01 -9.902666199807079739e-01
1.373817400000000000e+07 -3.819459171426856647e-01 2.269919971472411091e-01 1.164851981046359786e+00 8.327283010993312418e-02 -7.026860095321158309e-03 -1.737359791178943735e-01 -9.897303629523166446e-01
1.378813100000000000e+07 -3.780358804503266557e-01 2.293038853561700785e-01 1.161981613516642531e+00 9.447550481885805262e-02 -8.711386470864609238e-03 -1.728742719311401610e-01 -9.893531465081841780e-01
1.383808800000000000e+07 -3.712157983478674983e-01 2.269215329162985184e-01 1.162858725674105642e+00 1.046651157803076132e-01 -1.053324074480375440e-02 -1.721386133318472123e-01 -9.890629926745077016e-01
1.388804500000000000e+07 -3.674335234575131781e-01 2.217408674886884312e-01 1.165047924092810439e+00 1.127239398777584445e-01 -1.187520159396915354e-02 -1.720392643529478904e-01 -9.888072932808233961e-01
1.393800200000000000e+07 -3.576931904746227797e-01 2.210544756050673021e-01 1.168361392862539816e+00 1.180087455622703119e-01 -1.283770170537113994e-02 -1.725516138502529717e-01 -9.886087021097205163e-01
1.398795900000000000e+07 -3.422163967230918424e-01 2.143625662058002701e-01 1.172212033714642665e+00 1.200819084841033141e-01 -1.326312292743179154e-02 -1.745143411535677036e-01 -9.883745814996346413e-01
1.403791600000000000e+07 -3.248243975954121510e-01 2.157182384319055179e-01 1.178724778012543162e+00 1.190497773901359746e-01 -1.323241769976742435e-02 -1.757040946858562935e-01 -9.881936770131457548e-01
1.408787300000000000e+07 -3.118342315588886748e-01 2.157115459021082260e-01 1.185112960333877696e+00 1.123931601877074526e-01 -1.209567570477930454e-02 -1.771594985570757452e-01 -9.879224659040275469e-01
1.413783000000000000e+07 -2.959408533626968762e-01 2.201333071360485061e-01 1.192117833247310132e+00 1.015833045360888809e-01 -1.041972404236308353e-02 -1.781855824116909681e-01 -9.876994308501765296e-01
1.418778700000000000e+07 -2.779639964802876895e-01 2.175192290464004197e-01 1.199043568678287430e+00 8.650989054307263448e-02 -8.047572118584693512e-03 -1.795771896124771227e-01 -9.875304322612449281e-01
1.423774400000000000e+07 -2.604967275192512366e-01 2.206686208765430979e-01 1.208651305925319219e+00 6.863139579806920576e-02 -5.552484396247626616e-03 -1.800264607482254253e-01 -9.874617807131051972e-01
1.428770100000000000e+07 -2.442260536117764058e-01 2.183983325560650557e-01 1.216567131106716992e+00 4.821868246724684420e-02 -2.288295946207678701e-03 -1.801096188157855216e-01 -9.875703062504276319e-01
1.433765800000000000e+07 -2.295644535463574609e-01 2.196382514383942164e-01 1.224272216950438086e+00 2.612932015471884639e-02 1.407074558898464530e-03 -1.793777940720030217e-01 -9.878783730464788526e-01
1.438761500000000000e+07 -2.157239575210099236e-01 2.152790742124637557e-01 1.231881384579420535e+00 4.027885441601253107e-03 5.062425576526195445e-03 -1.787397256136827040e-01 -9.884236627149310950e-01
1.443757200000000000e+07 -2.047351308535342029e-01 2.161370214975565363e-01 1.239676084792691979e+00 -1.728195427039481286e-02 8.801599189492860867e-03 -1.775113130478329082e-01 -9.891831288370970254e-01
1.448752900000000000e+07 -1.970645585906068697e-01 2.118562842584276740e-01 1.246423550122887081e+00 -3.631844279838537803e-02 1.248479594229561992e-02 -1.763641658752903574e-01 -9.900717463133617002e-01
1.453748600000000000e+07 -1.926948557740506551e-01 2.130813600992715329e-01 1.253167958174936203e+00 -5.292553969578543682e-02 1.581880733147056003e-02 -1.747406048399882672e-01 -9.910002153938506364e-01
1.458744300000000000e+07 -1.911239298413314469e-01 2.095636896164286278e-01 1.258787774854029484e+00 -6.579827084632372536e-02 1.877703356059832324e-02 -1.732340093336143805e-01 -9.918254813566093064e-01
1.463740000000000000e+07 -1.914850907832719717e-01 2.110506599719501886e-01 1.261791351920286797e+00 -7.475353052280866994e-02 2.149544617487450168e-02 -1.712593644925871628e-01 -9.924924932330950744e-01
1.468735700000000000e+07 -1.947010189350456000e-01 2.065090697896662941e-01 1.263515684851080678e+00 -7.962759873132174704e-02 2.382556229834503422e-02 -1.695929587240975200e-01 -9.929513674066766660e-01
1.473731400000000000e+07 -2.009939123918279835e-01 2.070178021642831157e-01 1.261556312521585399e+00 -8.120079276290272097e-02 2.599067299569269435e-02 -1.675691993702973503e-01 -9.933390770640024847e-01
1.478727100000000000e+07 -2.098372737826814383e-01 2.020069382458892782e-01 1.259479932827806570e+00 -7.866301834878924870e-02 2.734964389095835557e-02 -1.660994359440464418e-01 -9.934857759916370101e-01
1.483722800000000000e+07 -2.209456060912964870e-01 2.026637059544473540e-01 1.253704805074037365e+00 -7.294542560293600097e-02 2.816627153321636656e-02 -1.644362463307823818e-01 -9.935870611182567869e-01
1.488718500000000000e+07 -2.340706978627605517e-01 1.990531697724119142e-01 1.248128374064236157e+00 -6.378312760643081725e-02 2.797973565311894298e-02 -1.631044459871795194e-01 -9.936016607892105279e-01
1.493714200000000000e+07 -2.509345971041227474e-01 2.018180617326472415e-01 1.239559824945446920e+00 -5.253004266117491938e-02 2.738441904223572546e-02 -1.614190732360633596e-01 -9.937448228522386406e-01
1.498709900000000000e+07 -2.702189833939464547e-01 1.998374579810015539e-01 1.230537697462771973e+00 -3.916689399176692676e-02 2.642145862292568162e-02 -1.601188584929743308e-01 -9.939730924328467054e-01
1.503705600000000000e+07 -2.901879115613956173e-01 2.027958682693908332e-01 1.219322287620124845e+00 -2.419045686279734306e-02 2.529785811019390207e-02 -1.582842868996749419e-01 -9.943080181742797174e-01
1.508701300000000000e+07 -3.100905844098145181e-01 1.989790213921004414e-01 1.208025157757844914e+00 -7.519446853691184526e-03 2.393483242377220099e-02 -1.566106957043207348e-01 -9.946692328834820795e-01
1.513697000000000000e+07 -3.310484194391036250e-01 1.996738738120538148e-01 1.195425137992104592e+00 1.021195036469834880e-02 2.236108168535602680e-02 -1.542954626635741899e-01 -9.950621405423365484e-01
1.518692700000000000e+07 -3.517235633232626557e-01 1.943903119955702197e-01 1.183511465662141715e+00 2.834742478557216935e-02 2.035813147420048250e-02 -1.520636609945583695e-01 -9.954860017056331722e-01
1.523688400000000000e+07 -3.724623129542293798e-01 1.938237735024917474e-01 1.172235799535027212e+00 4.663280013535410495e-02 1.795375581183473665e-02 -1.491957169893627366e-01 -9.957759375410457636e-01
1.528684100000000000e+07 -3.923565973105370697e-01 1.875278098480154809e-01 1.163915859970348299e+00 6.500174400854294432e-02 1.555857092347556585e-02 -1.466315280608319616e-01 -9.957198713210670959e-01
1.533679800000000000e+07 -4.103167379110810309e-01 1.859642774688319566e-01 1.156687111047594474e+00 8.245416672903835287e-02 1.378239875704586129e-02 -1.441869258217909899e-01 -9.952614416532689079e-01
1.538675500000000000e+07 -4.276922868479705597e-01 1.804167825409367931e-01 1.151059808628100312e+00 9.957800993590809613e-02 1.268293531502822855e-02 -1.428477866035440524e-01 -9.941900432388586228e-01
1.543671200000000000e+07 -4.401744645411943546e-01 1.794403825176309475e-01 1.146330587420747005e+00 1.160143391548885544e-01 1.182781607923241544e-02 -1.418057513324262886e-01 -9.927204682558699034e-01
1.548666900000000000e+07 -4.490942244722203602e-01 1.732244674149413799e-01 1.143198497359284582e+00 1.313466646002819926e-01 1.110735473742565683e-02 -1.413714852173972303e-01 -9.908812748572655149e-01
1.553662600000000000e+07 -4.556880490325316835e-01 1.735862726236182818e-01 1.140996002792983521e+00 1.455097741331054795e-01 1.044808742041971640e-02 -1.401307779982528257e-01 -9.888367906886211811e-01
1.558658300000000000e+07 -4.604093032297421617e-01 1.697045755220533414e-01 1.138501152745240663e+00 1.588027088088992955e-01 9.983029415757451938e-03 -1.389071120333907894e-01 -9.865848390491991360e-01
1.563654000000000000e+07 -4.578258393179663877e-01 1.693643210937092469e-01 1.135240601690626461e+00 1.725160075158084227e-01 9.321240041058170486e-03 -1.371288825742178474e-01 -9.845429415059177014e-01
1.568649700000000000e+07 -4.545242172823843463e-01 1.608685907619798183e-01 1.133845917509605172e+00 1.850670894205044270e-01 8.609504875022148951e-03 -1.390093593635332303e-01 -9.823699599375379510e-01
1.573645400000000000e+07 -4.508774284659821108e-01 1.570667617619200540e-01 1.134061971595500928e+00 1.972253452950081809e-01 7.168595544888287964e-03 -1.425685136565800204e-01 -9.802170271439588634e-01
1.578641100000000000e+07 -4.482487922775336697e-01 1.513744146343066754e-01 1.134395516728352593e+00 2.083837281503543581e-01 5.771018090453420950e-03 -1.470055663143548241e-01 -9.782011196863938940e-01
1.583636800000000000e+07 -4.395453687880406246e-01 1.489964821143863472e-01 1.134573214795023599e+00 2.184319376074189412e-01 4.910430244841595265e-03 -1.518784843922258432e-01 -9.765089160281699154e-01
1.588632500000000000e+07 -4.326485486972865835e-01 1.483955183686144208e-01 1.136243554662382582e+00 2.262087413333429553e-01 3.969799225459658305e-03 -1.567408457162024482e-01 -9.751723328605784724e-01
1.593628200000000000e+07 -4.197348650750056809e-01 1.528304641811077391e-01 1.137145299638260942e+00 2.319987058539145219e-01 3.574895443966897776e-03 -1.615627978115776187e-01 -9.742321522598644812e-01
1.598623900000000000e+07 -4.005393273664701326e-01 1.535447829279464604e-01 1.136334034804948212e+00 2.357187859112436501e-01 3.637093339512961244e-03 -1.665497630911038085e-01 -9.737114002277937885e-01
1.603619600000000000e+07 -3.796284333387292542e-01 1.620662938009328757e-01 1.136889404908424162e+00 2.369125989575014413e-01 3.295215596144704991e-03 -1.709049935226790717e-01 -9.735667102417977503e-01
1.608615300000000000e+07 -3.605703470921078346e-01 1.733853786174492928e-01 1.137792861896602892e+00 2.355682144813162071e-01 2.874130755037287814e-03 -1.755784205585427804e-01 -9.737903190019827626e-01
1.613611000000000000e+07 -3.442397414113499421e-01 1.844901380269680646e-01 1.139168906881131482e+00 2.309054040644485384e-01 2.399201238762953964e-03 -1.806752706257601648e-01 -9.743418196041322421e-01
1.618606700000000000e+07 -3.236364662645659918e-01 1.873578114375910320e-01 1.138804787498290061e+00 2.224623011022705266e-01 2.501107211629269474e-03 -1.864629780885774246e-01 -9.752063822972258933e-01
1.623602400000000000e+07 -3.033587868846107094e-01 1.941349566293200657e-01 1.139842508009622613e+00 2.105526280144804641e-01 2.513361880789516389e-03 -1.915933536538088899e-01 -9.763253871314031551e-01
1.628598100000000000e+07 -2.843906383681801819e-01 1.925523180246374588e-01 1.140481607671421704e+00 1.963749490957822919e-01 2.160817991003025074e-03 -1.966614361918384568e-01 -9.776899464142349006e-01
1.633593800000000000e+07 -2.684427271770124523e-01 1.950324162940285655e-01 1.143222846963475980e+00 1.799941798479241239e-01 1.374351908850381023e-03 -2.005128739651684255e-01 -9.792119785367262574e-01
1.638589500000000000e+07 -2.529209836991543336e-01 2.015667138040866668e-01 1.151791209689008832e+00 1.623683917011629618e-01 -5.149775372311356757e-04 -2.026078067489036072e-01 -9.807167561168929071e-01
1.643585200000000000e+07 -2.384819546895675102e-01 2.101839125637068317e-01 1.159889984211080360e+00 1.420195679598284522e-01 -2.084270398978019939e-03 -2.034801932343356934e-01 -9.823057222138684708e-01
1.648580900000000000e+07 -2.255660188550424605e-01 2.098142284486077813e-01 1.167336880782308794e+00 1.194731479979877636e-01 -3.138009708509648284e-03 -2.042683766509767185e-01 -9.839682113661872842e-01
1.653576600000000000e+07 -2.152716803411414137e-01 2.121128467643653703e-01 1.174167007100036297e+00 9.520551599292464973e-02 -3.893481124304896956e-03 -2.041633446908895921e-01 -9.856930129986887223e-01
1.658572300000000000e+07 -2.056791809428791806e-01 2.165057444854832924e-01 1.181647644692527477e+00 7.059384190246276169e-02 -4.675777753484043273e-03 -2.027339566916127878e-01 -9.873803394062802274e-01
1.663568000000000000e+07 -1.986923205929316816e-01 2.211403618233374058e-01 1.188640878890945718e+00 4.651485139376735495e-02 -5.443504904455805440e-03 -1.998832099837809240e-01 -9.890445450210901823e-01
1.668563700000000000e+07 -1.938134347311818717e-01 2.189084672713184354e-01 1.196296273852441194e+00 2.431213527143271866e-02 -5.886478333171976662e-03 -1.954575696148571351e-01 -9.905605648821057541e-01
1.673559400000000000e+07 -1.916702577286736597e-01 2.130154053369681388e-01 1.203909383213852768e+00 4.189195214713278131e-03 -5.827989676902869259e-03 -1.890037829025357774e-01 -9.917561552283811199e-01
1.678555100000000000e+07 -1.893731815547224917e-01 2.050554651216622282e-01 1.212502872555247357e+00 -1.359888312005036286e-02 -4.928326719753876525e-03 -1.806663018293261092e-01 -9.926272395682658178e-01
1.683550800000000000e+07 -1.870210531251483010e-01 2.056707826683179530e-01 1.218034853094603465e+00 -2.837348090057143987e-02 -3.606113079652977990e-03 -1.700482773744437515e-01 -9.932114965513574312e-01
1.688546500000000000e+07 -1.854571954950306467e-01 2.026788285708033266e-01 1.224019291822654454e+00 -3.972463872594810680e-02 -2.203115470822583025e-03 -1.586453573839290421e-01 -9.935361604387829004e-01
1.693542200000000000e+07 -1.858929607535634299e-01 2.043829152941187000e-01 1.225860259513149808e+00 -4.789994652539782821e-02 -7.079324181860514181e-04 -1.467660905301941821e-01 -9.937928713427788274e-01
1.698537900000000000e+07 -1.879754705497658773e-01 2.002381513356605580e-01 1.228449291365445450e+00 -5.229112832997732940e-02 4.111985665905277393e-04 -1.354757788917144157e-01 -9.938496861030264862e-01
1.703533600000000000e+07 -1.973856943013986565e-01 1.932779496673857900e-01 1.229422432856285941e+00 -5.252189325891114952e-02 1.282658624445900042e-03 -1.253216823172947914e-01 -9.936926905336234128e-01
1.708529300000000000e+07 -2.089669128564589362e-01 1.846506487421927800e-01 1.229986539972910409e+00 -4.841741849800322572e-02 1.467422801635252447e-03 -1.172190355914125848e-01 -9.932245987100610796e-01
1.713525000000000000e+07 -2.178043927516252198e-01 1.826937683369918575e-01 1.228197243955552187e+00 -4.111858099648207227e-02 1.146526930212176092e-03 -1.111786065457737172e-01 -9.925948531809091202e-01
1.718520700000000000e+07 -2.285792029307637530e-01 1.767313614865526905e-01 1.226717102743676291e+00 -3.143781767761868323e-02 7.278672003908952725e-04 -1.087134858755350875e-01 -9.917726084747704451e-01
1.723516400000000000e+07 -2.433413008770176078e-01 1.741352272436013371e-01 1.224216849956323738e+00 -2.083163731809398178e-02 9.649699398868356610e-04 -1.064766858551980389e-01 -9.912677129453182356e-01
1.728512100000000000e+07 -2.588158794604114021e-01 1.748939672821806235e-01 1.219809340475973780e+00 -8.829017372172016931e-03 1.772073455483379840e-03 -1.042808918282828734e-01 -9.910060214993144934e-01
1.733507800000000000e+07 -2.681618367377246459e-01 1.827412594124182832e-01 1.211576020734677517e+00 3.203349658664120074e-03 3.387562943997545709e-03 -1.027447893993197886e-01 -9.910670645117668487e-01
1.738503500000000000e+07 -2.778851539247274571e-01 1.914052767774666874e-01 1.203514662651898881e+00 1.510709420396898033e-02 4.739037031579537360e-03 -1.021959647869992854e-01 -9.913029426513475517e-01
1.743499200000000000e+07 -2.826282898589153048e-01 1.983003411887912515e-01 1.194740470575144764e+00 3.025361234552721018e-02 5.047398837467046914e-03 -1.037515370672598830e-01 -9.911950036211207848e-01
1.748494900000000000e+07 -2.858386044783675639e-01 2.024448443517761209e-01 1.186665043004049735e+00 4.445713923632509113e-02 5.576369335086329634e-03 -1.069021293011389040e-01 -9.912933857659588233e-01
1.753490600000000000e+07 -2.908652084647447289e-01 2.139228740143770957e-01 1.179294837470522994e+00 5.867828657132106995e-02 5.655755241218363150e-03 -1.108907899953737591e-01 -9.913552219538431798e-01
1.758486300000000000e+07 -2.950396465009932356e-01 2.194906709375831488e-01 1.171794974215136564e+00 7.180918749723641525e-02 6.163328295902838726e-03 -1.162467594966265783e-01 -9.914525736981603110e-01
1.763482000000000000e+07 -2.929470002958453057e-01 2.114211928559905362e-01 1.166169489169867735e+00 8.369095574591645104e-02 6.584415858317178329e-03 -1.226439788927412011e-01 -9.914980594846551920e-01
1.768477700000000000e+07 -2.846466342446335451e-01 2.046320680615870136e-01 1.161322911379272016e+00 9.464584557154016864e-02 7.084737735607075926e-03 -1.288190214192203031e-01 -9.914809300023024186e-01
1.773473400000000000e+07 -2.776030170957210497e-01 2.077735996409241781e-01 1.159306349253274471e+00 1.052525918426490542e-01 6.602654066558038062e-03 -1.341724516735109951e-01 -9.913546477951880043e-01
1.778469100000000000e+07 -2.692224252108951776e-01 2.075407635289182595e-01 1.159221664815218489e+00 1.149318482912503742e-01 5.717484937983394189e-03 -1.400392545234888930e-01 -9.911946351863871740e-01
1.783464800000000000e+07 -2.575015424957325383e-01 2.116176714667294956e-01 1.164458109782578354e+00 1.248760543735861483e-01 3.389422396571665705e-03 -1.457906391959874481e-01 -9.906173477309220265e-01
1.788460500000000000e+07 -2.427954597158978323e-01 2.208491201265619652e-01 1.171425413838791840e+00 1.340631493152119602e-01 6.738884898459147899e-04 -1.513066291021858412e-01 -9.899255254122109049e-01
1.793456200000000000e+07 -2.270947531440523637e-01 2.203204215043843006e-01 1.174830614246487936e+00 1.403385656639245804e-01 -6.405310521302885404e-04 -1.581254709936878444e-01 -9.893706470745691206e-01
1.798451900000000000e+07 -2.114926585517247493e-01 2.202224165319531801e-01 1.176461978545047415e+00 1.439974681248424038e-01 -8.125968500789118414e-04 -1.651597628411077823e-01 -9.890428855139344888e-01
1.803447600000000000e+07 -1.969345071405539382e-01 2.222926466247693578e-01 1.178368368115703113e+00 1.456797011387362395e-01 -4.745347913210212223e-04 -1.717117146706466368e-01 -9.888744690274968718e-01
1.808443300000000000e+07 -1.825593252910496234e-01 2.283060467971775309e-01 1.180275025834743197e+00 1.457602855634768102e-01 4.270055278153322888e-04 -1.766822986963210163e-01 -9.888577519055373743e-01
1.813439000000000000e+07 -1.724398061046840958e-01 2.264424812679847465e-01 1.181427964221017923e+00 1.446723184763863412e-01 1.852320251340199486e-03 -1.807005627693401284e-01 -9.889651196221969087e-01
1.818434700000000000e+07 -1.663378330114308745e-01 2.272309913865442343e-01 1.181571718822405748e+00 1.422122484480765336e-01 4.033901788932734572e-03 -1.828724534276308378e-01 -9.891645431918326681e-01
1.823430400000000000e+07 -1.637520650884784212e-01 2.265333930647426552e-01 1.181743772433730078e+00 1.380049272770474122e-01 6.598776402205407642e-03 -1.840161425645140403e-01 -9.894481195567206289e-01
1.828426100000000000e+07 -1.638133295718026960e-01 2.363983468183087078e-01 1.181007125698274596e+00 1.335737431258664787e-01 9.114206619917575303e-03 -1.838533730979762526e-01 -9.897672353056695682e-01
1.833421800000000000e+07 -1.687278722876425774e-01 2.457220084335066668e-01 1.179193901862859661e+00 1.292152266879468825e-01 1.157266406545782306e-02 -1.836392130129758660e-01 -9.901421235737348781e-01
1.838417500000000000e+07 -1.789457643859026226e-01 2.539552359015547767e-01 1.177778897869051544e+00 1.252365874397532997e-01 1.380684487223198670e-02 -1.838562215973781055e-01 -9.905727343071555335e-01
1.843413200000000000e+07 -1.944174207566252144e-01 2.608237414340613403e-01 1.175604867240062967e+00 1.219400118893386176e-01 1.574198336565693981e-02 -1.843139902014391263e-01 -9.909608182858209435e-01
1.848408900000000000e+07 -2.146301502096540081e-01 2.659646860709138361e-01 1.174670618654809262e+00 1.187488398676616735e-01 1.732019011809318026e-02 -1.847544195569952863e-01 -9.913193754308342598e-01
1.853404600000000000e+07 -2.407707652808842025e-01 2.700670034874194658e-01 1.172912876760274337e+00 1.158748135655567613e-01 1.869685653676694467e-02 -1.850528072778127864e-01 -9.916551677659047881e-01
1.858400300000000000e+07 -2.648994178622519624e-01 2.830729828142214410e-01 1.169254454502002494e+00 1.125001811713269573e-01 2.020653357395679056e-02 -1.843053838799640076e-01 -9.920559754029635302e-01
1.863396000000000000e+07 -2.898664276025950115e-01 2.950356850943541831e-01 1.165461359171461986e+00 1.080600727807005668e-01 2.207636582225985800e-02 -1.831410128302776441e-01 -9.926078836049788690e-01
1.868391700000000000e+07 -3.217854079545270363e-01 3.056398211015724509e-01 1.162234260888116433e+00 1.020941895481310979e-01 2.458969988242077145e-02 -1.821531335596923429e-01 -9.933462007368792923e-01
1.873387400000000000e+07 -3.562291076699872217e-01 3.132788272274544816e-01 1.159092790567199494e+00 9.491756480220225889e-02 2.759964654356567709e-02 -1.813991845640731404e-01 -9.942222562779524653e-01
1.878383100000000000e+07 -3.889944139672629198e-01 3.270308896480422223e-01 1.154463697431585611e+00 8.827010515678254676e-02 2.995185045671748883e-02 -1.802095614807087964e-01 -9.950121516101377850e-01
1.883378800000000000e+07 -4.205689144689604420e-01 3.381955692593625606e-01 1.149750289821977356e+00 8.184864564536455112e-02 3.186242129273590684e-02 -1.792285264458638172e-01 -9.957451397072850652e-01
1.888374500000000000e+07 -4.507371530162655460e-01 3.461366271118809790e-01 1.147110195013716361e+00 7.648136622791963657e-02 3.280789310445469259e-02 -1.784467314941175220e-01 -9.962733795379778989e-01
1.893370200000000000e+07 -4.792766051361050383e-01 3.508901964509573701e-01 1.145434066693865605e+00 7.272936379017341801e-02 3.294030309870644990e-02 -1.777619838438228017e-01 -9.965368728320529446e-01
1.898365900000000000e+07 -5.025060609578589910e-01 3.567899119066801905e-01 1.143250714941665080e+00 6.738206129702224711e-02 3.402725286243219599e-02 -1.762867462828527354e-01 -9.971208902371528904e-01
1.903361600000000000e+07 -5.229368348667045030e-01 3.616556888844753015e-01 1.140918876687222472e+00 6.352666503379998664e-02 3.469825906435081153e-02 -1.739066952473259375e-01 -9.975211344409086189e-01
1.908357300000000000e+07 -5.393882345299045866e-01 3.629711826813549758e-01 1.139879159706789657e+00 6.006162538302516063e-02 3.519682413852262548e-02 -1.710797874594285894e-01 -9.978655273040071272e-01
1.913353000000000000e+07 -5.518575416209066109e-01 3.614777953198909377e-01 1.140356217692195084e+00 5.760042202453025811e-02 3.512681828643410969e-02 -1.681364444569307393e-01 -9.980634109297019663e-01
1.918348700000000000e+07 -5.622360013218949959e-01 3.687842702686189855e-01 1.140094623359989345e+00 5.607635601821600591e-02 3.464826898117995962e-02 -1.646138088712136294e-01 -9.981184117922634602e-01
1.923344400000000000e+07 -5.701893200141269213e-01 3.735902731571192348e-01 1.141087024442577036e+00 5.549929655990211430e-02 3.356250615616292871e-02 -1.616288621785194335e-01 -9.980396599316351258e-01
1.928340100000000000e+07 -5.746486594446787999e-01 3.742965415018048025e-01 1.143233807903129895e+00 5.580115954506988107e-02 3.224404647927034406e-02 -1.592010266543067987e-01 -9.978505990455327490e-01
1.933335800000000000e+07 -5.759934545990995636e-01 3.726797546180136145e-01 1.146339848688259444e+00 5.754503705093914206e-02 3.040529840199484440e-02 -1.569659534431994963e-01 -9.974943377404141831e-01
1.938331500000000000e+07 -5.762619585959143365e-01 3.753193402779970711e-01 1.148102095784157228e+00 5.798105394438609478e-02 2.960429505818873430e-02 -1.546006823824557508e-01 -9.973826894570245738e-01
1.943327200000000000e+07 -5.741430261473788876e-01 3.712593225792669149e-01 1.148825339229519127e+00 5.686795347778479670e-02 2.985545812921876901e-02 -1.529397945136278247e-01 -9.974267915659968953e-01
1.948322900000000000e+07 -5.711574657049984793e-01 3.720893881188433450e-01 1.148299541479038233e+00 5.496526327779403115e-02 3.060540130926271002e-02 -1.512356244467376598e-01 -9.975233877385787373e-01
1.953318600000000000e+07 -5.683210497568923492e-01 3.679152245499054397e-01 1.148469024811755279e+00 5.298313744955999993e-02 3.141482082227785994e-02 -1.501037694614552054e-01 -9.976228794594549365e-01
1.958314300000000000e+07 -5.663514679488093062e-01 3.697909302866897452e-01 1.148584865777757091e+00 5.092800820120170491e-02 3.219512423005603530e-02 -1.486863297801944706e-01 -9.977309501111268908e-01
1.963310000000000000e+07 -5.657174954762724806e-01 3.666006300877087121e-01 1.148354020174421786e+00 4.927748377899666271e-02 3.282232318560641959e-02 -1.477333983680875762e-01 -9.978161024814597990e-01
1.968305700000000000e+07 -5.645476750749077732e-01 3.681849491069148494e-01 1.147606196739326068e+00 4.772535174532707702e-02 3.351757222834007843e-02 -1.467060190933311414e-01 -9.979014156976859784e-01
1.973301400000000000e+07 -5.628085261691607721e-01 3.642221603215605175e-01 1.147782995163174835e+00 4.657737916553746083e-02 3.406997591878707654e-02 -1.463424195065865796e-01 -9.979621605957605945e-01
1.978297100000000000e+07 -5.606694777851835010e-01 3.665868653247495446e-01 1.147526818314160035e+00 4.588829395300218078e-02 3.444123489487001255e-02 -1.457821577521892231e-01 -9.979923446599575643e-01
1.983292800000000000e+07 -5.592627240984757719e-01 3.662972359929934640e-01 1.147545335950425072e+00 4.541406392291924554e-02 3.450065303756080087e-02 -1.454818257157557970e-01 -9.979942255193774425e-01
1.988288500000000000e+07 -5.578333923073509615e-01 3.659529143183260502e-01 1.147575822944502999e+00 4.502572428797826931e-02 3.455418289214891997e-02 -1.452655358060811475e-01 -9.979924137840762155e-01
1.993284200000000000e+07 -5.564275819087904917e-01 3.655482780246395169e-01 1.147619531387106706e+00 4.470446441794385939e-02 3.461552735828768435e-02 -1.451160255805809818e-01 -9.979886862171675199e-01
1.998279900000000000e+07 -5.550913923997623511e-01 3.650777048358173071e-01 1.147677713368921770e+00 4.443147368257943652e-02 3.469838933562963829e-02 -1.450160325966676766e-01 -9.979848195817411227e-01
2.003275600000000000e+07 -5.538709232772346391e-01 3.645355724757430860e-01 1.147751620980634213e+00 4.418794145164851861e-02 3.481647172382728445e-02 -1.449482944117536087e-01 -9.979825906408870129e-01
2.008271300000000000e+07 -5.528122740381752331e-01 3.639162586683004075e-01 1.147842506312929833e+00 4.395505709491456109e-02 3.498347742253313936e-02 -1.448955485832510992e-01 -9.979837761576950683e-01
2.013267000000000000e+07 -5.519615441795522326e-01 3.632141411373728812e-01 1.147951621456494431e+00 4.371400998214106798e-02 3.521310933139971955e-02 -1.448405326685724415e-01 -9.979901528952550560e-01
2.018262600000000000e+07 -5.513648331983337370e-01 3.624235976068440612e-01 1.148080218502013583e+00 4.344598948309149472e-02 3.551907035007953461e-02 -1.447659842251300399e-01 -9.980034976166570759e-01
2.023258400000000000e+07 -5.510682405914875126e-01 3.615390058005975571e-01 1.148229549540173311e+00 4.313218496752933839e-02 3.591506337822511497e-02 -1.446546408103362158e-01 -9.980255870849908950e-01
2.028254000000000000e+07 -5.511178658559817700e-01 3.605547434425169784e-01 1.148400866661659192e+00 4.275378580521807526e-02 3.641479131548896325e-02 -1.444892399816033179e-01 -9.980581980633465022e-01
2.033249800000000000e+07 -5.515598084887843866e-01 3.594651882564858236e-01 1.148595421957157470e+00 4.229198136592116075e-02 3.703195706152360989e-02 -1.442525192963436675e-01 -9.981031073148137756e-01
2.038245500000000000e+07 -5.524401679868635728e-01 3.582647179663877579e-01 1.148814467517353277e+00 4.172796101940211277e-02 3.778026351598157140e-02 -1.439272163119696413e-01 -9.981620916024824819e-01
2.043241200000000000e+07 -5.538050438471870951e-01 3.569477102961063353e-01 1.149059255432933080e+00 4.104291413542438677e-02 3.867341357851534350e-02 -1.434960685858935603e-01 -9.982369276894427212e-01
2.048236900000000000e+07 -5.557005355667231639e-01 3.555085429695251098e-01 1.149331037794582233e+00 4.021803008375146593e-02 3.972511014877748436e-02 -1.429418136755277735e-01 -9.983293923387841495e-01
2.053232600000000000e+07 -5.581727426424396565e-01 3.539415937105277465e-01 1.149631066692986758e+00 3.923449823414683346e-02 4.094905612642046194e-02 -1.422471891382846299e-01 -9.984412623135969778e-01
