#timestamp tx ty tz qx qy qz  qw
3.346281167999999598e+06 -4.188897339533974584e-01 2.534602239750678443e-01 1.207930712462721878e+00 2.390080935501294815e-02 7.909018296175567009e-02 -1.479495776267869545e-01 1.372036424267268108e-02
3.396222131499999668e+06 -4.366926994673113738e-01 2.686129467551103267e-01 1.199625383844487692e+00 2.855547406256946780e-02 6.520067080497782275e-02 -1.466890948300252628e-01 1.364672454951705756e-02
3.446238970000000205e+06 -4.501110626529796765e-01 2.831986110546377278e-01 1.191740242832374896e+00 3.225731346851491710e-02 5.374446279588939585e-02 -1.458777177531626612e-01 1.357902093487843055e-02
3.496338195000000298e+06 -4.594560141990878810e-01 2.971588149223651776e-01 1.184265188330824392e+00 3.507372129465124999e-02 4.455875394276720414e-02 -1.454776177584338193e-01 1.351711692881999230e-02
3.546435695500000380e+06 -4.650387447943217789e-01 3.104351564070075842e-01 1.177190119244276190e+00 3.707209126278042388e-02 3.748073925388806932e-02 -1.454509662080733512e-01 1.346087606140493158e-02
3.596441415500000119e+06 -4.671704451273669956e-01 3.229692335572800777e-01 1.170504934477170744e+00 3.831981709470438230e-02 3.234761373752879227e-02 -1.457599344643159822e-01 1.341016186269644236e-02
3.646377810000000056e+06 -4.661623058869092673e-01 3.347026444218976771e-01 1.164199532933948733e+00 3.888429251222508265e-02 2.899657240196620855e-02 -1.463666938893963265e-01 1.336483786275771343e-02
3.696296111999999732e+06 -4.623255177616342193e-01 3.455769870495752905e-01 1.158263813519049945e+00 3.883291123714448234e-02 2.726481025547709824e-02 -1.472334158455490538e-01 1.332476759165193876e-02
3.746209996500000358e+06 -4.559712714402274769e-01 3.555338594890281589e-01 1.152687675136915502e+00 3.823306699126452490e-02 2.698952230633830385e-02 -1.483222716950088338e-01 1.328981457944230365e-02
3.796148917499999981e+06 -4.474107576113748319e-01 3.645148597889710795e-01 1.147461016691985192e+00 3.715215349638717468e-02 2.800790356282661236e-02 -1.495954328000103362e-01 1.325984235619200383e-02
3.846057803000000305e+06 -4.369551669637619096e-01 3.724615859981192378e-01 1.142573737088699470e+00 3.565756447431438214e-02 3.015714903321886631e-02 -1.510150705227882029e-01 1.323471445196422978e-02
3.895945393500000238e+06 -4.249156901860743907e-01 3.793156361651875974e-01 1.138015735231499015e+00 3.381669364684809082e-02 3.327445372579186655e-02 -1.525433562255770759e-01 1.321429439682217030e-02
3.945821576500000432e+06 -4.116035179669979560e-01 3.850186083388912328e-01 1.133776910024824058e+00 3.169693473579027199e-02 3.719701264882240704e-02 -1.541424612706116803e-01 1.319844572082901762e-02
3.995681619000000414e+06 -3.973298409952182308e-01 3.895121005679450521e-01 1.129847160373115056e+00 2.936568146294286225e-02 4.176202081058735804e-02 -1.557745570201266028e-01 1.318703195404796052e-02
4.045508968500000425e+06 -3.824058499594209515e-01 3.927377109010642409e-01 1.126216385180812241e+00 2.689032755010782594e-02 4.680667321936346492e-02 -1.574018148363565406e-01 1.317991662654219472e-02
4.095326975499999709e+06 -3.671427355482830834e-01 3.946370373869543258e-01 1.122874483352329866e+00 2.433826671908652026e-02 5.216816488342631425e-02 -1.589864060815324165e-01 1.317696326837459152e-02
4.145232983000000007e+06 -3.451431011067889187e-01 3.911587184094653669e-01 1.113762545187174435e+00 2.200771938640749825e-02 5.613130759010362403e-02 -1.602815766644290485e-01 1.317365184707403394e-02
4.195250391500000842e+06 -3.309949260801476889e-01 3.857514069086038222e-01 1.107040644379207572e+00 1.985079004568009869e-02 6.087583158015036355e-02 -1.615099933805889676e-01 1.318438740520927119e-02
4.245329685999999754e+06 -3.156880436034779081e-01 3.800638184266189046e-01 1.106191188425389438e+00 1.794553061872850713e-02 6.573927015180706934e-02 -1.630834775693231209e-01 1.321318017466959968e-02
4.295396810500000603e+06 -3.068568819510280599e-01 3.732847874016883005e-01 1.105906066274988220e+00 1.629643877220113279e-02 7.068263956550670246e-02 -1.638699586788577300e-01 1.326497424335419846e-02
4.345414740000000224e+06 -2.935429521578122314e-01 3.669791710306236077e-01 1.107072783994173637e+00 1.497831677667177744e-02 7.437376061787204229e-02 -1.639465564201946224e-01 1.330428705553862896e-02
4.395407196499999613e+06 -2.901460143785083434e-01 3.596959657621644491e-01 1.110693175882457862e+00 1.401707926271943648e-02 7.790963204655605712e-02 -1.635284922227457916e-01 1.336786802381439813e-02
4.445434872499999590e+06 -2.858108395232705212e-01 3.512019146365198408e-01 1.115074570259476872e+00 1.316390909968052914e-02 8.014320588004683610e-02 -1.627745534240059577e-01 1.340846779303311344e-02
4.495505434499999508e+06 -2.834555269743387340e-01 3.421635503282995372e-01 1.120623053275559444e+00 1.264077456519517584e-02 8.115606480970009862e-02 -1.620068509892571007e-01 1.343691233894921469e-02
4.545617331000000238e+06 -2.851820023762553502e-01 3.331995793897157832e-01 1.124273975205245746e+00 1.212280215591826291e-02 8.117817840158736420e-02 -1.611126020733051056e-01 1.345337135995728836e-02
4.595732616499999538e+06 -2.939604760004337347e-01 3.249858370489279169e-01 1.127112956054777237e+00 1.191307881784346885e-02 8.068696213482377810e-02 -1.598827242375242264e-01 1.348507342621508946e-02
4.645833385499999858e+06 -2.974897652773819678e-01 3.192686195601681653e-01 1.129079145427415387e+00 1.250571967221579713e-02 7.858672593945849327e-02 -1.588106481625211897e-01 1.347104247522063446e-02
4.695897233000000007e+06 -3.104091598451048095e-01 3.146015579791216488e-01 1.130200974997232155e+00 1.360062378980001277e-02 7.592019253334253426e-02 -1.578270466804580219e-01 1.345940614155863996e-02
4.745958642500000075e+06 -3.187556406237957440e-01 3.130677936514404403e-01 1.129266000437592510e+00 1.529240280219074273e-02 7.145802132166961806e-02 -1.570630621898717605e-01 1.338892750339919571e-02
4.796039792000000365e+06 -3.350772126480601742e-01 3.126182493174098909e-01 1.131588107177000646e+00 1.743109385209154483e-02 6.679283378562481110e-02 -1.566280481946132341e-01 1.332700392428600063e-02
4.846127547000000253e+06 -3.443845107783347625e-01 3.134701869226032556e-01 1.132635700612144358e+00 1.941005492297678825e-02 6.088454086063184445e-02 -1.567828289286368193e-01 1.321295394708727269e-02
4.896235768000000156e+06 -3.595068135721917191e-01 3.166720806372994024e-01 1.132574640121090104e+00 2.112394119630773767e-02 5.494171316159639912e-02 -1.578132047714323472e-01 1.307466610996432799e-02
4.946208171000000089e+06 -3.676389389972083421e-01 3.226040433171951660e-01 1.131557747767358624e+00 2.334937053707167309e-02 4.759531040409759745e-02 -1.577977201388681694e-01 1.293749012145496008e-02
4.996067410999999382e+06 -3.821365257437912555e-01 3.315347721434745432e-01 1.128514357263459722e+00 2.569295044420574076e-02 4.042227069728206168e-02 -1.574788745816256830e-01 1.281630757744144956e-02
5.045894689999999478e+06 -3.917170297084719977e-01 3.432748806410870213e-01 1.125221530107472390e+00 2.792994696778632394e-02 3.301214672816893403e-02 -1.569432694096577208e-01 1.270808084442943964e-02
5.095803817000000738e+06 -3.960534363157808269e-01 3.562032593045627582e-01 1.121834514726357535e+00 2.970544969970237079e-02 2.578239224196546275e-02 -1.565491257857069551e-01 1.262193385491047412e-02
5.145840484000000171e+06 -3.941495744918477873e-01 3.708603910552522587e-01 1.117850238631046933e+00 3.110483493287298506e-02 1.891643075795288592e-02 -1.568108984569707709e-01 1.255929859964297415e-02
5.195968582500000484e+06 -4.043259911662147044e-01 3.859403470682312709e-01 1.114984097728028090e+00 3.182524914880108247e-02 1.471551046339861051e-02 -1.575039036347243848e-01 1.247162618278565942e-02
5.246051907499999739e+06 -4.110245747120591098e-01 4.017775691020119555e-01 1.112037608369681463e+00 3.232104131987718898e-02 1.160070382045397600e-02 -1.580670218657564408e-01 1.238215892069336778e-02
5.296019600000000559e+06 -4.108406617645050662e-01 4.175149023211505162e-01 1.108045038676503058e+00 3.273208125311818928e-02 9.335193238783108180e-03 -1.588238314493025105e-01 1.231736226164004827e-02
5.345885436499999836e+06 -4.019490253522509660e-01 4.329710107239558847e-01 1.103642078188156406e+00 3.355921861152908608e-02 7.742073297885650532e-03 -1.589781126507021636e-01 1.229974398716117759e-02
5.395771484000000171e+06 -3.964022960629016712e-01 4.448181413559350594e-01 1.098103207131433612e+00 3.405949276967751987e-02 8.276399912516232971e-03 -1.587156121497139138e-01 1.228047631603707349e-02
5.445725975000000559e+06 -3.807925586563150611e-01 4.545743154192066759e-01 1.091032921374239795e+00 3.456041470706933821e-02 9.585444403810629288e-03 -1.580571416737285573e-01 1.229437825236536115e-02
5.495715132500000298e+06 -3.686267264910081387e-01 4.623735535674960428e-01 1.083786177320103405e+00 3.493164267054354316e-02 1.256403179932974457e-02 -1.570649553179891411e-01 1.232195858920511616e-02
5.545712742499999702e+06 -3.490116531977996428e-01 4.660508083510285227e-01 1.076667030391862845e+00 3.474858930060547441e-02 1.626063345783587341e-02 -1.565832415133913691e-01 1.236975547602714616e-02
5.595582793999999762e+06 -3.321642125413650781e-01 4.670306773675219625e-01 1.069605604465872384e+00 3.442910801680961613e-02 2.096725674554190955e-02 -1.560831543662630216e-01 1.243951098508063943e-02
5.645436775000000373e+06 -3.087352394727768679e-01 4.667565373464024892e-01 1.067219740352579382e+00 3.421376093093337484e-02 2.587622100087287602e-02 -1.558769984347360971e-01 1.253477238321512068e-02
5.695283023500000127e+06 -2.935166740545804842e-01 4.662318671658339797e-01 1.069482275987211795e+00 3.369059513801502675e-02 3.221215092707650079e-02 -1.560724597725671459e-01 1.263476794418965689e-02
5.745202505499999970e+06 -2.740856487959038024e-01 4.632565384345330717e-01 1.075318718829863629e+00 3.258867154754802736e-02 3.871410662306765810e-02 -1.562770761847660783e-01 1.274870168016670711e-02
5.795195562500000000e+06 -2.612831227091213515e-01 4.580659878868593160e-01 1.081318500298642737e+00 3.094494448799059785e-02 4.578243119244334441e-02 -1.560951335138456297e-01 1.287495659678180443e-02
5.845275738499999978e+06 -2.445126493288223846e-01 4.511479481497103206e-01 1.090354993659897742e+00 2.911823893475309552e-02 5.222200974987406541e-02 -1.556916866325109006e-01 1.300169047768766871e-02
5.895404428500000387e+06 -2.364484449535891042e-01 4.432929869768448827e-01 1.100952365144810763e+00 2.755555330017181448e-02 5.860503143370659335e-02 -1.550607990262234115e-01 1.314539721633638421e-02
5.945516456500000320e+06 -2.240284541403834706e-01 4.333478701659462251e-01 1.112096993566709768e+00 2.582770383320760060e-02 6.395264503429558267e-02 -1.548031457248743581e-01 1.326140661059757933e-02
5.995566246500000358e+06 -2.198220552571095721e-01 4.221332499176209674e-01 1.123910205541322593e+00 2.414851585565865044e-02 6.913845608414337374e-02 -1.550054918686692429e-01 1.338359591815669117e-02
6.045584738499999978e+06 -2.116707512965475824e-01 4.090788667015777258e-01 1.135300548920832542e+00 2.232580618249119242e-02 7.328027493330210862e-02 -1.557593996391967717e-01 1.347148030481367179e-02
6.095602037000000477e+06 -2.123689063086142415e-01 3.956161363032927314e-01 1.147883949491921296e+00 2.071347000554954465e-02 7.712467091610991643e-02 -1.568497922747816575e-01 1.355260818469650533e-02
6.145625199000000022e+06 -2.092988598881857232e-01 3.828254849550311034e-01 1.160928943399614610e+00 1.957254545261082057e-02 7.937939049074999032e-02 -1.578326253043912109e-01 1.358772634848569132e-02
6.195653506499999203e+06 -2.155907592200299872e-01 3.702782800136383279e-01 1.175410983227775485e+00 1.842544033132371972e-02 8.146791157604164890e-02 -1.589793063789663452e-01 1.361255680591680166e-02
6.245671436999998987e+06 -2.175818899301422693e-01 3.588805002679189560e-01 1.190307034060458458e+00 1.734997247826460670e-02 8.204426890855152921e-02 -1.602556319013370145e-01 1.359041198423115160e-02
6.295709929000000469e+06 -2.280656317479183570e-01 3.495624679974975169e-01 1.206670453952255473e+00 1.654784847802294803e-02 8.202782019454933626e-02 -1.609290734237046605e-01 1.356976142454221872e-02
6.345793574000000022e+06 -2.330305023075153747e-01 3.422934967458775013e-01 1.223338402447341711e+00 1.552405777768173234e-02 8.054863757746796860e-02 -1.615811131807823875e-01 1.351009069216582183e-02
6.395905462000000291e+06 -2.460841553009741889e-01 3.363232706688237261e-01 1.239708304131982075e+00 1.384557419277206852e-02 7.900934126591116491e-02 -1.621569401216548245e-01 1.346430288033354135e-02
6.446001629999999888e+06 -2.521708904812005048e-01 3.319973290427544188e-01 1.254668911674833964e+00 1.191572245076270159e-02 7.612964134333922994e-02 -1.627649538024844578e-01 1.339407250007254406e-02
6.496051770999999717e+06 -2.654066655047925272e-01 3.295334719741891405e-01 1.270396814179473921e+00 9.994890543893021964e-03 7.317790502451301804e-02 -1.632033927860826739e-01 1.335650889209668429e-02
6.546074161999999546e+06 -2.726764579877231642e-01 3.292034743726919843e-01 1.286863692040145946e+00 8.157306331244226077e-03 6.946631231611423429e-02 -1.633084032427583598e-01 1.332758803828795573e-02
6.596106749499999918e+06 -2.855449191107531370e-01 3.307291828385817700e-01 1.302758538576829883e+00 6.192501860883995596e-03 6.596474095078469491e-02 -1.636090815087268280e-01 1.331023000380154517e-02
6.646139135999999940e+06 -2.920559970697806373e-01 3.332475826218445625e-01 1.318383378546209128e+00 3.969685480961090973e-03 6.208638302112427093e-02 -1.639565518358987450e-01 1.327483954274933341e-02
6.696174018000000156e+06 -3.047895709786803131e-01 3.369915517217185186e-01 1.332258925723443177e+00 1.557953559263424576e-03 5.889007109123838013e-02 -1.635378565041102350e-01 1.322237635156872995e-02
6.746195877999999560e+06 -3.099970016961164365e-01 3.415673943416138170e-01 1.343538541767229422e+00 -7.659961630868770271e-04 5.533327713132965564e-02 -1.626099109459287761e-01 1.315042633958611769e-02
6.796194791000000201e+06 -3.195279168792224955e-01 3.465666128352211661e-01 1.352344430966575528e+00 -3.017837721896935235e-03 5.259990648088023329e-02 -1.612489155842659616e-01 1.308297435451447055e-02
6.846168510000000708e+06 -3.228323541454308776e-01 3.516158264081929996e-01 1.360092154917492024e+00 -5.223858829454090108e-03 4.995701257865241968e-02 -1.595679058371127779e-01 1.300477085280137869e-02
6.896151140999999829e+06 -3.316702007332439361e-01 3.574331928830474792e-01 1.367462884974555815e+00 -7.322626806216941779e-03 4.801018848424824792e-02 -1.577631805596271808e-01 1.292087398621100461e-02
6.946124580500000156e+06 -3.339994846208797497e-01 3.649538961458097530e-01 1.372355619715897923e+00 -9.240765380713144780e-03 4.572589036351357161e-02 -1.560366297602826524e-01 1.283143652279374915e-02
6.996110137000001036e+06 -3.423027370052848517e-01 3.733033758961397108e-01 1.375228916938631807e+00 -1.104685003233340200e-02 4.392594734007593954e-02 -1.541535562517640234e-01 1.275592356561907996e-02
7.046084487500000745e+06 -3.442801720447922209e-01 3.805455145595690314e-01 1.374606157060106026e+00 -1.312805235845151096e-02 4.178813524959757580e-02 -1.528366175257431792e-01 1.267118633608615985e-02
7.096055929999999702e+06 -3.524947622111399004e-01 3.874637195612350427e-01 1.371713847146321719e+00 -1.503875753143514224e-02 4.018850860763299726e-02 -1.518275065515549138e-01 1.260274074079389614e-02
7.146039895499999635e+06 -3.546117872268710891e-01 3.940202362010291615e-01 1.365425795942102560e+00 -1.667978514257174860e-02 3.803152650673718993e-02 -1.514578594546328039e-01 1.251049677668999993e-02
7.196054738499999978e+06 -3.635771283760085293e-01 4.018816767456028227e-01 1.357460327890741336e+00 -1.768652503440478266e-02 3.618105191135136123e-02 -1.511975146972079631e-01 1.241547028467407214e-02
7.246046703000000678e+06 -3.671225279201917324e-01 4.107013905805376175e-01 1.347771751319958522e+00 -1.798878949324802384e-02 3.371921911850681713e-02 -1.511983301799826318e-01 1.230620863930083873e-02
7.295953202499999665e+06 -3.783246353487439984e-01 4.202294921426579233e-01 1.337008212721091382e+00 -1.772012258519168465e-02 3.179212004175106104e-02 -1.513075234240642830e-01 1.222923493902143555e-02
7.345767537499999627e+06 -3.831461838184233026e-01 4.304804388057464348e-01 1.324216375248790323e+00 -1.673297116079451238e-02 2.919033929793542204e-02 -1.520723871711404662e-01 1.214022267718843293e-02
7.395605264499999583e+06 -3.934324788076163371e-01 4.409718197174017917e-01 1.308718546898573365e+00 -1.503972054682658349e-02 2.678904165895345385e-02 -1.531609258810865959e-01 1.206441487191159921e-02
7.445518637000000104e+06 -3.952130572173541134e-01 4.514796677062171137e-01 1.290159701935332359e+00 -1.288051115896692543e-02 2.352502946315392432e-02 -1.548719861117440755e-01 1.195541288701284718e-02
7.495521272499999963e+06 -4.006414865414801851e-01 4.614507622874209902e-01 1.268509499100498150e+00 -1.046085982319360126e-02 2.046340461246891687e-02 -1.568914138913894418e-01 1.186074313329741128e-02
7.545551382499999367e+06 -3.985585423857807008e-01 4.715586987177336487e-01 1.246166180898638620e+00 -7.879539463359281140e-03 1.709947986343199333e-02 -1.590979918341744459e-01 1.177747133209400450e-02
7.595509733000000007e+06 -4.014808469978660144e-01 4.816515843144540399e-01 1.224973416610657173e+00 -5.103064129751700741e-03 1.455141630677950909e-02 -1.609269950465816723e-01 1.173231072869489883e-02
7.645414167000000365e+06 -3.975302751205471719e-01 4.911875543349525364e-01 1.204696166896574772e+00 -2.315521232222759324e-03 1.214960801536956944e-02 -1.624124959195889506e-01 1.171787955410221599e-02
7.695323402499999851e+06 -3.978065012465274441e-01 4.993846567483437027e-01 1.184869658607625276e+00 2.040959830730855050e-04 1.119533127830559839e-02 -1.635457831169798149e-01 1.172705762405990698e-02
7.745307999500000849e+06 -3.893225071937923554e-01 5.069969271939115396e-01 1.165081247409544662e+00 2.988673072802368585e-03 1.015086537787803639e-02 -1.644184522647802460e-01 1.175657685265176639e-02
7.795347473500000313e+06 -3.849054674801604126e-01 5.129987570595895274e-01 1.146454909460625782e+00 5.739607456143595854e-03 1.043986431238622808e-02 -1.648043588519003122e-01 1.181521218897774866e-02
7.845408031499999575e+06 -3.715690735874283002e-01 5.179133148042840418e-01 1.129000102566391162e+00 8.631159699449454312e-03 1.078322924546131975e-02 -1.649804127333300841e-01 1.188050463055867999e-02
7.895446088999999687e+06 -3.624247626154802893e-01 5.209024604112854062e-01 1.111827759714216990e+00 1.149572370201418225e-02 1.222768862774820976e-02 -1.647669973374618624e-01 1.197361059895315182e-02
7.945371197999999858e+06 -3.448108020503556359e-01 5.225993049621632247e-01 1.096218611723865699e+00 1.467304797993956161e-02 1.342198626622779882e-02 -1.644231105838726004e-01 1.208248739856118172e-02
7.995293056499999948e+06 -3.315939736054017706e-01 5.237214360354802700e-01 1.082726247654784535e+00 1.808154561716480285e-02 1.518341528580900712e-02 -1.635822087356475496e-01 1.221612661444021648e-02
8.045243907000000589e+06 -3.111292579737406361e-01 5.234954892958352257e-01 1.070491054432197942e+00 2.106118558736489246e-02 1.692401019788941294e-02 -1.628532010512708239e-01 1.234718950283643021e-02
8.095234679500000551e+06 -2.959745743040733679e-01 5.211693736042657399e-01 1.059660344044629277e+00 2.316988803818839995e-02 1.972547006741693504e-02 -1.622700680269924811e-01 1.247452516168739284e-02
8.145284539499999955e+06 -2.749109123962120149e-01 5.150971279933211910e-01 1.050352251242786528e+00 2.423017081045959059e-02 2.280579188204988686e-02 -1.614023242572051597e-01 1.258471880234997113e-02
8.195349658499998972e+06 -2.595674742978315019e-01 5.066641481704915462e-01 1.042346834189859184e+00 2.479397290782002494e-02 2.680476390610046430e-02 -1.597696801633743946e-01 1.270528330914117397e-02
8.245386927000000142e+06 -2.376427991254751182e-01 4.962064295967189009e-01 1.035787760846399230e+00 2.507987922452085267e-02 3.089838142883332209e-02 -1.580270122086713802e-01 1.283709714363884084e-02
8.295390049999999814e+06 -2.201293228751191600e-01 4.852264393642387041e-01 1.031147564215956436e+00 2.542417962882863314e-02 3.527385498351565118e-02 -1.559222130445526988e-01 1.299367080213575248e-02
8.345402365500000305e+06 -1.964692779557650759e-01 4.735689789181131704e-01 1.029548245501526571e+00 2.559356214026982726e-02 3.881545423344098800e-02 -1.538463234435556437e-01 1.313432111182349753e-02
8.395455375000000000e+06 -1.801821181448650111e-01 4.606891799504605478e-01 1.029810708968232902e+00 2.525274930323365141e-02 4.259775547323238487e-02 -1.515965290904861817e-01 1.327740722448756197e-02
8.445564876500001177e+06 -1.605594676502423435e-01 4.460068885154110374e-01 1.030763237074794558e+00 2.412958072488871619e-02 4.581522366910968647e-02 -1.497336130916114283e-01 1.338919332608063187e-02
8.495651851999999955e+06 -1.497414010407023821e-01 4.296916938432471800e-01 1.033043387978428429e+00 2.256391151885484697e-02 4.904307635466084031e-02 -1.477657964819296676e-01 1.350309044326647445e-02
8.545672557500001043e+06 -1.359680327884001949e-01 4.131374588023900563e-01 1.036769038063287907e+00 2.076522072338292391e-02 5.118260953181508893e-02 -1.460687617332414590e-01 1.357187104068352003e-02
8.595656917999999598e+06 -1.316352187695028486e-01 3.965542254083350149e-01 1.042368157237024473e+00 1.910680796867934503e-02 5.311302418884292914e-02 -1.441959317128328755e-01 1.363286562863416998e-02
8.645593128000000492e+06 -1.239551268354491809e-01 3.802343177677381392e-01 1.048535447224592465e+00 1.765086102869376297e-02 5.374260228328874012e-02 -1.425242798649463682e-01 1.363629375241865241e-02
8.695584640500001609e+06 -1.258758223068854043e-01 3.639961589763414662e-01 1.056133699358392741e+00 1.640047559295624430e-02 5.412869590960045496e-02 -1.410499749176304385e-01 1.363898685427947233e-02
8.745630430500000715e+06 -1.254638455454220314e-01 3.483164736118911642e-01 1.064997270400513507e+00 1.520851393264063475e-02 5.341192905418197523e-02 -1.402249499023215384e-01 1.361023145440506781e-02
8.795685756000000983e+06 -1.348429900661512748e-01 3.328727326167729705e-01 1.075077487004842736e+00 1.392738338102156304e-02 5.280282977572293979e-02 -1.400180571316201328e-01 1.359060939878537454e-02
8.845748319000000134e+06 -1.402658707638392843e-01 3.185802694704609750e-01 1.084847097810028194e+00 1.286143389583793532e-02 5.116014422282605389e-02 -1.403829473272692474e-01 1.353029385688362882e-02
8.895811503499999642e+06 -1.546370694727603468e-01 3.045913726405252153e-01 1.095589886594481310e+00 1.164408515539704092e-02 4.989922005044918063e-02 -1.408778560763199461e-01 1.346513021408924336e-02
8.945898236999999732e+06 -1.645350009920485412e-01 2.922580869470832732e-01 1.106139121742280906e+00 1.032641278324889292e-02 4.798114839713191887e-02 -1.415450114210606569e-01 1.337816946258626148e-02
8.995991927000001073e+06 -1.835075785648357383e-01 2.804927572579707373e-01 1.118803902362815794e+00 8.685752828765460481e-03 4.705704688445275230e-02 -1.419853900951637271e-01 1.332515215285886949e-02
9.046013708000000566e+06 -1.975677086774155766e-01 2.700347006857170551e-01 1.132881627417680281e+00 6.921649384213210063e-03 4.587163843279404296e-02 -1.423829630202879670e-01 1.327414569147530865e-02
9.096076652999999002e+06 -2.195488179465572842e-01 2.591589203773782546e-01 1.148214235313819831e+00 4.931899631829283343e-03 4.587583694554728947e-02 -1.425588414709951790e-01 1.324112224271104497e-02
9.146003541999999434e+06 -2.353746903085577324e-01 2.495050974854726988e-01 1.163979069936613264e+00 2.974322266216865556e-03 4.591204515207319287e-02 -1.425727746647209027e-01 1.320923643819194894e-02
9.196081112500000745e+06 -2.563270348940548948e-01 2.430288128335399700e-01 1.180741427647491681e+00 1.441022631003092145e-03 4.658330031241979252e-02 -1.419424550781467897e-01 1.319555348262402110e-02
9.246225631500000134e+06 -2.700650900872313964e-01 2.397617931768389055e-01 1.197750194361405063e+00 2.542409386361974997e-04 4.665456591453987639e-02 -1.416354894621801030e-01 1.317539538225996273e-02
9.296375405000001192e+06 -2.897126527183772060e-01 2.389409408362062059e-01 1.214713676508887952e+00 -7.695315813846613897e-04 4.705829727087534886e-02 -1.413952253483651278e-01 1.315988049771461658e-02
9.346459621500002220e+06 -3.037182481573177384e-01 2.412224468529353960e-01 1.231576122424223652e+00 -1.735453171325157268e-03 4.683090652545983390e-02 -1.417266239505506897e-01 1.312217176806784388e-02
9.396477340500000864e+06 -3.250322741982435981e-01 2.449482504277834816e-01 1.247834481393669259e+00 -3.079838575146566330e-03 4.726749979577046790e-02 -1.425193251609968847e-01 1.307976787494280653e-02
9.446464223000001162e+06 -3.413435768686606253e-01 2.511365187875760352e-01 1.263981297254784586e+00 -4.503352270207439285e-03 4.739073003895827307e-02 -1.440424916391760957e-01 1.302447996600468796e-02
9.496435976999999955e+06 -3.628777806272835416e-01 2.585790124397897571e-01 1.277841082989988886e+00 -6.040194921498719810e-03 4.811821885711711072e-02 -1.453117509919463479e-01 1.298986991758766148e-02
9.546404011500000954e+06 -3.762558703693827944e-01 2.664997187583000304e-01 1.288435012565727344e+00 -7.658075646717978080e-03 4.820030116434873696e-02 -1.468737247190159134e-01 1.294339723232331915e-02
9.596429130499999970e+06 -3.947436099773744544e-01 2.742190787865729229e-01 1.296238383836322505e+00 -9.186922287825912553e-03 4.887849222824889456e-02 -1.484751777495729175e-01 1.291471073347561123e-02
9.646422679500000551e+06 -4.054443580279209480e-01 2.822210121491557366e-01 1.300927381353248258e+00 -1.035531861909408727e-02 4.886487360880403807e-02 -1.503317508686992099e-01 1.287878387496336346e-02
9.696425279999999329e+06 -4.214547304961982488e-01 2.909154742003101646e-01 1.303962967448161869e+00 -1.110260943078209515e-02 4.950595997613524424e-02 -1.521650698614551434e-01 1.287456995599605553e-02
9.746394297000000253e+06 -4.292322276233349609e-01 3.012881794623715748e-01 1.304449651718874392e+00 -1.126293823234620489e-02 4.938343713683640557e-02 -1.544075251818850525e-01 1.286090981368796099e-02
9.796372025499999523e+06 -4.413350518888479734e-01 3.130106917960445712e-01 1.303299549727623852e+00 -1.089656449198613854e-02 4.926250537977905353e-02 -1.564490165756328988e-01 1.286547780912078269e-02
9.846401073499999940e+06 -4.457176283053735366e-01 3.262125092203452814e-01 1.300099255290724676e+00 -1.013512455409479492e-02 4.813564652994872795e-02 -1.585601789096918735e-01 1.283552016311485799e-02
9.896387643999999389e+06 -4.557964745654600747e-01 3.390993660455888792e-01 1.294964962774285411e+00 -9.301009690561828913e-03 4.737884015763138557e-02 -1.604807235705542068e-01 1.281801744640455841e-02
9.946262844500001520e+06 -4.586965723478145796e-01 3.525389865886136564e-01 1.287984147567491355e+00 -8.028165401934827736e-03 4.574721519515879964e-02 -1.625763763565221676e-01 1.277453382750115204e-02
9.996065062500000000e+06 -4.669942574723374151e-01 3.656248690937239920e-01 1.278964538636603310e+00 -6.243177327572429179e-03 4.431714526339165794e-02 -1.642738413289578370e-01 1.275497057835251261e-02
1.004595043800000101e+07 -4.674424191643875570e-01 3.799438604970633571e-01 1.268546653476385400e+00 -3.680267310651537567e-03 4.202105084282158065e-02 -1.658371523522094715e-01 1.270832742614707092e-02
1.009592185000000149e+07 -4.729921390370768197e-01 3.936967024090314848e-01 1.256229905392886037e+00 -6.253579553525288534e-04 4.011443809242518088e-02 -1.671497964737900799e-01 1.268936593649756459e-02
1.014595588150000013e+07 -4.700750541742666488e-01 4.076316342141421689e-01 1.241934716788940518e+00 2.957430280867830337e-03 3.718029026091060341e-02 -1.686373365446222627e-01 1.264119592733935551e-02
1.019599100499999896e+07 -4.731991299088201819e-01 4.221453615555899597e-01 1.226970154211434627e+00 6.865426353165078772e-03 3.473235554707512079e-02 -1.701061412936290540e-01 1.262279888342157826e-02
1.024600335199999996e+07 -4.691926264996012508e-01 4.379059562292753616e-01 1.211964813060631307e+00 1.095808702657031022e-02 3.183189386492876749e-02 -1.713367415381298609e-01 1.259658771067720569e-02
1.029596634249999933e+07 -4.701157398859317493e-01 4.526504484495618708e-01 1.195260665446411297e+00 1.453480206279148673e-02 2.988675020456618009e-02 -1.725357150427350716e-01 1.258768373970562716e-02
1.034594161450000107e+07 -4.625888384821718047e-01 4.664264972527497610e-01 1.177704303321473356e+00 1.763837411854049519e-02 2.789458378134214434e-02 -1.735796212576228015e-01 1.256751443266267664e-02
1.039590866650000028e+07 -4.588584470434077245e-01 4.792261784550765902e-01 1.160136641712582461e+00 2.035307080450684397e-02 2.673060501513973425e-02 -1.740260651367384337e-01 1.256497778142497135e-02
1.044583039399999939e+07 -4.459546181960979405e-01 4.927433563651253956e-01 1.142815854463436365e+00 2.314686388415947496e-02 2.507640439276576788e-02 -1.740994008919081737e-01 1.256007312469909105e-02
1.049570942350000143e+07 -4.376841316632272827e-01 5.063057611445135331e-01 1.128025778785765487e+00 2.612681412874177239e-02 2.415282910148576490e-02 -1.735165421867191360e-01 1.258155361227560748e-02
1.054560364250000007e+07 -4.201579574556139063e-01 5.197488148265513308e-01 1.114576850355275095e+00 2.914458994806932296e-02 2.262861563859565328e-02 -1.729971476823487508e-01 1.258177621033328662e-02
1.059555595749999955e+07 -4.079251789384981675e-01 5.322387991733720236e-01 1.103180472734590634e+00 3.189658403594770181e-02 2.215716500830069990e-02 -1.723514410103822447e-01 1.261029357917209381e-02
1.064555409750000015e+07 -3.870274463148225541e-01 5.450544846121497811e-01 1.093969005586746590e+00 3.453424591847097103e-02 2.113577581451386161e-02 -1.717810428746039952e-01 1.261617845879703034e-02
1.069555627799999900e+07 -3.714682600282234182e-01 5.569655646830483642e-01 1.086307405725262187e+00 3.654450178577175329e-02 2.065114086886607470e-02 -1.714002495910564583e-01 1.264411073373897763e-02
1.074553435650000162e+07 -3.491598972023953196e-01 5.666154170250938815e-01 1.079339847120827089e+00 3.769708308250946383e-02 1.967030801669327617e-02 -1.715958100537350317e-01 1.262983012704016472e-02
1.079547102300000191e+07 -3.344563179772673811e-01 5.743700211085760454e-01 1.074526227054371841e+00 3.839676778007819480e-02 1.922656630330336208e-02 -1.718272342781095030e-01 1.261916844548147641e-02
1.084537499599999934e+07 -3.142362404823682565e-01 5.803015213914819448e-01 1.071925522684725296e+00 3.866786260978949397e-02 1.856929123908231116e-02 -1.723565800049686181e-01 1.255791699652357603e-02
1.089531394749999978e+07 -3.004159096239368276e-01 5.838040358539267061e-01 1.071259353039516693e+00 3.875337360740866571e-02 1.845663665442445062e-02 -1.727324752157362309e-01 1.250752889345110863e-02
1.094533218850000016e+07 -2.795669218406146017e-01 5.854051950428474926e-01 1.072077428248279451e+00 3.893495413552333639e-02 1.761654931738323299e-02 -1.730218216178358026e-01 1.242270979664325710e-02
1.099541570299999975e+07 -2.639694710446955916e-01 5.841675371719141641e-01 1.073157667303495932e+00 3.899186479980278064e-02 1.700184442988129235e-02 -1.729083796227857128e-01 1.236486420829591842e-02
1.104550212500000000e+07 -2.423578641890123120e-01 5.805645185302121813e-01 1.075591055505404459e+00 3.929468211297058866e-02 1.554006003019100732e-02 -1.728836071980341671e-01 1.227985437142288354e-02
1.109554710349999927e+07 -2.294059718528663749e-01 5.737389343437530043e-01 1.080513496334756240e+00 3.939875741192243319e-02 1.496776419244757669e-02 -1.732099802181633896e-01 1.222998216619760291e-02
1.114552068200000003e+07 -2.109177589422892019e-01 5.653232575166973195e-01 1.087615183288497045e+00 3.965847315578283766e-02 1.372521123891718743e-02 -1.736320017267282689e-01 1.214695355945838440e-02
1.119548766500000097e+07 -2.005927229888573582e-01 5.556907890808486794e-01 1.097919874411328989e+00 4.001459479339018743e-02 1.321455497928031991e-02 -1.739450925627565869e-01 1.210223211153474941e-02
1.124549064700000174e+07 -1.832333977435216532e-01 5.464318128061863566e-01 1.109575285158906688e+00 4.084847363086691052e-02 1.163244102702578470e-02 -1.742143380175652234e-01 1.201436459515701702e-02
1.129552791500000097e+07 -1.735618474207206441e-01 5.359337097981569098e-01 1.122697931824305773e+00 4.133814145186852362e-02 1.068187909054905786e-02 -1.745311420983496065e-01 1.195458572123519331e-02
1.134556289849999920e+07 -1.579928097665094511e-01 5.252106732887139584e-01 1.136640753350195432e+00 4.174198082524236547e-02 8.972719307953958001e-03 -1.748853718480302133e-01 1.185918557969972524e-02
1.139557829350000061e+07 -1.515695105142953192e-01 5.131483378946154472e-01 1.151918853073337523e+00 4.140566184354703416e-02 8.269010474944736566e-03 -1.757590604866850759e-01 1.178893398385134211e-02
1.144562913749999925e+07 -1.401934105845390466e-01 5.014090130113675325e-01 1.167985915533645169e+00 4.096074077734183916e-02 7.228355662192266842e-03 -1.768205006068529761e-01 1.169954457965056982e-02
1.149557167549999990e+07 -1.368197063533454771e-01 4.893465769086276507e-01 1.184776864980130462e+00 4.022153497519850851e-02 6.834088269330181736e-03 -1.776752651824586304e-01 1.165393181876803533e-02
1.154560412350000069e+07 -1.282590726954205285e-01 4.787711979538967766e-01 1.202234643006757198e+00 3.953136039705019283e-02 5.827528653686433330e-03 -1.786524546896170462e-01 1.157422016234193989e-02
1.159566731699999981e+07 -1.279537568555348948e-01 4.680349818886935798e-01 1.219340522597650800e+00 3.836452016949563892e-02 5.474495726586212432e-03 -1.793012978413976999e-01 1.154603103031838669e-02
1.164575246650000103e+07 -1.225448585713821564e-01 4.585969028915245493e-01 1.236439764388771012e+00 3.700093524339637813e-02 4.574284832408114301e-03 -1.798367064879513588e-01 1.149334645318568840e-02
1.169583270500000007e+07 -1.249149339847256956e-01 4.501029260120114617e-01 1.253383182276265551e+00 3.532800243501938581e-02 4.277138274112355851e-03 -1.797853363425884754e-01 1.149658002681227566e-02
1.174586842950000055e+07 -1.209199800296678895e-01 4.421311197000721838e-01 1.268790217035491885e+00 3.329265668434575054e-02 3.262347516206230182e-03 -1.798908849055344539e-01 1.144633410300182827e-02
1.179590095650000125e+07 -1.208569429673346934e-01 4.336286909867494987e-01 1.282463481917322401e+00 3.060827138295936847e-02 2.312614566096623300e-03 -1.802832820691270266e-01 1.137641989908947000e-02
1.184593901850000024e+07 -1.151184882007284666e-01 4.254101409564983727e-01 1.297314887238411263e+00 2.792722392069311652e-02 8.897382981600767586e-04 -1.811011447851735567e-01 1.125914024019225058e-02
1.189597116349999979e+07 -1.169108400350375304e-01 4.190289751364073001e-01 1.311269119406145212e+00 2.556247009655013974e-02 -2.617882925718786110e-04 -1.815969718556247059e-01 1.116037815703923783e-02
1.194596088250000030e+07 -1.164840769731544101e-01 4.151841950767376499e-01 1.321446502775452725e+00 2.329591039098501126e-02 -1.730411228072469606e-03 -1.821898587489113042e-01 1.104582220170883221e-02
1.199591741700000130e+07 -1.235224786682355275e-01 4.125682123708723781e-01 1.332477598712285660e+00 2.142279858675664311e-02 -2.797497394224420387e-03 -1.829395844154265705e-01 1.093745900912221174e-02
1.204586797800000012e+07 -1.286749120254895851e-01 4.123499622309722001e-01 1.342435069250657254e+00 1.992513292975474359e-02 -3.975224906041615290e-03 -1.840631135515838068e-01 1.082526302826319377e-02
1.209589265400000103e+07 -1.444681016838250120e-01 4.123013356047647848e-01 1.350448021884507188e+00 1.841490343431267593e-02 -4.346137450605624779e-03 -1.855997024226761494e-01 1.074134428051822313e-02
1.214589257950000092e+07 -1.573239239264619393e-01 4.106598531436119193e-01 1.358264484616647838e+00 1.693681015621574873e-02 -5.105732378351000682e-03 -1.875407284494694238e-01 1.062690918071972079e-02
1.219600320350000076e+07 -1.786969783737623885e-01 4.094656562512784537e-01 1.363978460176696439e+00 1.565310467010039633e-02 -5.294801652594298934e-03 -1.897773149232818424e-01 1.052485207691196412e-02
1.224613038949999958e+07 -1.973600643188115622e-01 4.113695885415922793e-01 1.367397260884166243e+00 1.519158125010268250e-02 -5.588535984684713485e-03 -1.924538164638522342e-01 1.037851075408433715e-02
1.229622729900000058e+07 -2.239012108110820243e-01 4.155709767686397993e-01 1.370351638117321524e+00 1.559692696821569219e-02 -5.481001682955202042e-03 -1.951832095261393507e-01 1.023682015415232349e-02
1.234625028100000136e+07 -2.453751941124117930e-01 4.195687969742529777e-01 1.374660225856141116e+00 1.639824788652995483e-02 -5.788094807215526764e-03 -1.981102032173251148e-01 1.005421076022587276e-02
1.239623775549999997e+07 -2.727277456787149945e-01 4.235744214349843606e-01 1.379023289534535346e+00 1.755898645630749738e-02 -5.743693524629826797e-03 -2.009438447484565848e-01 9.895920011497494687e-03
1.244624168900000118e+07 -2.948422474604975863e-01 4.285681137464938950e-01 1.381406970260766531e+00 1.897606494964176882e-02 -5.936139776874229876e-03 -2.039429602654295459e-01 9.710234126822505502e-03
1.249629024650000222e+07 -3.227667341124297873e-01 4.346405863535192649e-01 1.380878593713934066e+00 2.048406382251197894e-02 -5.358676422379395933e-03 -2.068283869220678417e-01 9.582528941869318528e-03
1.254631133500000089e+07 -3.439986879828244026e-01 4.415990892580880511e-01 1.376915806437777334e+00 2.218195196254339058e-02 -4.998185038004277284e-03 -2.095738932961454248e-01 9.449883656781087049e-03
1.259624125999999978e+07 -3.693934040991685430e-01 4.492727702563684700e-01 1.373451408408754792e+00 2.415209382690679946e-02 -4.029822853299917448e-03 -2.126003296712709878e-01 9.346474630568904832e-03
1.264602991550000012e+07 -3.862414070723346748e-01 4.599516546509669901e-01 1.370740167630037698e+00 2.666124474648304266e-02 -3.312534618451038002e-03 -2.156183255982481728e-01 9.237330085740607516e-03
1.269582109400000051e+07 -4.050718059018777462e-01 4.718350533002392821e-01 1.364589018056530323e+00 2.879656127186891457e-02 -2.119261414480364848e-03 -2.188087445197936243e-01 9.164532450521836390e-03
1.274566885550000146e+07 -4.127781769109525323e-01 4.842186073019192349e-01 1.353466877454340578e+00 3.024658007863410131e-02 -1.628853896833236566e-03 -2.213058794676812102e-01 9.072987007457823661e-03
1.279560953099999949e+07 -4.246310440132716746e-01 4.969471939416549855e-01 1.336540002768916491e+00 3.101779524478501596e-02 -3.023344183995054944e-04 -2.225022182643110191e-01 9.089042714877447471e-03
1.284563889900000021e+07 -4.274578899654270514e-01 5.086561108585134772e-01 1.315987244223181474e+00 3.121253214879231297e-02 7.821770962146250283e-04 -2.227142136084180046e-01 9.142085118138012709e-03
1.289569289150000177e+07 -4.235513919278706130e-01 5.216158861052898610e-01 1.290279333010894369e+00 3.106521351701118164e-02 1.557220731055596486e-03 -2.222594492532366517e-01 9.212556616199121459e-03
1.294570952700000070e+07 -4.146384891615472190e-01 5.346870035097421869e-01 1.261442845611490782e+00 3.074466359345093269e-02 2.215962459187725310e-03 -2.211028439521167399e-01 9.315121771181657587e-03
1.299563174600000121e+07 -4.052229488169454830e-01 5.445984126698220074e-01 1.236409671987952708e+00 2.995188720909523414e-02 2.612765470719196226e-03 -2.199628671317346573e-01 9.388397099126054302e-03
1.304552382799999975e+07 -3.871721899575346626e-01 5.575610221988618331e-01 1.204079014179590956e+00 2.895950759728738513e-02 2.629150614984518408e-03 -2.186354421662259351e-01 9.453406667970423033e-03
1.309547986350000091e+07 -3.717001071931766432e-01 5.711636362691595581e-01 1.167898947366116991e+00 2.755272766104357660e-02 3.072885185948851829e-03 -2.170549641457278356e-01 9.564084928547359268e-03
1.314552902199999988e+07 -3.472417811022440737e-01 5.826721567354036235e-01 1.132465428082073400e+00 2.588224249893660706e-02 2.698481729572587209e-03 -2.155703918239818551e-01 9.605290859134019837e-03
1.319561515450000018e+07 -3.261458982228878090e-01 5.919545674403323687e-01 1.099531937309510932e+00 2.394437477951620596e-02 2.089302459043580404e-03 -2.142058422462186917e-01 9.623637067622712107e-03
1.324567897050000168e+07 -2.988323003593575944e-01 5.995495686129277413e-01 1.068699075298218393e+00 2.179780573193841262e-02 7.316483720268918221e-04 -2.135286535547253894e-01 9.542004920384058661e-03
1.329566869950000010e+07 -2.782897077736741220e-01 6.061862211452250238e-01 1.041332134984881641e+00 1.954052580994815672e-02 -5.120680946438214975e-04 -2.132309065838428608e-01 9.447488531751833951e-03
1.334565004099999927e+07 -2.560805901694441777e-01 6.097230220324253436e-01 1.019527133819538633e+00 1.746194447124417917e-02 -2.078817452298511743e-03 -2.133368217977131831e-01 9.300486171405842814e-03
1.339561887399999984e+07 -2.430360031824767841e-01 6.111113686962493796e-01 1.002641350791157571e+00 1.551843905805454747e-02 -3.473599357179161205e-03 -2.136431324420553501e-01 9.153656609700073013e-03
1.344568684050000086e+07 -2.295744075870451983e-01 6.081389304533716400e-01 9.923932015496979009e-01 1.347355287860662471e-02 -5.166009650552764489e-03 -2.141097880561010913e-01 8.976898413358668991e-03
1.349579882800000161e+07 -2.241501329404618215e-01 6.037117496984014675e-01 9.891270581372411108e-01 1.177522000334878076e-02 -6.569842490051193418e-03 -2.148728882576655952e-01 8.805436272208458717e-03
1.354585364000000060e+07 -2.208759512775573808e-01 6.009460970135019897e-01 9.837005799648192994e-01 1.037308970503529257e-02 -7.779996245648335834e-03 -2.158323978776058860e-01 8.637946458581572534e-03
1.359577831499999948e+07 -2.230956092540982427e-01 5.978851836181717783e-01 9.837688213487441047e-01 9.215364893961536935e-03 -8.739750431101400360e-03 -2.181742510392668533e-01 8.399718126418549702e-03
1.364563688399999961e+07 -2.185455348681098475e-01 5.922727148562684230e-01 9.939685710970938004e-01 8.320128303280676166e-03 -1.005158902741624602e-02 -2.215980771443273878e-01 8.087912316671653362e-03
1.369552717300000042e+07 -2.198311614073213127e-01 5.863451858226116364e-01 1.008946110710375654e+00 7.666904951531322045e-03 -1.082405892454292411e-02 -2.253099906709388756e-01 7.800431052230817792e-03
1.374548376900000125e+07 -2.170903027218028525e-01 5.804039106918881252e-01 1.024608693727055098e+00 6.511052539526960246e-03 -1.114435559355976373e-02 -2.304774687575386338e-01 7.549563559184730224e-03
1.379553829600000009e+07 -2.222814527464028744e-01 5.710395561293020172e-01 1.041216280566019226e+00 4.887113442575970884e-03 -1.045994431233418856e-02 -2.357181275614570470e-01 7.506606043457660950e-03
1.384553314200000092e+07 -2.243834174928772407e-01 5.598656560872425914e-01 1.057532038863464585e+00 3.378186290440234399e-03 -9.925000861690593673e-03 -2.396893834481591545e-01 7.521716302284522405e-03
1.389555588399999961e+07 -2.315998111427559625e-01 5.486842542179046767e-01 1.069883437367308066e+00 2.263117543850389456e-03 -9.270310934656441140e-03 -2.420708682839771142e-01 7.580631743558425770e-03
1.394556880100000091e+07 -2.345268816455390593e-01 5.382660582084242140e-01 1.078135719243044521e+00 1.480886662552563212e-03 -9.703547269654933666e-03 -2.426800209318592250e-01 7.507516282515980764e-03
1.399554542799999937e+07 -2.430579575080520083e-01 5.284211680557872048e-01 1.082011585272392828e+00 1.155880037442027749e-03 -1.053792854966230201e-02 -2.410457415407528670e-01 7.373758072868012194e-03
1.404554286700000055e+07 -2.473210189684223459e-01 5.183407978518709269e-01 1.085688629314271569e+00 1.072811965922405332e-03 -1.215719032396165092e-02 -2.367669266508479753e-01 7.086775620518943539e-03
1.409559601650000177e+07 -2.552499169296790216e-01 5.085730661197129798e-01 1.088227783656444236e+00 1.141767435813910480e-03 -1.387139063086805305e-02 -2.301160461947682201e-01 6.749692383409903497e-03
1.414572229050000012e+07 -2.562989920473313643e-01 4.995210078461198577e-01 1.086938034980822199e+00 8.533620832497552672e-04 -1.625998993206403953e-02 -2.212067265749476652e-01 6.394588430473227905e-03
1.419585309449999966e+07 -2.601244827492215639e-01 4.894703402216525889e-01 1.077451073765113509e+00 -1.842686240781332382e-04 -1.865220992316256321e-02 -2.103921897920648931e-01 6.121592215226269451e-03
1.424595147650000080e+07 -2.567259244335599599e-01 4.799141736866308072e-01 1.063626634337356158e+00 -1.373216594810106137e-03 -2.146688704890969621e-02 -1.976802041236030982e-01 5.935522960561229015e-03
1.429603305700000003e+07 -2.569795462182806189e-01 4.713857922939736489e-01 1.044667172961386781e+00 -2.475436501482923459e-03 -2.361438392617806400e-02 -1.840492066762119128e-01 5.913499444935959616e-03
1.434613483850000054e+07 -2.467573047773021777e-01 4.631128969025869457e-01 1.023554441076463428e+00 -3.654502413415175368e-03 -2.608963675623129572e-02 -1.710272222895964367e-01 5.927046784870559221e-03
1.439628987500000186e+07 -2.364420358685739576e-01 4.566131483037020322e-01 9.971682355110068618e-01 -4.600577696535127978e-03 -2.832708877900360148e-02 -1.589723798671761335e-01 6.005577713792641104e-03
1.444648534250000119e+07 -2.273572917006844440e-01 4.511485627265369169e-01 9.706745854235964144e-01 -5.261872771935702763e-03 -2.992121516171135365e-02 -1.484327509739239159e-01 6.132304878868553334e-03
1.449669740250000171e+07 -2.180481582448124123e-01 4.466807620453890904e-01 9.424261844097175933e-01 -5.601339003723988449e-03 -3.131548515245220765e-02 -1.395061360867826394e-01 6.268928639740489750e-03
1.454687528550000116e+07 -2.044834848758388113e-01 4.483739940834697846e-01 9.061322142902644705e-01 -5.333797260750929026e-03 -3.234847838778996676e-02 -1.319039698867084109e-01 6.452352997234961883e-03
1.459695233550000191e+07 -1.955805580391303533e-01 4.492074993536782634e-01 8.720653182871078712e-01 -4.865867762876422038e-03 -3.290296275216741950e-02 -1.258284280180652914e-01 6.681782971542992583e-03
1.464688114100000076e+07 -1.824122228860448891e-01 4.482670096155932371e-01 8.425238685226043023e-01 -4.478977635189900983e-03 -3.365066514461056979e-02 -1.219367584034760782e-01 6.829000333775521979e-03
1.469675435549999960e+07 -1.757115985178613615e-01 4.477021135761742876e-01 8.133726575472890463e-01 -4.059508014669539755e-03 -3.369337157310865749e-02 -1.200772573230261125e-01 6.981175145160621424e-03
1.474667909100000001e+07 -1.646915694033797561e-01 4.486757075979130316e-01 7.867720008077996319e-01 -3.150768935263433077e-03 -3.394114859153242458e-02 -1.202659340705781593e-01 7.082356209712698317e-03
1.479671098600000143e+07 -1.598959260957026340e-01 4.513547844386504027e-01 7.639533751621326862e-01 -1.821993295146144120e-03 -3.380947823628582122e-02 -1.219753805674266972e-01 7.269696584424935500e-03
1.484675839049999975e+07 -1.527057189251307401e-01 4.534547868031176820e-01 7.383900252142951981e-01 -6.549430292856189134e-04 -3.398375680540104138e-02 -1.256169253770209049e-01 7.438391844425303046e-03
1.489671330200000107e+07 -1.535670954515265807e-01 4.585115168142658848e-01 7.085314640171099798e-01 2.453433508301433369e-04 -3.350909309740821018e-02 -1.314619622510466157e-01 7.590361627983160595e-03
1.494655640150000155e+07 -1.507984350053125921e-01 4.649425819987334507e-01 6.825440445228556641e-01 8.671136391194312915e-04 -3.272572763671140889e-02 -1.399970150521523127e-01 7.574331212754119129e-03
1.499634368100000173e+07 -1.498108664954656000e-01 4.780957696139390145e-01 6.613346644596838075e-01 1.873702401404930438e-03 -3.114063485374805873e-02 -1.515165436768697027e-01 7.383545679476391857e-03
1.504618194700000063e+07 -1.416180681319938184e-01 4.918195549710802639e-01 6.501030248094621378e-01 2.914357927913993271e-03 -2.913334923663787879e-02 -1.661170309902791353e-01 6.971794405461553996e-03
1.509609427050000057e+07 -1.346003913748029523e-01 5.055782714032648339e-01 6.518312028268191671e-01 4.004309495996588586e-03 -2.619839786109206745e-02 -1.832673845889965514e-01 6.465632996324403858e-03
1.514608090150000155e+07 -1.195631169894306733e-01 5.156374652540808290e-01 6.617189910794756269e-01 4.569338994998162901e-03 -2.300821333022048595e-02 -2.018501935364135358e-01 5.874674849310810784e-03
1.519606865650000051e+07 -1.078300149222721632e-01 5.270624736550609812e-01 6.716103646892349621e-01 4.936474614468005714e-03 -1.901327254209670900e-02 -2.209390669295893395e-01 5.319179221782776440e-03
1.524599157700000145e+07 -8.842973678175647390e-02 5.375857127785631517e-01 6.813123541217662726e-01 5.232001151084591031e-03 -1.513932742424518689e-02 -2.409156723571351522e-01 4.650483181641210280e-03
1.529585215000000037e+07 -7.208376761748865047e-02 5.498966913000370438e-01 6.908034360837651544e-01 6.632176393454480845e-03 -1.115289773582749284e-02 -2.599870654620496380e-01 3.722197006581768122e-03
1.534572454350000061e+07 -5.409854316745653369e-02 5.663902192279273162e-01 7.004599489294172088e-01 9.247474007035998839e-03 -8.247133448364902739e-03 -2.778470947120434964e-01 2.310535249254955931e-03
1.539566689400000125e+07 -3.396980851190080364e-02 5.803213137590156334e-01 7.136895987383264917e-01 1.246586286888728447e-02 -6.410094148602138268e-03 -2.951011226026051815e-01 3.924520932526605332e-04
1.544570152600000054e+07 -1.495726866103395600e-02 5.930683152664188995e-01 7.327662043937510639e-01 1.611229935067097149e-02 -5.544221330825402014e-03 -3.109979324705121617e-01 -1.859568782835982915e-03
1.549576602250000089e+07 2.864477962535097455e-04 6.005247390871066848e-01 7.610821582155894438e-01 1.999040612740064782e-02 -4.579010423423630904e-03 -3.248472529881574755e-01 -4.110981177064147729e-03
1.554581580350000225e+07 2.103578273019057060e-02 6.041902414217134032e-01 7.946633704089461903e-01 2.367663621001507915e-02 -4.211279664690268168e-03 -3.373062525739740636e-01 -6.557212206087636303e-03
1.559584615500000119e+07 3.922802766462205742e-02 6.035921959128415226e-01 8.317866647472297315e-01 2.659972388618469727e-02 -4.492937003990665236e-03 -3.487454046418936304e-01 -8.999132404142228328e-03
1.564585545399999991e+07 5.441871635384411959e-02 5.970075809125414690e-01 8.804164558428166920e-01 2.886563560024221417e-02 -5.586647438801458851e-03 -3.592559030614571047e-01 -1.136606944792366986e-02
1.569587176950000040e+07 6.573668343476427034e-02 5.854481271908794637e-01 9.312578338831212221e-01 3.036903078526567712e-02 -6.989082540798718934e-03 -3.687999363896072302e-01 -1.356514796233360132e-02
1.574587159450000152e+07 7.494673939666847418e-02 5.731883242742428219e-01 9.858435639673623907e-01 3.197022972787732370e-02 -8.738637868909562845e-03 -3.776031094344863837e-01 -1.562913603042051860e-02
1.579584359850000031e+07 8.333023060183311626e-02 5.576378568135376135e-01 1.039475203976005346e+00 3.331359574347022429e-02 -1.084249366325721990e-02 -3.855586127965901500e-01 -1.758477565473422904e-02
1.584579865950000100e+07 9.068021397509926085e-02 5.407459074227556339e-01 1.093819849178084835e+00 3.451536885910513192e-02 -1.360493475641872015e-02 -3.926872615373788733e-01 -1.938874624706747943e-02
1.589573779099999927e+07 8.824654926102271091e-02 5.197025426009368454e-01 1.155348704578174956e+00 3.545904363069601190e-02 -1.666000402388288087e-02 -3.987264194166545428e-01 -2.098203666674958862e-02
1.594570957550000027e+07 8.705836999066746129e-02 4.990161634937796409e-01 1.213654460646121036e+00 3.594741073579171831e-02 -2.059350104843225143e-02 -4.034470622750632729e-01 -2.239076333881215991e-02
1.599577108599999920e+07 8.798470572893837827e-02 4.765929028802393663e-01 1.268466175734747070e+00 3.542489637951601322e-02 -2.577058798616208360e-02 -4.072537709625939084e-01 -2.377352079626693024e-02
1.604591637700000033e+07 8.977869948492915586e-02 4.549031380493037124e-01 1.318621817839494170e+00 3.401453592640991952e-02 -3.163670150462083441e-02 -4.098551159455561255e-01 -2.498454736405009841e-02
1.609608048800000176e+07 8.131847626685115293e-02 4.331108416900588121e-01 1.359482196619712147e+00 3.125162871624778682e-02 -3.675650853091855935e-02 -4.116821548090220939e-01 -2.591194245852174172e-02
1.614600727300000004e+07 7.476030890389799566e-02 4.110253284616037228e-01 1.395177835360466023e+00 2.755460564957263811e-02 -4.224029514056228812e-02 -4.118590958864273288e-01 -2.650931362200062077e-02
1.619581488449999876e+07 7.160683989211083511e-02 3.903068964237656480e-01 1.421357772921017837e+00 2.364900344567068269e-02 -4.868776323128980177e-02 -4.093360143574031329e-01 -2.667611175337970819e-02
1.624565832600000128e+07 6.879466159019934079e-02 3.730963989475808984e-01 1.439320528814255429e+00 1.963211583504958363e-02 -5.494817403280442131e-02 -4.046913635248762242e-01 -2.637366830664998260e-02
1.629563404950000159e+07 6.299387014164957443e-02 3.568095960958882484e-01 1.445606942975879550e+00 1.466771521321328341e-02 -6.013947262404643196e-02 -3.986841837295860280e-01 -2.565123067283839320e-02
1.634577604300000146e+07 5.283997890526700991e-02 3.404071137673907455e-01 1.445357650635600510e+00 8.962876733713537672e-03 -6.386025835277411855e-02 -3.914993529848360687e-01 -2.457517298664065736e-02
1.639596953599999845e+07 4.369394519954271361e-02 3.257800856414131974e-01 1.448500133423727299e+00 3.353950573923861200e-03 -6.630113392792735816e-02 -3.830880002663123451e-01 -2.319615115713412334e-02
1.644608584450000152e+07 3.560632268336823281e-02 3.105925402852220962e-01 1.458976318263723204e+00 -2.225504422316785386e-03 -6.708537527632152386e-02 -3.736900800405775769e-01 -2.155729978936118951e-02
1.649608623000000045e+07 3.277571303201781000e-02 2.979250805684706127e-01 1.471759343841164469e+00 -7.439829080583690128e-03 -6.714409254772658875e-02 -3.631103435470848240e-01 -1.965854453250666725e-02
1.654605708149999939e+07 3.027984283065660032e-02 2.855762006141019382e-01 1.483182249108283779e+00 -1.265511641793184809e-02 -6.625999524193121326e-02 -3.514923637667187739e-01 -1.749634222947279300e-02
1.659612570949999988e+07 2.572900943245663014e-02 2.784120991549192681e-01 1.487665538182582958e+00 -1.726667322974852203e-02 -6.427192264748944617e-02 -3.388461206440915308e-01 -1.504818772414031995e-02
1.664632839599999972e+07 3.149794311394213397e-02 2.722857041263367917e-01 1.487558093462834075e+00 -2.118204824124284014e-02 -6.177489685704526390e-02 -3.261377030424499890e-01 -1.252747992048883208e-02
1.669654055249999836e+07 4.207971937980226756e-02 2.712281713864391763e-01 1.482983140244352294e+00 -2.347949318736297988e-02 -5.797456323461983030e-02 -3.138350219930514662e-01 -9.978692708364048786e-03
1.674658842150000110e+07 5.491619979447485284e-02 2.729301432590078846e-01 1.471572801005486042e+00 -2.417675840186302161e-02 -5.266337899699274905e-02 -3.019950807974861595e-01 -7.444305867301914334e-03
1.679651849900000170e+07 6.796506364234351782e-02 2.772508513919599293e-01 1.452072681249204633e+00 -2.365757274318532402e-02 -4.624043305883086125e-02 -2.916240409430301828e-01 -5.110121225307577737e-03
1.684647144599999860e+07 7.594583648142085031e-02 2.804979021608091649e-01 1.433147837261703472e+00 -2.246309483980675134e-02 -3.853070980156311776e-02 -2.824949747908567788e-01 -2.863143492547967107e-03
1.689652144649999589e+07 9.100273604664906035e-02 2.787021510464545715e-01 1.419766376798948571e+00 -2.021250242321658702e-02 -3.129170385065605658e-02 -2.741289333369860137e-01 -6.484907301942919059e-04
1.694661526799999923e+07 9.902884967753507184e-02 2.786090588229845899e-01 1.409606627246793309e+00 -1.734772663179524888e-02 -2.321198251743965268e-02 -2.671883625436879406e-01 1.480914393777245461e-03
1.699667157600000128e+07 1.093579109004794297e-01 2.756038031002722155e-01 1.402701159241822149e+00 -1.457963021947024373e-02 -1.487543650641498863e-02 -2.632782404169708990e-01 3.003429817992385367e-03
1.704662478150000051e+07 1.162979180293185616e-01 2.738076965490220394e-01 1.393373984236472962e+00 -1.207134164558754282e-02 -6.999467489418557432e-03 -2.626626389436531039e-01 3.796354210785689732e-03
1.709650250800000131e+07 1.209175571199080368e-01 2.704635107551315309e-01 1.390177581107417959e+00 -9.600523018267883429e-03 -4.234182895589689829e-04 -2.641281182474947697e-01 4.078708865735936398e-03
1.714639244649999589e+07 1.223138241348956101e-01 2.691067102797238819e-01 1.390321206554823830e+00 -6.598202466876845404e-03 5.017815856911933894e-03 -2.674033141303734373e-01 3.952536805820097698e-03
1.719631754250000045e+07 1.288686035305336985e-01 2.706554586971795517e-01 1.387190591997129241e+00 -2.921072882992479299e-03 9.124712698531486227e-03 -2.726425051630518848e-01 3.352406892731812568e-03
1.724627126150000095e+07 1.351082063601476424e-01 2.757542345596228350e-01 1.380202637438557867e+00 1.384441203690289605e-03 1.209686323509648852e-02 -2.799904364259684919e-01 2.278102446666902849e-03
1.729621197599999979e+07 1.401257241780624330e-01 2.808800994111643745e-01 1.372479203586831176e+00 5.411417313011342503e-03 1.368025536214951751e-02 -2.887659796440884552e-01 8.296156713174887044e-04
1.734613337349999696e+07 1.436841851811662962e-01 2.857484561836029502e-01 1.368903516162689682e+00 9.082583993900963243e-03 1.370598447035057191e-02 -2.986434321159499583e-01 -9.444761063020930790e-04
1.739604215850000083e+07 1.455228635896500811e-01 2.904639886276435545e-01 1.368982782362864192e+00 1.212745675887798649e-02 1.207716497892290936e-02 -3.091247102570896521e-01 -2.952632332507798378e-03
1.744597799100000411e+07 1.472722780884413440e-01 2.990847763791583125e-01 1.362156177919777500e+00 1.430528169952783452e-02 9.167064095535130963e-03 -3.203460756626431705e-01 -5.200896384586792959e-03
1.749595044700000063e+07 1.532624564677046997e-01 3.055424180668304124e-01 1.360342138990874750e+00 1.582617058524041567e-02 4.355995591411378730e-03 -3.323038465282212028e-01 -7.752327004478002000e-03
1.754595515350000188e+07 1.495715052146871504e-01 3.140601545739841738e-01 1.357930466812200976e+00 1.692906400598010244e-02 -6.339934310360369543e-05 -3.444923188568141947e-01 -1.023027512395639424e-02
1.759597336400000006e+07 1.469230467976168353e-01 3.206050672424418102e-01 1.357348856860869146e+00 1.772758844053490962e-02 -4.545179228325714124e-03 -3.567197499712028708e-01 -1.270806553844477417e-02
1.764600062749999762e+07 1.559780517222556229e-01 3.234343158379349714e-01 1.361720945509466985e+00 1.870195865378410094e-02 -1.056525865320537445e-02 -3.673911581834024553e-01 -1.509271390830733972e-02
1.769598870250000060e+07 1.666139996294927761e-01 3.275170403827514232e-01 1.365924062139004969e+00 2.000549663358514030e-02 -1.735238484815335505e-02 -3.768096689130600585e-01 -1.733331474714090714e-02
1.774592841700000316e+07 1.661976046633448778e-01 3.327478861862664394e-01 1.370082613832855234e+00 2.087404274738952417e-02 -2.279349993957099918e-02 -3.855728017558178733e-01 -1.931870392137008396e-02
1.779585530600000173e+07 1.666612476419711275e-01 3.339664123542168683e-01 1.378649634900038556e+00 2.108624172927765425e-02 -2.861002446460031434e-02 -3.933031401107796587e-01 -2.122902989785592151e-02
1.784584032449999824e+07 1.623239887095173917e-01 3.350464649682792229e-01 1.389701945855662757e+00 2.110788216450467866e-02 -3.426977659510897778e-02 -3.997460282776322815e-01 -2.305181128657788486e-02
1.789592488199999928e+07 1.639748436471413495e-01 3.341545657492005494e-01 1.401110292364183607e+00 2.099151377715439970e-02 -4.054262884407121292e-02 -4.051114171156612320e-01 -2.483197325351566356e-02
1.794611578800000250e+07 1.595381480261907903e-01 3.336412757825329423e-01 1.411571392248205603e+00 2.051148511759861084e-02 -4.610879804105756652e-02 -4.095232722467932462e-01 -2.640780826153289393e-02
1.799627826349999756e+07 1.609066172861169375e-01 3.321794456769010528e-01 1.423010498455556938e+00 2.006225907013726301e-02 -5.214852411998624482e-02 -4.126318959841498990e-01 -2.776722384168488905e-02
1.804627549199999869e+07 1.541997681064644909e-01 3.329935181010372780e-01 1.432355699088344814e+00 1.971938767898965758e-02 -5.717859287256535361e-02 -4.144588826873085718e-01 -2.877704825250308046e-02
1.809612480549999699e+07 1.520008008583885184e-01 3.333781661607810864e-01 1.440062092419968742e+00 1.969370548775151511e-02 -6.153804727211514836e-02 -4.150034487969844754e-01 -2.945617007536424289e-02
1.814601169549999759e+07 1.517282538903166611e-01 3.333655928081447617e-01 1.443381285348836141e+00 1.983524593178763104e-02 -6.473704894837298274e-02 -4.145561311999758081e-01 -2.978152763080245402e-02
1.819603509949999675e+07 1.533120391272595473e-01 3.325260353712712336e-01 1.444675068942822715e+00 2.034377831072170170e-02 -6.691179059714295885e-02 -4.132898216365369359e-01 -2.983837941757868512e-02
1.824621080700000003e+07 1.481934485262206558e-01 3.312251725502241007e-01 1.440453278281262905e+00 2.070298942525919048e-02 -6.802100581550082903e-02 -4.111994425776676065e-01 -2.959200769258709882e-02
1.829640451150000095e+07 1.467752205549802680e-01 3.271100159666615603e-01 1.435542581295775610e+00 2.084005327345338221e-02 -6.904585750488627383e-02 -4.093520400359210165e-01 -2.931504242845726915e-02
1.834647100349999964e+07 1.386819500622363810e-01 3.253774574670145192e-01 1.431716656746414795e+00 2.112288896355514825e-02 -6.894699481669221142e-02 -4.075465746795309818e-01 -2.891201263523936887e-02
1.839642030100000277e+07 1.374444302324185352e-01 3.236043228205218725e-01 1.427147724000678464e+00 2.163064836680626823e-02 -6.922391539499586632e-02 -4.061439638634770088e-01 -2.859408302937800975e-02
1.844636804199999943e+07 1.299944514867764078e-01 3.260453338397575895e-01 1.417944836105480055e+00 2.170643572120364156e-02 -6.823315121010098405e-02 -4.061534855750299489e-01 -2.852635662299437408e-02
1.849627527299999818e+07 1.287686931454599393e-01 3.272491894327307915e-01 1.406900120852514924e+00 2.150359009346186623e-02 -6.735807812817068418e-02 -4.072623868795163249e-01 -2.876241734021537863e-02
1.854627249300000072e+07 1.256624842971647282e-01 3.312316521657522883e-01 1.391077074251892531e+00 2.152139890260196947e-02 -6.652680774564097288e-02 -4.081031942919108868e-01 -2.888997388890267998e-02
1.859630624349999800e+07 1.306002558599709540e-01 3.350220215272040059e-01 1.374275054036551591e+00 2.182876231670574652e-02 -6.637809355568373426e-02 -4.086143172530314338e-01 -2.898766937870549815e-02
1.864632403349999711e+07 1.330580030745160403e-01 3.420641195723602701e-01 1.352171506193618811e+00 2.240491692090611567e-02 -6.609320437631929779e-02 -4.085602830031707100e-01 -2.891767549196035819e-02
1.869624867699999735e+07 1.403496454169547991e-01 3.477391993189306585e-01 1.328609059028173833e+00 2.305997599182526420e-02 -6.598104639590360310e-02 -4.081278889949483402e-01 -2.877172732050017889e-02
1.874609475449999794e+07 1.423260713227454677e-01 3.545858694629830943e-01 1.300900889725562060e+00 2.353407628791912010e-02 -6.535216513767935775e-02 -4.071440285774631240e-01 -2.842380835972681263e-02
1.879598490300000086e+07 1.447430023979037472e-01 3.602980749975323027e-01 1.278401234926176411e+00 2.393455047105718173e-02 -6.483216782142814383e-02 -4.055952215921969639e-01 -2.794561795327820883e-02
1.884597445100000128e+07 1.473856519123334374e-01 3.656420577414687956e-01 1.257635088795920009e+00 2.416204399358751892e-02 -6.437351921368737739e-02 -4.035243414534974149e-01 -2.734704109103416186e-02
1.889605252299999818e+07 1.482310219853771593e-01 3.709915282425455541e-01 1.239854443999671485e+00 2.433696546640656128e-02 -6.393728631802315931e-02 -4.007994063260011952e-01 -2.658593432220782496e-02
1.894611612849999964e+07 1.457830296888295851e-01 3.769811061717612821e-01 1.224893392167649919e+00 2.458798149203148681e-02 -6.298851692375560807e-02 -3.980272395615759295e-01 -2.575200970424274677e-02
1.899610423350000009e+07 1.507470041126206528e-01 3.794804367125185762e-01 1.215139977250382586e+00 2.499612809165876678e-02 -6.234754497903291504e-02 -3.951758621924108539e-01 -2.493578778120871670e-02
1.904603217599999905e+07 1.513706469405598498e-01 3.832016929479439837e-01 1.204643193915532429e+00 2.558060324255357482e-02 -6.059707971832471729e-02 -3.927523021779200096e-01 -2.409003479902812120e-02
1.909596663649999723e+07 1.599605936883294055e-01 3.828715483129024322e-01 1.197374836201301029e+00 2.624399341879714645e-02 -5.922640864880348438e-02 -3.905797527638746880e-01 -2.335215045865160835e-02
1.914592790349999815e+07 1.662510991522111459e-01 3.835338445202104429e-01 1.190205885374337136e+00 2.716271403034656653e-02 -5.805921770814290173e-02 -3.879286936788491347e-01 -2.252849939246352393e-02
1.919599007600000128e+07 1.701618040270430066e-01 3.857855098514645920e-01 1.183645763070831691e+00 2.810505480306517770e-02 -5.717618587588264162e-02 -3.851908386577868604e-01 -2.172508126749220919e-02
1.924597969400000200e+07 1.697612659215209652e-01 3.877028926536757458e-01 1.176203248589618555e+00 2.863944527317990180e-02 -5.598158575823396210e-02 -3.827821251769547573e-01 -2.098074915010262817e-02
1.929602649749999866e+07 1.757895130114087157e-01 3.859620988349095061e-01 1.172148058376724311e+00 2.893748367958080478e-02 -5.548587147829160682e-02 -3.809013833967226925e-01 -2.048131739567278162e-02
1.934604424700000137e+07 1.781049263836826102e-01 3.857935444539930536e-01 1.166424945189483919e+00 2.926195567036195266e-02 -5.458510924004821713e-02 -3.796184924114124892e-01 -2.009255710861848274e-02
1.939603530900000036e+07 1.838570713188130701e-01 3.838531844117618608e-01 1.165924609742147844e+00 2.980408949799082108e-02 -5.402904940666104078e-02 -3.782356570665170725e-01 -1.971310708821497060e-02
1.944603467249999940e+07 1.832754275063668281e-01 3.845776286580929182e-01 1.166603638384689834e+00 3.045359577004572854e-02 -5.312355727536412220e-02 -3.765909168759506986e-01 -1.921974797554172609e-02
1.949603846700000018e+07 1.868379293472107738e-01 3.836221944721646127e-01 1.170750582318387245e+00 3.113761221893762698e-02 -5.277325856472960680e-02 -3.747016792451917655e-01 -1.873316005992255867e-02
1.954604425699999928e+07 1.844507415630294300e-01 3.853081299052077968e-01 1.173900590018890799e+00 3.188267877784305149e-02 -5.211782941589737650e-02 -3.726079634531522244e-01 -1.816253837153639084e-02
1.959604162500000373e+07 1.872053241117462852e-01 3.840722162848647647e-01 1.178284541336628299e+00 3.240605815135806644e-02 -5.187151328792999339e-02 -3.706390036413207967e-01 -1.767007443587368179e-02
1.964611003900000080e+07 1.861352968713366196e-01 3.839177765960033462e-01 1.179448877812263374e+00 3.276689386040517599e-02 -5.145167364920136266e-02 -3.689287513248682981e-01 -1.721689024993859618e-02
1.969600433999999985e+07 1.894370692317030314e-01 3.817241622794748657e-01 1.183595357264051406e+00 3.319826444538211130e-02 -5.140763340665297637e-02 -3.676921055889080803e-01 -1.692503602165533472e-02
1.974601938450000063e+07 1.873142018107054052e-01 3.819733290637741252e-01 1.185191572708469643e+00 3.366546046377492940e-02 -5.116927541028435528e-02 -3.665483809025965600e-01 -1.663431154374292800e-02
1.979604089300000295e+07 1.879877509975988736e-01 3.818027429410780216e-01 1.187124201931311074e+00 3.396186590266221661e-02 -5.114480015090976106e-02 -3.656978544715719925e-01 -1.644269071643095215e-02
1.984607152499999851e+07 1.886239434962352635e-01 3.816259073998867213e-01 1.189099384492813716e+00 3.425094938940878575e-02 -5.115931127778526599e-02 -3.649640623292971231e-01 -1.628422827282572510e-02
1.989607724500000104e+07 1.892296737481957702e-01 3.814375263060931776e-01 1.191086471755737897e+00 3.453989163489037950e-02 -5.120413380138308379e-02 -3.643367452679585061e-01 -1.615515108952481071e-02
1.994606181049999967e+07 1.898118361950570931e-01 3.812323035255813508e-01 1.193054815082815523e+00 3.483587334998197033e-02 -5.127059273217424856e-02 -3.638056440797340363e-01 -1.605168604312539812e-02
1.999603602050000057e+07 1.903773252783959313e-01 3.810049429242352015e-01 1.194973765836779167e+00 3.514607524555851681e-02 -5.135001308062979442e-02 -3.633604995568017193e-01 -1.597006001022466953e-02
2.004603388100000098e+07 1.909330354397889562e-01 3.807501483679386900e-01 1.196812675380361179e+00 3.547767803249497059e-02 -5.143371985722072076e-02 -3.629910524913393943e-01 -1.590649986741980021e-02
2.009604037249999866e+07 1.914858611208129224e-01 3.804626237225758878e-01 1.198540895076293467e+00 3.583786242166631109e-02 -5.151303807241806865e-02 -3.626870436755250116e-01 -1.585723249130797929e-02
2.014607016249999776e+07 1.920426967630444737e-01 3.801370728540307553e-01 1.200127776287308601e+00 3.623380912394748299e-02 -5.157929273669286524e-02 -3.624382139015364657e-01 -1.581848475848638552e-02
2.019609290350000188e+07 1.926104368080603646e-01 3.797681996281873085e-01 1.201542670376138489e+00 3.667269885021345183e-02 -5.162380886051613077e-02 -3.622343039615516513e-01 -1.578648354555220110e-02
2.024610809699999914e+07 1.931959756974372389e-01 3.793507079109294522e-01 1.202754928705515702e+00 3.716171231133917618e-02 -5.163791145435889240e-02 -3.620650546477485188e-01 -1.575745572910261516e-02
2.029609806599999964e+07 1.938062078727518234e-01 3.788793015681412579e-01 1.203733902638172371e+00 3.770803021819962159e-02 -5.161292552869217731e-02 -3.619202067523049626e-01 -1.572762818573479951e-02
2.034608582099999860e+07 1.944480277755807895e-01 3.783486844657066861e-01 1.204448943536840844e+00 3.831883328166974662e-02 -5.154017609398699185e-02 -3.617895010673989331e-01 -1.569322779204593982e-02
2.039608185550000146e+07 1.951283298475008643e-01 3.777535604695097526e-01 1.204869402764253472e+00 3.900130221262450292e-02 -5.141098816071439093e-02 -3.616626783852083249e-01 -1.565048142463322176e-02
2.044608511950000003e+07 1.958540085300887468e-01 3.770886334454344180e-01 1.204964631683142162e+00 3.976261772193886990e-02 -5.121668673934538785e-02 -3.615294794979110327e-01 -1.559561596009382059e-02
2.049610333049999923e+07 1.966319582649211362e-01 3.763486072593646981e-01 1.204703981656239486e+00 4.060996052048779226e-02 -5.094859684035099590e-02 -3.613796451976849511e-01 -1.552485827502492720e-02
