#timestamp tx ty tz qx qy qz  qw
49956 0.0 0.0 0.0 0.0 0.0 0.0 1.0
99913 0.14269666228362335 -0.03638987609380647 0.21449266377121498 -0.003518946041862269 -0.0062183570066191764 -0.0021341013054132323 0.9999721969467505
149869 0.13850145130767505 -0.035017663065270925 0.2487596112772859 0.0008520252422856174 -0.006107618588121997 0.0032432766477066143 0.9999757258077592
199827 0.22281164320756244 -0.04409726622150794 0.43438519241497786 0.0015789213695784348 -0.006327308097390963 0.0034744720716885853 0.9999726997390341
249784 0.20894994570904238 -0.06128648210268805 0.4463517808083463 -6.0975357256419426e-05 -0.0050900307987904354 0.0016954748474453526 0.9999856065131711
299741 0.3308967984640261 -0.07278470665355129 0.35007046558935645 -0.005559478834116723 -0.016132247073320165 -0.007214623601995032 0.9998283812763769
349698 0.2738738336172128 -0.08116526435414533 0.29349611014280547 -0.008475842469569676 -0.012315154117139477 -0.009632796202321407 0.999841840648223
399655 0.26357454621840504 -0.08073567567018798 0.30105427197145584 -0.006930539453600019 -0.010747986561947039 -0.006219093973608385 0.9998988805263729
449612 0.20228629661561287 -0.08654719297579692 0.23709909107210372 -0.004001651379400596 -0.007907717820904712 -0.003518741905894461 0.9999545355867447
499569 0.2155348112168422 -0.09304349359492768 0.2184544234061961 -0.004966531391085552 -0.00799449414798267 -0.004518252194328339 0.9999455020281695
549526 0.21339126551090581 -0.08548283582006838 0.29649172246565636 -0.007185442134330931 -0.00267202467296686 -0.010763117178743587 0.999912688695407
599483 0.11511595274629084 -0.05951574165256017 0.2543798187919659 -0.007908520282684668 0.004966797038437415 -0.010436164130280614 0.9999019315474709
649440 0.12132981973722025 -0.055221819949040477 0.23441463472197216 -0.008945888830999475 0.0052429348742818235 -0.0077314197205043825 0.9999163504293911
699397 0.23992882335759638 -0.06133172099947786 0.30706155148702363 -0.008413474117109014 -0.00011363300990516226 -0.003747327025822685 0.9999575781406836
749354 0.24432495575014093 -0.05084471080428462 0.3159298878929885 -0.0040298694155893 -6.95959582494676e-05 0.006149740126573173 0.9999729676372614
799311 0.13186691085693977 -0.0609181110917381 0.24812215058155437 -0.012106642170382109 0.008577627362783046 -0.0074481274174534986 0.9998621799638974
849268 0.15625433681614587 -0.05474395488766615 0.1790233000545209 -0.008014154113245683 0.006095069210465691 -0.0017879619527789786 0.9999477119615926
899225 0.25524166473767285 -0.05682260293354353 0.30034698009008376 -0.0040404815909310604 0.003230303211263299 0.0021795810939325977 0.9999842444138466
949181 0.24654399236927219 -0.0589714509228016 0.32461898435864517 -0.0045068391435374245 0.004313133896046419 0.0016767998402147607 0.9999791365919716
999139 0.13505725851825584 -0.0652713242761608 0.33151016187384474 -0.005175553294128201 0.013416622453677293 -0.0027046156176334757 0.9998929407413556
1049096 0.13633791480909674 -0.07032723644807645 0.330620235952453 -0.007810274036653762 0.01352355212944851 -0.0044780413127566724 0.999868021442468
1099053 0.25252475084670484 -0.060583905413337684 0.3174528525796668 -0.005092210819701538 0.003453393762657259 0.001620266097045899 0.99997975889428
1149010 0.2514700489290593 -0.06118880405465324 0.32621205158805017 -0.006893808618741377 0.0036442003688240006 0.0015859730949069936 0.9999683394466758
1198967 0.16195420313494804 -0.06406892296223746 0.3125967955866997 -0.006360253624123584 0.012545235290888706 0.0016481021687116452 0.9998997189741452
1248924 0.18132308267455105 -0.06920204587064344 0.26967966062732285 -0.006804265465584952 0.0130839054749708 0.0008016391703649483 0.999890929433624
1298881 0.2606233861975667 -0.07392287288130833 0.35903086267018003 -0.004634077786005964 0.014068041337250986 0.005338897746410585 0.9998760481714022
1348838 0.2267649577359292 -0.0766000157201772 0.4006393470940872 -0.005696158971950197 0.020504514886621864 0.002142653146505159 0.9997712376737613
1398795 0.25628854034297704 -0.0751557875063647 0.2681272953526068 -0.003331274455894777 0.014072646437504013 0.0055790614292013955 0.9998798614365196
1448752 0.22718922408851644 -0.08492231523894275 0.3808271463585402 -0.003285978629796552 0.022853724462880632 0.00576357037846693 0.9997168053399481
1498709 0.2618986293902768 -0.09383963377324653 0.33870721621959565 -0.0057585028041184805 0.017849513553419488 0.0033180605307759343 0.9998185960391391
1548666 0.16063469298282487 -0.16847838775070245 0.28461988957507306 -0.04668307083759133 0.028206593469233997 -0.06544938748742096 0.9963641185126828
1598623 0.04005108326279052 -0.112624476235271 0.15773563379107344 -0.028617105753634818 0.02988347975414677 -0.04149527397808762 0.9982816141417973
1648580 0.08493471900922511 -0.10456117235853263 0.012761243229257811 -0.02326590985193405 0.02037890647665724 -0.03435861562830565 0.9989308700514185
1698537 0.22324653874445252 -0.10620094953457103 0.09061773161517483 -0.019160976130281664 0.01099978853827352 -0.02367492030336232 0.9994755423693357
1748494 0.22817167052943138 -0.10306082753450818 0.11856949077737046 -0.009473167418302276 0.008614921452836698 -0.0025978458749024253 0.9999146430692154
1798451 0.18305702491161358 -0.09862828310816141 0.38064992067881354 -0.007431171853971851 0.02230668467688913 -9.717837474170458e-05 0.9997235518181845
1848408 0.13252423426676113 -0.11009043977843995 0.18768736470870795 -0.02143083015335724 0.022530221296823753 -0.023352946446524896 0.9992435881903471
1898363 0.13298720973814787 -0.08948965797341803 0.20409448491827703 -0.0159197998828063 0.021239515075425812 -0.013298471912972511 0.9995591996554442
1948322 0.15573897705956383 -0.07427738340938492 0.1436244047575337 -0.02125096521399451 0.016545516983796294 -0.02677889346225624 0.9992785063285159
1998279 0.04268863996252297 -0.06928329828282327 0.16698711443152187 -0.02357375778119593 0.02607791170599739 -0.030027562599685927 0.9989307112855473
2048236 0.11559158346684363 -0.10761694924226703 0.168034934820008 -0.026592681504171354 0.020191907447581443 -0.025366260287885852 0.9991204476953984
2098193 0.08490047023871951 -0.13934678305252649 0.09052535589250459 -0.028639640794977966 0.019684154300786898 -0.02167942361554919 0.9991608016912469
2148150 0.12227978149175142 -0.11779132846159648 0.14908129579814688 -0.02824480523567174 0.019287580348546038 -0.02343680227405018 0.9991400985450761
2198107 0.08197320613988439 -0.13052425664317935 0.09248599875231119 -0.029249414107719054 0.02036908718122502 -0.020367342454822947 0.9991570164008692
2248063 0.09979207948113777 -0.11441382288287026 0.20874586551900057 -0.02883108079329891 0.022375249922728133 -0.020422423178689354 0.9991251381096845
2298021 0.049725409391437485 -0.11602242608847027 0.1851855786823561 -0.029552997349269475 0.024530467434217298 -0.020361670770463663 0.9990546926362782
2347978 0.1001254286977854 -0.11342655086270399 0.20843244662331123 -0.02979404499383176 0.02208110467113286 -0.020926834936654138 0.9990929923079943
2397935 0.047452439405363714 -0.11419570669310272 0.17641267473419917 -0.030131862549030282 0.0238804794663293 -0.020752920144843926 0.9990450990146772
2447892 0.10030174393842924 -0.11417388557292354 0.20467752658699787 -0.03041293392206517 0.02126311360355924 -0.02077955185738486 0.9990951624718941
2497849 0.04905063595620316 -0.11711215904792081 0.1768419420006892 -0.03112680443464224 0.02328267377920165 -0.018872210534735798 0.9990660032334758
2547803 0.09902644549243275 -0.11251814964218547 0.20754751892024736 -0.03059356481785878 0.02120625296994828 -0.01927984926226923 0.999120921630177
2597763 0.04901346832820019 -0.11719788846541676 0.18014940063848625 -0.03107113809747987 0.023603291840309393 -0.020179470829798988 0.9990346630366024
2647720 0.10302635169493359 -0.11313324437366368 0.20792502495884796 -0.03066405640511194 0.020696075221533185 -0.020167020096502543 0.9991119453873205
2697677 0.05181371218954286 -0.11800115290476651 0.17968854014008753 -0.030859709589904402 0.024144095549590208 -0.019930475333913084 0.999033291300687
2747634 0.10771150135439897 -0.1140486758448407 0.20659694116819896 -0.03010580356169331 0.022140187762288325 -0.021407156058705783 0.9990721627326195
2797591 0.05775052728724403 -0.1227124867769838 0.17442660173096275 -0.031200060681388465 0.02620445231171503 -0.021427283446122544 0.9989398152124283
2847548 0.11104973187896378 -0.1164135074925599 0.203444318856342 -0.030051293267881418 0.0254426099870916 -0.02131696778557762 0.9989970872101686
2897505 0.056286734331008774 -0.126384499710261 0.1745637386173006 -0.03155080400598084 0.030445807328859965 -0.021267531620524974 0.998811940097554
2947462 0.10675845791926422 -0.12022450098047224 0.207423451996347 -0.03078673940036246 0.02881877166100948 -0.018638304286923632 0.9989365689023266
2997419 0.0535665183761041 -0.13077363564651012 0.17927681897109124 -0.031714165010474527 0.031851248635150625 -0.015988157744748176 0.998861396045517
3047376 0.10141794336121415 -0.1363826283160898 0.20443916891496525 -0.031988213564544336 0.03032753200399121 -0.017579704509760787 0.9988733398108318
3097333 0.03831236599759003 -0.15058744373338842 0.17842749246164405 -0.03197330209696888 0.035107979809486996 -0.02202073306116928 0.9986291729276495
3147290 0.07661580665222234 -0.1513043450064293 0.2089688413345892 -0.02876930022783526 0.031149525752648167 -0.02386966735088839 0.9988154350981685
3197247 0.014456878299306652 -0.1587307426361357 0.18291907575877114 -0.027222148631827245 0.03195819898392374 -0.02913087421649122 0.998693656888314
3247204 0.05478217739547582 -0.1628468287147551 0.1984693172811232 -0.023070327972134628 0.026425957164035854 -0.028446847175247376 0.9989795821942563
3297161 -0.015538195867823167 -0.16103523593194663 0.1883090709173092 -0.02208743136552942 0.027103011235083307 -0.02868231424537559 0.9989769251625351
3347118 0.007790422329258603 -0.16664202380868312 0.20175219379691994 -0.022914751592215888 0.019776217973105994 -0.026808956787374685 0.9991822132114442
3397075 -0.06520366931554532 -0.15610753131334554 0.20100134034754874 -0.021201872368952716 0.01509578555999631 -0.016142054041206937 0.9995309059542421
3447032 -0.027687074988180512 -0.1453482542315961 0.20454808569431662 -0.0159227424876246 0.0014436188111760747 -0.0018923505533682942 0.9998703922238042
3496989 -0.08979018200514614 -0.13830834142996132 0.19781964522444528 -0.01365604748584255 -0.0033137009981682917 0.002527562514722696 0.9998980663950167
3546946 -0.04691253892697473 -0.13934143290005135 0.1818721506113724 -0.011876951314032965 -0.01615919201883177 0.006260821256317997 0.9997792859716484
3596903 -0.10754807087955756 -0.13769288527944315 0.16135928428342056 -0.01285308999629162 -0.02148083853296104 -0.0007053726554767777 0.9996863878751601
3646860 -0.06707385715551589 -0.12201225777144852 0.13779554068053756 -0.010813498811850472 -0.030748694696886392 0.004262972632005551 0.9994595605036867
3696817 -0.12399825087045405 -0.11626714387963999 0.12320219980090452 -0.013030814355373876 -0.031292109422634794 0.0017610958484549173 0.9994237841409069
3746774 -0.06523201838990343 -0.10082090920194563 0.1262736586235306 -0.014977081389713818 -0.036361080935121276 -0.0016595160309067069 0.999225102183096
3796731 -0.09374158819382138 -0.10809260135158104 0.09602235074689842 -0.018494070469146785 -0.0329928115631684 -0.00297270425134408 0.9992800442178726
3846688 -0.02554401225508781 -0.08982579845587073 0.10076176117926353 -0.018801476355698565 -0.032428137763279616 -0.004416133732247096 0.9992874552054132
3896645 -0.0661825967813286 -0.0825829016637923 0.08570288222842329 -0.021004181124823575 -0.024622813573091807 -0.006560164680461133 0.9994546041048517
3946602 0.003663170520136752 -0.06495549049368098 0.0973669447300819 -0.028318294440708703 -0.023976851194661197 -0.01580325915593515 0.9991863899227255
3996559 -0.03921134926249256 -0.06180313421007418 0.09225937541422624 -0.0371426680733875 -0.01442879928990316 -0.017867705635489593 0.9990460335013424
4046516 0.03711540066698955 -0.04588288097385772 0.08979377500590549 -0.04197204771381917 -0.012745736719067953 -0.01939034274701016 0.9988492919426587
4096473 -0.0025135042773339585 -0.051951351384952695 0.07160688183872646 -0.04573012729168252 -0.0032769014574169928 -0.016805541457963785 0.9988070840512844
4146430 0.08080544443988572 -0.04588435618272546 0.07439796684654595 -0.047428956104058576 -0.0032301022968484142 -0.019743948997058957 0.9986742396998297
4196387 0.042763017915941275 -0.054687301907537095 0.05311040034604664 -0.04926295540435349 0.007013076590051257 -0.017952066076367932 0.9985998704712317
4246344 0.1194548127510838 -0.06098601891101612 0.05892912190827581 -0.05194213553265813 0.009735477490791344 -0.019375136710884835 0.9984146629090379
4296301 0.07798386738207704 -0.08194951548722582 0.033449355738476204 -0.0534560105511383 0.02119909224922384 -0.01668725260045047 0.9982056847285604
4346258 0.1485702845933177 -0.10009864133677118 0.03439843164239056 -0.05409716868804591 0.023834693959851248 -0.022379066682468984 0.9980002911212997
4396215 0.09286367185610014 -0.11440485125409533 0.04564067656911778 -0.05361233566592136 0.03412183440809275 -0.026903091512065557 0.9976159789960086
4446172 0.15031490744808712 -0.12910331354422938 0.0878283855906172 -0.053381567415266444 0.033722965190951644 -0.030194301704793536 0.9975477301981992
4496129 0.09841402435789182 -0.14253762762346325 0.11381265993529403 -0.052864118760588386 0.04086589239264499 -0.03148715064053177 0.9972682302826856
4546086 0.15867262942911609 -0.14982018727176033 0.14799315813798103 -0.048933908604459335 0.04080008816626451 -0.026214871960213378 0.9976239802061821
4596043 0.10375097548603163 -0.16622377045427134 0.11910827344548261 -0.04803618634498967 0.04863353220413669 -0.024730180677360034 0.9973543615538281
4646000 0.15779830164999065 -0.17340510239125898 0.12771423707558882 -0.04485703694313478 0.04503468465807731 -0.020642486338677248 0.997764306423209
4695957 0.09147605848315614 -0.183123590562261 0.11420749916351447 -0.04339709186618049 0.04530620587291833 -0.01952034891754662 0.9978391634452399
4745914 0.12355354724125586 -0.1776062602895966 0.14466385841533191 -0.038008952658072144 0.03747357018072563 -0.016645689803808143 0.9984357626140512
4795871 0.04368446884914234 -0.1814139592005424 0.15451630472951727 -0.03902719851984976 0.03527881049226398 -0.019506659140264854 0.9984246459073056
4845828 0.0809365979424657 -0.17195515498092753 0.16345604956777587 -0.03654681700437736 0.02221427727190154 -0.016885222009994868 0.9989423133143418
4895785 0.003696085021947944 -0.1660062874165363 0.16123873597156155 -0.04175456887707958 0.01774462869264204 -0.019890027767612173 0.9987722818169581
4945742 0.042451956068583284 -0.1521764217317316 0.16782422393508792 -0.04474173842331293 0.005525002771938127 -0.012983787279944897 0.9988989300500322
4995699 -0.031722932582400436 -0.14488821028704488 0.16788700697769607 -0.04829840700725918 0.001438309352810521 -0.010811313675860476 0.9987734030516475
5045656 0.0061979970761013425 -0.13964966092239808 0.1514280247274222 -0.04644649786271521 -0.014333974253096347 -0.006624915532911204 0.9987959604006127
5095613 -0.0658238708685548 -0.13865665447345626 0.13698769986460244 -0.045489260563901575 -0.022172703849802553 -0.009438372174994917 0.9986741287867753
5145570 -0.026804803703603372 -0.12434731070806486 0.13070292514651244 -0.04205737127319328 -0.03287170456634554 -0.01526636914474869 0.9984575937583068
5195527 -0.09044389126739977 -0.11725367734941702 0.10037772070196796 -0.04093934673577219 -0.03412629062516731 -0.024355509028712547 0.998281611248533
5245484 -0.040885819998129076 -0.10936468584130048 0.10200836736555127 -0.039938335872490155 -0.04210868651774471 -0.02655112485949451 0.9979613347300496
5295441 -0.09511054190386979 -0.09917031251337556 0.08493401673291093 -0.03721171773672195 -0.04422174317341192 -0.029771603353526334 0.9978844507895429
5345398 -0.042563158022175814 -0.09420013450867232 0.0808917163360435 -0.03655757951598835 -0.05213922097100552 -0.03100534769264376 0.9974887034101826
5395355 -0.09157070092930734 -0.08468656655360986 0.05893862248673011 -0.03628170113645252 -0.05005312002594902 -0.031242839735167352 0.9975982198779205
5445312 -0.027667599065085226 -0.07100831045330788 0.06697316872812875 -0.037162747881536014 -0.05184083558672202 -0.03081049602703245 0.9974879303881987
5495269 -0.067179889149579 -0.06351696528051785 0.047106623486249485 -0.03998733584174879 -0.04634218475827446 -0.027255482986081842 0.9977527517031985
5545226 -0.008619705831429994 -0.060408676716675595 0.045178601211602935 -0.04764618078400778 -0.04209440260651433 -0.023198907162160314 0.9977072283151905
5595183 -0.0032890433934703073 -0.040416617750969656 0.13446767096410894 -0.051120363638153955 -0.03213846193751268 -0.022818673132593205 0.9979143930429413
5645140 0.058675871933185415 -0.042891727439998334 0.11651278714619963 -0.056493221833947525 -0.02537678552004224 -0.02014566867211192 0.9978770899651137
5695097 0.012598427582371872 -0.051958388579888874 0.0920093089116109 -0.06235380401303276 -0.007330879109965247 -0.018078336182601375 0.9978634350939252
5745054 0.086524943583758 -0.05198362964737338 0.06523827473880414 -0.06306201444944998 0.0023615821069991726 -0.014308436407419094 0.9979042408523496
5795011 0.06374828700377039 -0.0625592870530132 0.03425303057681429 -0.0634586953537449 0.016049836807838586 -0.0169901010833742 0.9977107462524493
5844968 0.1354961461572232 -0.06999038934023427 0.04811513611644011 -0.05865867634523655 0.022778572111387806 -0.011384368760406856 0.9979532516555664
5894925 0.11885145778747662 -0.09489541323491518 0.024874694930303087 -0.056380948106198196 0.036194291950438884 -0.009977336596357621 0.9977031696227568
5944882 0.1917206809531221 -0.11573724939181111 0.04591774746171755 -0.052925025092525 0.04287591258123013 -0.011379021418294789 0.9976127082745309
5994839 0.14578783446524657 -0.1413501878946637 0.044338665360313695 -0.05276381356076539 0.056682243594495245 -0.017781260396714252 0.9968384673648603
6044796 0.21445785496137942 -0.14756326317689414 0.056628741796355624 -0.04949684106277361 0.055426955558427526 -0.022840826404204626 0.996973526213963
6094753 0.14777189605261232 -0.14918571616662962 0.07406846197545747 -0.0499176901088831 0.06439838318221996 -0.027643354026903943 0.9962915825378897
6144710 0.16635406547868098 -0.16093272675520073 -0.0737213868238309 -0.05267701965708064 0.05195199765670535 -0.027661943426623772 0.9968755882382654
6194667 0.1280177167512116 -0.16925207547623985 -0.004000964981517326 -0.05818720687818958 0.05253786147296048 -0.030805101529601305 0.9964462192147219
6244624 0.18039152620392537 -0.19994348043212445 0.08502093392942683 -0.06311134582931716 0.04576797068005575 -0.03638396791114909 0.9962923555696301
6294581 0.12476184723793146 -0.1925496604183264 0.16043837307195785 -0.06259405809093171 0.048561439030703195 -0.03617061172196737 0.9962005106295796
6344538 0.1655879120235333 -0.19896968850083696 0.12196781746483105 -0.06414472851246898 0.03626807713595856 -0.03736438829977337 0.9965811471585772
6394495 0.11486618972016963 -0.19154263776143554 0.1559869149892993 -0.06335789034336789 0.03454323158716239 -0.03205308488426315 0.9968776969278406
6444452 0.15108684586058171 -0.20742604365964237 0.20920130579951987 -0.06596446806381935 0.029563316190185727 -0.030869180262616987 0.9969061104230481
6494409 0.08508573326386382 -0.20349709214470385 0.23665457453253524 -0.06964837246427637 0.0324174039479852 -0.03236078406583386 0.9965194407481447
6544366 0.1304563391975427 -0.19681959359823514 0.24431850327674684 -0.0666879929813771 0.02213995745555862 -0.029930087288112125 0.9970790960354688
6594323 0.06771671888311957 -0.19154569065085686 0.22216497922350242 -0.07083724677467379 0.021472719192753804 -0.03464189883393375 0.9966548779015897
6644280 0.08618907562904671 -0.20129505641060685 0.15323592680186146 -0.07231033571813728 0.011879595725918417 -0.028967602785950786 0.9968906502433226
6694237 0.06331952061981194 -0.17746491493086536 0.2733286303635849 -0.07656224264886556 0.016481315923678266 -0.027200671766279494 0.9965574306990357
6744194 0.058728748677610305 -0.19295984638433233 0.14069290521747063 -0.07923485633733217 0.00879467370411537 -0.015108175535818662 0.9967026809874744
6794151 -0.012090352537192976 -0.17723243468602698 0.22340239844639914 -0.08875620718477205 0.01670757328325343 -0.028190689920582337 0.9955141775399083
6844108 0.03865767022705754 -0.15546538494548548 0.3061358375586489 -0.09251458731894473 0.01303107285661081 -0.027273617053463168 0.9952524263151696
6894065 -0.036840669205887064 -0.15516200158344343 0.3748346854957077 -0.10538939040018695 0.019667318500548245 -0.038184716236107495 0.9935029946708982
6944022 0.03156401770352581 -0.1552070551659713 0.38303866516655455 -0.1087978008017104 0.008958597616831841 -0.03581992072302212 0.9933779317806729
6993979 -0.023573807303119535 -0.13702375736641784 0.3840441791840071 -0.11158812926182818 0.00891121986717098 -0.036253826153912726 0.9930530397000586
7043936 0.012867904075556448 -0.14656587979055913 0.3463880763226573 -0.11737071944997185 0.000660227755738405 -0.03825334398113108 0.9923509258268306
7093893 -0.07460912655885911 -0.1460960984976838 0.3109788693656042 -0.11744588359698119 0.0032415934242286545 -0.03871925131898245 0.9923188882992674
7143850 -0.028713261491952084 -0.13796660842283093 0.3210263481165504 -0.11560002536229631 -0.004091998417610603 -0.0372375489860224 0.9925891670931636
7193807 -0.09164709569639129 -0.12607634375417742 0.3013354468666384 -0.11800832380158763 -0.003734396479618568 -0.0349551289273041 0.992390159543185
7243764 -0.03815822594686693 -0.11740867034441618 0.3096493666403956 -0.1203503884329151 -0.007219891007898788 -0.029290879790596105 0.9922729974855575
7293721 -0.09520543509020908 -0.11114577479715573 0.28155113427223927 -0.12577399023338526 -0.005037798953580912 -0.03196608612506803 0.9915309845387185
7343678 -0.047092337108003354 -0.11036043242568191 0.25638661802419477 -0.12583510758338165 -0.010508523996736428 -0.024621885769450024 0.9916899008077298
7393635 -0.10557245309384565 -0.10697850654347148 0.22919208489813112 -0.12420240369776007 -0.006732365676906208 -0.01832908589833549 0.9920647573511633
7443592 -0.046534224714161146 -0.10400441647128641 0.2314828241630462 -0.1201567778777083 -0.0089080380555517 -0.01732146794173737 0.9925638328774584
7493549 -0.10843690519444053 -0.09301651662987362 0.2093855199651507 -0.11867386329912315 -0.0054216699179765225 -0.020497788614606605 0.992706885403175
7543506 -0.061620311982300106 -0.08859884418980934 0.1850913484387866 -0.11731325800612813 -0.014232910713763577 -0.02586822579054415 0.9926559618735239
7593463 -0.11947177352573536 -0.08227211984208276 0.15910037871623345 -0.11566127157415028 -0.017850068224344335 -0.03151508829797669 0.9926281501810271
7643420 -0.07747303527797295 -0.07806242736182276 0.1284318311709503 -0.10925752945613464 -0.025043047576910452 -0.03181775195831466 0.9931884356382337
7693377 -0.1331312428986648 -0.06365633927422465 0.09466739380707992 -0.10396911140058439 -0.02410273468889483 -0.03691368548390293 0.9936029699427661
7743334 -0.08252204909202224 -0.07022859648189349 0.08274330704544644 -0.10090917510231263 -0.030277249732151193 -0.042386425650890396 0.9935310852959606
7793291 -0.1304662770089729 -0.05865011191017424 0.060659171669468166 -0.09517836806535256 -0.03197796092221034 -0.04491896132537518 0.993931977139846
7843248 -0.0773413993461988 -0.060596963449814654 0.03921028587719746 -0.09390306187925704 -0.0384916529677675 -0.045915943251286485 0.9937768027967115
7893205 -0.12426282751408588 -0.05558682752257655 0.00014797491900557088 -0.0932875356029058 -0.036257185780184914 -0.047457212963416213 0.9938463991574265
7943162 -0.05785823989326934 -0.06406590116455566 -0.004693555834360648 -0.09300549552314145 -0.03814767864938601 -0.047309166236719845 0.9938091241310599
7993119 -0.09484528010143288 -0.06808809853807546 -0.034657471342055705 -0.09278884713191317 -0.03314971184966208 -0.04912647452483987 0.9939204776806719
8043076 -0.017382182270008758 -0.0661176107306495 -0.030132792232015114 -0.0900862778957412 -0.03486533935275666 -0.04793600830972164 0.994168501690754
8093033 -0.06157013716067342 -0.06894890047491559 -0.05684928391339811 -0.08957582990792305 -0.025005245181322217 -0.044149960943701175 0.9946867292562008
8142990 0.023896133220031618 -0.07611230023761546 -0.05353787756240064 -0.09069826530766717 -0.025720843527289983 -0.04009736134918518 0.9947383899756043
8192947 -0.018791124724644833 -0.09050977314746153 -0.0838669135130766 -0.08938004960680311 -0.010277428877324093 -0.03444321994970096 0.9953488060913388
8242904 0.05414006023926222 -0.08109848905533061 -0.1033131940518629 -0.08107738658451592 -0.0034539076272009504 -0.01878411807813186 0.9965248039134573
8292861 0.003915584971726925 -0.07540632421436498 -0.12238108351279763 -0.0740147140038635 0.01754461891703215 -0.009527482954069032 0.9970572879862732
8342818 0.06924181542239298 -0.09160704141810067 -0.12480337021396082 -0.06724033582127671 0.026915830344916684 -0.0031721763137011845 0.997368644290024
8392775 0.03215094449818361 -0.10403176984707695 -0.1366215557833426 -0.06515614555923241 0.0423296624580667 -0.0005581355978027924 0.9969767122940759
8442732 0.1304908693704306 -0.12674237075045144 -0.14262388685875757 -0.06287567757625884 0.04052879504216723 -0.0022679783811189853 0.9971955285779309
8492689 0.12682203656335417 -0.14373471222053502 -0.17910814086126559 -0.059766774099714516 0.0394858590354652 -0.003813428041450356 0.9974238103316552
8542646 0.19289205739458998 -0.1397215226668927 -0.16264983581765075 -0.05514791509804761 0.03373864039253942 -0.0031871942584200765 0.9979029278429643
8592603 0.13322157969505624 -0.1553054743845428 -0.15719185448405587 -0.05751482454772406 0.03712204449839522 -0.011896112604048032 0.9975833204672258
8642560 0.19824356677582178 -0.15292779764147604 -0.14954984722387027 -0.05325664592799835 0.030804880770576748 -0.009261966975923573 0.9980626257670143
8692517 0.13705327966381067 -0.1743154511104018 -0.15015544074610973 -0.05722441169885006 0.03316570789683196 -0.013502812064151952 0.9977189366709358
8742474 0.2011005458087106 -0.181348200130904 -0.14479610894427086 -0.05764168311466638 0.029262090823121558 -0.004148835489243487 0.9978997713059418
8792431 0.16368245201060716 -0.20055500965331055 -0.14080707389243352 -0.056446190166052804 0.0316417558423075 -0.004223966947780852 0.9978951773639242
8842388 0.207180639208346 -0.2215157937250168 -0.11380619773393938 -0.05674481767654454 0.026921803726965943 -0.009853707033350673 0.9979770270946338
8892345 0.15029669406263332 -0.22851200806521862 -0.11433223000259199 -0.05724664898918355 0.029255664521977354 -0.007848350019321774 0.9979004613060668
8942302 0.186339222541204 -0.23878966442678354 -0.09926874257964056 -0.061266447298686355 0.023207791737286897 -0.007265641607837136 0.9978251506602258
8992259 0.11584921846453974 -0.24431193897823195 -0.08315464910361199 -0.06674194945723275 0.023108622104000897 -0.005940222720016527 0.9974849460122891
9042216 0.14468126607848456 -0.24887596992628944 -0.08029975124754254 -0.06916168823875733 0.013232541982936058 -0.002592612081069199 0.9975143302605892
9092173 0.058666341907387044 -0.2752641929699102 -0.11278380629330027 -0.07782655194297364 0.014491005891897392 -0.013716626829367397 0.9967672209243904
9142130 0.0920955764498074 -0.2949271642184453 -0.12770928597530556 -0.07662181958563594 0.0042421695345480764 -0.009618219714448418 0.9970048097228774
9192087 0.02557218845681049 -0.2956114321149711 -0.11462238607186367 -0.07760556489977509 0.004598777937094133 -0.015448301288114629 0.9968538396000608
9242044 0.06544678686649925 -0.30142754954902434 -0.1136869356004924 -0.07193838428405744 -0.0012889368919395705 -0.0015943287259723893 0.9974069709121756
9292001 0.010324670027587204 -0.3004435413248679 -0.06273958317598886 -0.06862935817989345 0.0025444511478208624 -0.001234234899120877 0.9976382178066285
9341958 0.03377115111561985 -0.30221583289123727 -0.07921494575581504 -0.06470301490075223 0.00021572884386946163 -0.007535542526932287 0.9978760889622739
9391915 -0.019487496644641226 -0.29150301543593576 -0.014555244259886831 -0.06962246685727298 0.005450360053986873 -0.018736431544792063 0.997382550387241
9441872 -0.036444836436160866 -0.29721857202695134 -0.20305827335892296 -0.06524043371728266 -0.002231226823011573 -0.003031726017861681 0.9978624735265865
9491829 -0.07526077526312902 -0.2841112824548654 -0.16084779263759297 -0.06900849535883484 0.00219016285691358 -0.00538065565717916 0.9975991576277862
9541786 -0.007623832695736388 -0.2682862004437388 -0.08558652222047536 -0.06845656578908114 0.0005563317081414925 -0.0024144405950800646 0.9976510209346796
9591743 -0.05198012639101966 -0.2526703587253737 -0.024212111948847176 -0.07214667394081802 0.00790013814344819 -0.001766107629257513 0.9973611813783578
9641700 -0.008360785428629787 -0.23565593112178337 -0.0034739384573460584 -0.07439378783843277 0.005142994611754397 0.0034975431738878686 0.9972095472513389
9691657 -0.06848170471004392 -0.22417620038862152 0.0021650151221039356 -0.07784328559595495 0.004996589290185227 -0.004464385033909529 0.9969430907776836
9741614 -0.06237456937262969 -0.19778405872968202 0.09030635010402219 -0.08356515335379117 0.0020358810843794993 -0.015614641555564048 0.9963778918172859
9791571 -0.06356371243819608 -0.2276085328199712 0.026835378775729214 -0.09087222328975374 -0.004983848724724617 -0.014182036830051384 0.9957490999833328
9841528 -0.10963070505686959 -0.23355131168216456 0.030314155394294162 -0.09545443428193577 -0.0063983939515173385 -0.0036937583416923932 0.9954063831823011
9891485 -0.23417377694394936 -0.2340445368218255 0.02615724498340217 -0.098039278045749 -0.004554951222118582 0.0024858314883011772 0.9951690173138653
9941442 -0.24195897106794156 -0.2271538819565945 0.012109744868329669 -0.0974096619838855 -0.010388996748346672 -0.0016236964995499392 0.9951888213341352
9991399 -0.11827264196480039 -0.2173193316791305 -0.010701188050663316 -0.09263363355655739 -0.025858157270025037 0.001580115411827552 0.9953631844065729
10041356 -0.1235516123526841 -0.1809274714993698 -0.046732642826454826 -0.07959582034169373 -0.028588116880520768 0.009080030154890888 0.9963758216705908
10091313 -0.27403610086854907 -0.15917220050480088 0.029236802380783414 -0.0895805517771623 -0.008995619793803275 -0.020642783192831447 0.9957250017298341
10141270 -0.2703020422190507 -0.14886878445176316 0.0846231707593405 -0.09783433667480342 -0.00010984042463034695 -0.052212734965048246 0.9938321089650667
10191227 -0.12117257562670618 -0.1280406078938845 0.10294251283294291 -0.0821460085924508 -0.011714028876804073 -0.045599670954531234 0.9955076518081821
10241184 -0.11312947216832872 -0.10750969025193073 0.10461232852505337 -0.0709775364324235 -0.016995495851318813 -0.03696454435982027 0.9966478640437768
10291141 -0.045440150987783416 -0.10618569348322258 0.06501108993964629 -0.06145715657984039 -0.023422405618663957 -0.02556965179071763 0.9975071938224092
10341098 -0.09918011196169911 -0.10562277207100781 -0.0020669682862816917 -0.0566964282143672 -0.022750921042387687 -0.02217710548171786 0.9978858084028999
10391055 -0.052249802499210546 -0.10451703702406015 -0.00864377296432323 -0.05905115598691682 -0.02545515564336352 -0.026949926195270844 0.9975663875180691
10441012 -0.10063272506548608 -0.07021608033464284 0.06720189695809758 -0.05947650651979969 -0.018674534692673005 -0.033924206407135005 0.9974782980826492
10490969 -0.027842459977074754 -0.05173022784933393 0.089510637131942 -0.05696030629320334 -0.022642443169744047 -0.034249546335107954 0.9975318600677016
10540926 -0.07784822976498616 -0.03473558949798683 0.0898694014035594 -0.054411572648561675 -0.020330620819127405 -0.03023589372894852 0.997853615190841
10590883 -0.02561148851226304 -0.02250350828319735 0.09363842268931442 -0.05405655360765085 -0.024842555063268688 -0.03278479616230296 0.9976902794006705
10640840 -0.07502630071879587 -0.01331165225359019 0.07777209416966092 -0.052375281408517875 -0.022143352063882404 -0.029962916263279484 0.9979322249059569
10690797 -0.005733186408485671 -0.005612360349388112 0.059526978909100775 -0.05282409951024729 -0.02920945142364998 -0.031831120719411396 0.9976688840553298
10740754 -0.04773673956841603 -0.0025005677104343606 0.03581990964541852 -0.056968606467575046 -0.024984751081924165 -0.02897594935422374 0.9976425885303506
10790711 0.019682443549664478 0.011518430685581713 0.02856267206566591 -0.05992684401940275 -0.0292455499109771 -0.02624163834693347 0.9974291190822271
10840668 -0.01995186280493497 0.011257439863339595 0.014158111340813523 -0.06420435359490105 -0.025091432478844166 -0.023980527235552333 0.997333021266781
10890625 0.054025590021010844 0.012194646555845508 0.005232431227354224 -0.0676419365915183 -0.02755353045795047 -0.022527950231007243 0.9970746525871776
10940582 0.011620450550544545 0.0009708534385460626 -0.02949097718176755 -0.07000024704329255 -0.02101888769698966 -0.018542846712619892 0.9971531149275179
10990539 0.07990853664346187 -0.00012304329166298373 -0.022484463344136667 -0.06789747058059657 -0.020026327272408554 -0.020177215769400247 0.9972872001928684
11040496 0.04393586258982856 0.0003347652132296906 -0.03079742568957822 -0.062075976361393066 -0.013733691243332843 -0.021689642927336886 0.9977412080661483
11090453 0.13202445033143345 0.0005443134172140139 -0.023076415258716718 -0.05651418620125309 -0.016917605246957297 -0.020998130210957314 0.99803758442173
11140410 0.08028700780656538 -0.009041427527731037 -0.02868777282606772 -0.05445497429561033 -0.011996863500171723 -0.021487185321230555 0.9982129191247696
11190367 0.16920288475204784 -0.016813381859958614 -0.0192158132856222 -0.052175778663988474 -0.01698325506401718 -0.027503502253505938 0.9981146299559126
11240324 0.10758598826465196 -0.025976214885734258 -0.023432592391159475 -0.05042208172309694 -0.010004730721481147 -0.02982129856761859 0.9982325426420644
11290281 0.1947684519750853 -0.030764304774038274 -0.009184444153471341 -0.046974137787933086 -0.01773010634001608 -0.02946120214063998 0.9983041176298335
11340238 0.1430651343005734 -0.04892260495315487 0.027706676594934376 -0.050570976110708196 -0.018636736372342356 -0.029151145823078328 0.998120964177088
11390195 0.19483460501514405 -0.04826139031934437 0.05951392196852354 -0.04648372921168904 -0.0239045238741157 -0.027318279899884515 0.9982592590305576
11440152 0.12594196667448398 -0.051903016485526726 0.0643493416585267 -0.042147724269225945 -0.023494678940482766 -0.024903734445727382 0.9985245983004454
11490109 0.20096520373688964 -0.05988560961549094 0.08198227540296887 -0.03963745546914902 -0.033121058578069705 -0.028130225799440516 0.9982687804389515
11540066 0.1434184619371994 -0.06970469822387565 0.09395725040113069 -0.0390526191766564 -0.028911176001668978 -0.0291839390139076 0.9983923750416347
11590023 0.21330034291815914 -0.0688128734377858 0.12788367945614618 -0.03645485832935216 -0.03523318971209864 -0.025932076201157173 0.9983772799251771
11639980 0.1594082362084521 -0.07448700597459787 0.12902130672557513 -0.0380583336803525 -0.03287079949485429 -0.022920963711025408 0.9984716837249827
11689937 0.23691309127668278 -0.08330114978724826 0.15761451326553882 -0.03984624657601834 -0.04045248657840476 -0.020463072498467745 0.9981769059777679
11739894 0.187951058388117 -0.0926861613319205 0.1798362580189064 -0.041230541761988725 -0.03599834003215964 -0.024942243006768124 0.9981893840623298
11789851 0.2509946492788419 -0.089551102365962 0.2124365621936791 -0.043086880450983196 -0.03997223765254737 -0.02496432393907459 0.9979591792655228
11839808 0.19560369132468264 -0.09074935983497522 0.20714384609465186 -0.04876087571520155 -0.03563137038859431 -0.027324149270217334 0.9978006681248397
11889765 0.25377818561303167 -0.08826011517330472 0.21038754392862222 -0.05240568872447125 -0.03810259119653871 -0.027574887040002678 0.9975176499381625
11939722 0.20509227617918813 -0.0912913968637082 0.21989893381524048 -0.06002983418102839 -0.03243860188573521 -0.03342591462054551 0.9971092539675264
11989679 0.2627281656108866 -0.08811039059131677 0.2480065604351657 -0.06272881534874282 -0.03595354754630141 -0.03352768959425979 0.9968191070471363
12039636 0.1975939458225642 -0.08859494960900416 0.23969548188468476 -0.06475975415795403 -0.03340254340324835 -0.0342134843886457 0.9967546748431048
12089593 0.2437115971628348 -0.09189434982383697 0.25259721989476136 -0.0652016214107905 -0.03916923142191329 -0.030068698072236475 0.9966495839920173
12139550 0.17578611619349746 -0.09825725648766175 0.25279644234867604 -0.06548640726638907 -0.03641528839077165 -0.027586917181161897 0.9968071123518317
12189507 0.22269239186549025 -0.10482563615062991 0.2545841632185941 -0.0647419503101937 -0.042025433476664195 -0.02676940260481434 0.9966572840727711
12239464 0.15365875591236078 -0.10603693839796716 0.2658485758059628 -0.06508975512460186 -0.04113066484433774 -0.03231829807291254 0.9965074609840874
12289421 0.19944383603770446 -0.1127260640600144 0.2794370554780239 -0.06630303906766052 -0.04967706426777503 -0.033897315168128724 0.9959854759586207
12339378 0.12238461336183953 -0.10569495972669746 0.28419842575486376 -0.06479257044576645 -0.04899029401024029 -0.03525782052150663 0.99607166408843
12389335 0.1665592487402721 -0.11315235607953589 0.2853266810071338 -0.06549760643152387 -0.05854686362444242 -0.03880676629703623 0.995377497837403
12439292 0.0952524910371278 -0.10074615250465828 0.2831731369316957 -0.0646710464741494 -0.06270504055856907 -0.048236168129783666 0.9947658044588393
12489249 0.13976954414982862 -0.09994448318114034 0.28462027339079865 -0.0669224272641235 -0.07300964040654793 -0.061530939719791025 0.993179200645072
12539206 0.06588818486651644 -0.07791204457069426 0.27024289452531153 -0.06774304862870544 -0.07624784169930099 -0.07853147224365532 0.9916803688013247
12589163 0.1122018493528191 -0.07017499772309217 0.26038404596307646 -0.07148451529880528 -0.08476443755010278 -0.10057031620226571 0.9887317966457263
12639120 0.0506797669995203 -0.052927002540114995 0.22238564373779948 -0.07448945562400275 -0.09039302136057507 -0.12166534683982948 0.985635818174487
12689077 0.10872952169293416 -0.06590068524914425 0.18497405522084537 -0.08532343661320028 -0.10179460837084393 -0.1389635594189944 0.9813495289776948
12739034 0.0567028140414021 -0.03595384085255066 0.2725035349112646 -0.08899591286321448 -0.0924603846990978 -0.17459339981805413 0.9762417474657141
12788991 0.087998759471898 -0.039375526875290064 0.2520487942557099 -0.08915147913524678 -0.10046186523176051 -0.18075180415064443 0.9743142268788034
12838948 0.20360305298643827 -0.09679301150381552 0.24055817998648843 -0.09689252964891344 -0.10851092680670488 -0.17624308901378832 0.9735376674975972
12888905 0.20569645197687178 -0.11640637239537306 0.2075388030995334 -0.10418512629779221 -0.11062059691246148 -0.1686434464252887 0.9738931825281685
12938862 0.08342348852795957 -0.0779364206407113 0.16160399958268984 -0.10339851358148741 -0.09569742432376269 -0.1416824870796878 0.9798351000152274
12988819 0.07852029915356545 -0.08040660583831306 0.13218724358260503 -0.10501400251698104 -0.08517267147382247 -0.12783793740341437 0.9825350564075648
13038776 0.179819160742442 -0.11001725021994004 0.11346058224593579 -0.1062799039079134 -0.08334613223378005 -0.11315465589481292 0.9843546251815554
13088733 0.148616027531591 -0.1241750068286316 0.05996763460914215 -0.10636010294577562 -0.07519888947713137 -0.0963130983745329 0.9867909822268683
13138690 0.07271161823840902 -0.10032699537490265 0.13750630594989688 -0.10300259881126955 -0.06677258582556374 -0.07216668476753163 0.9898100100675665
13188647 0.10272670279086911 -0.1087992126848026 0.1789039229544537 -0.10227527815993324 -0.06592090003288491 -0.05040654953160887 0.9912887481357185
13238604 -0.017792814720490453 -0.09335246734664739 0.14215310398064956 -0.09359458072128173 -0.03833247152995486 -0.03394110437454681 0.9942930541444251
13288561 0.004239103767118683 -0.06605868449123872 0.10698372361795504 -0.08237524209916296 -0.027021088194242263 0.0011633334306155399 0.9962343233081424
13338518 -0.052533246307350845 -0.06911295533863954 0.09108912739839006 -0.07983051992738538 -0.01916329563975756 0.030589659750957923 0.9961546711754491
13388475 0.017383741189003696 -0.07593182616389878 0.08814593915679272 -0.07758324900419108 -0.019215118995887192 0.053364522902282684 0.9953712103388059
13438432 -0.03637643555151682 -0.10002331493852827 0.09069872888700375 -0.07570030630988646 -0.009090746768394796 0.06824234082706047 0.9947511270997512
13488389 0.02775089976695751 -0.077185512031537 0.07151629305728803 -0.07133076732408596 -0.008434242857377958 0.0695814614815668 0.9949870378042466
13538346 -0.011755016890379522 -0.07562832650996075 0.0425869635910906 -0.07449691324809482 -0.006036313403963978 0.06298170706151696 0.9952120766010691
13588303 0.032346381787439815 -0.07862952075644818 0.053776240638456575 -0.08568911677643343 -0.012180329267425091 0.033757376692040215 0.9956753759955518
13638260 -0.02488795518474139 -0.08463540781745663 0.04757004267516922 -0.0950134416588476 -0.01249672229619762 0.001924491195774445 0.9953956872368043
13688217 0.020547009583612486 -0.0836655959332368 0.03088393526310872 -0.10363990564301837 -0.01568129107803994 -0.035811392984566 0.9938462714127054
13738174 -0.038307125936758696 -0.0901260492988108 0.030546982905941242 -0.11102699069968411 -0.013287740833211851 -0.07028549292580318 0.9912398260582039
13788131 0.00717773034172043 -0.08815172215034747 0.025107711662041062 -0.11253614271264502 -0.016200175142466376 -0.10968655462894156 0.9874421657202739
13838088 -0.035607714283552486 -0.046925251720398284 0.07655634003012333 -0.10838752197879793 -0.011006490726706572 -0.1411265642319052 0.98397880826229
13888045 0.020603208964596817 -0.05717356335803473 0.08087705547629705 -0.1091974156360021 -0.015286765359680338 -0.1606101057420303 0.9808397591639474
13938002 -0.029147096733887674 -0.023900089342573247 0.0938394654520229 -0.10711758769589098 -0.013335001543878082 -0.16229934570123816 0.98081951577494
13987959 0.025276791158816238 -0.05923403655211767 0.10360055979442537 -0.11172610061975036 -0.019801182780810275 -0.17176183977412587 0.9785821692623434
14037916 -0.02948015221447283 -0.045385440631747556 0.11854021632999413 -0.11241907102198878 -0.017216237690937112 -0.16367702948654367 0.9799364181663949
14087873 0.0065139821052336766 -0.0784177478771621 0.127510955641893 -0.11280298283914454 -0.017863558313828538 -0.14423166473214025 0.982931130464162
14137830 -0.06518877066617366 -0.0684814094233888 0.12101572954506815 -0.10803310690374464 -0.011856381755935253 -0.10884291524122462 0.988099941213526
14187787 -0.01079476087506313 -0.08504895880539982 0.14283142805790125 -0.10210020794448607 -0.012819067022060229 -0.07994503690608028 0.9914736557934669
14237744 -0.05159821285280014 -0.0886790393866349 0.19711749912148566 -0.09556221683020064 -0.006882072630968186 -0.052017457844679094 0.9940395786235963
14287701 0.028392613710611147 -0.10827620395220011 0.21687560185493346 -0.09032075139605601 -0.011219933650682105 -0.027805056021393732 0.9954612769042166
14337658 -0.01936821462527952 -0.11405167274827416 0.2261055163203022 -0.08604237036821166 -0.005794826220606078 -0.0019237640296790681 0.9962727686845859
14387615 0.033186061177819255 -0.12720164482809485 0.23890749263295857 -0.08625139528372719 -0.008489704928884793 0.02446394425822918 0.9959368138356774
14437572 -0.01726128614910263 -0.15831726724824555 0.25125834979231343 -0.08407572601426062 -0.005309024759694257 0.05511262150666563 0.9949199392423186
14487529 0.03265328328237811 -0.16900896161094034 0.2636939560159947 -0.07724585056046318 -0.011069189677881168 0.08776281837198777 0.9930801776908403
14537486 -0.02806927721874762 -0.1862415200069341 0.28227213398881984 -0.06752281656763896 -0.011976499161795669 0.12373506230799979 0.9899428605057142
14587443 0.009638756318158692 -0.1676739777010465 0.2488709321827599 -0.059394590545703875 -0.02701073230328846 0.14692830768193782 0.9869927939737302
14637400 -0.03230079057268267 -0.18986911789618147 0.28906703500754843 -0.0631966981704858 -0.02731260220967375 0.15393352589892548 0.9856798002927775
14687357 0.01815134996344136 -0.1763840451529886 0.2804863430022029 -0.06234772515221081 -0.02601264089369422 0.15830547188370203 0.9850763834615864
14737314 -0.04915783146083175 -0.20573213636738893 0.2501690275482402 -0.06836762802783206 -0.012041963089395494 0.15393174005926716 0.9856398317667198
14787271 0.007324725969859582 -0.16232366178371394 0.20741801181569172 -0.06428172719171828 -0.010949940695834118 0.1464370014774752 0.9870684692291073
14837228 0.006515390818248876 -0.14625231843727263 0.2887579985614164 -0.0683660017977619 0.0032237961439610247 0.10231877208757188 0.9923943600278582
14887185 0.04591035917394111 -0.13552944941352946 0.23195084899882787 -0.06825141955231673 0.004682553943525772 0.08025732958767935 0.9944237419053883
14937142 -0.027935081791942522 -0.1423932472832505 0.18178088264401882 -0.07164163768359669 0.017541603116669663 0.047906369949714825 0.9961248654804027
14987099 0.03869671348090361 -0.10945712294402882 0.17978133729248105 -0.06215488240158231 0.01659025028360807 0.03664636864594681 0.9972555228497048
15037056 -0.0011022976477771036 -0.11460239060003842 0.16249922737379324 -0.06096392888688701 0.019461072637540922 0.015435796136965661 0.9978308485029359
15087013 0.04340613926094882 -0.10539937622858875 0.12563377133487263 -0.06008734366651183 0.014464528625337645 -0.0021093120511949896 0.9980860881434126
15136970 -0.017884481620146823 -0.0948570600949385 0.09784625877268645 -0.06005283693550683 0.018302211038333526 -0.017986767062304652 0.9978653025623008
15186927 0.038928930003703746 -0.0783325184230475 0.08805867788688564 -0.06534493177744059 0.011898318417055992 -0.0338377880513811 0.9972178668724493
15236884 -0.01636241096844222 -0.07833533587862436 0.06805165919836731 -0.07257853739943791 0.014723256025860935 -0.0390776713113501 0.9964880918735745
15286841 0.04065808904423687 -0.06293402755610299 0.05528809949861222 -0.07777789179559008 0.01078623872790858 -0.05233636303329991 0.995537624455442
15336798 -0.010419182364607638 -0.06045150370228009 0.017633936889728336 -0.0798314907235606 0.01278836990462426 -0.059282765394014794 0.9949617803771534
15386755 0.05225088026688925 -0.03904446591346757 0.021208024729387095 -0.07954490495994294 0.010680496605381179 -0.06970456691199792 0.9943338516005511
15436712 -0.011598358053574499 -0.03248082356389938 0.004505341264976636 -0.08151040928536839 0.015033844690644312 -0.07735837600880674 0.993552071284253
15486669 0.045864970912814176 -0.026360642912879848 0.0023096028585860486 -0.08666322462894163 0.011067606719026013 -0.09184164609683419 0.9919335187504505
15536626 -0.009082554731782547 -0.013065747494920135 -0.010768741095378735 -0.0871185967681644 0.016297424366386676 -0.10524385556256895 0.990489007976612
15586583 0.0582420382631588 -0.028603765777029118 -0.022094836982381457 -0.09112825940605825 0.014467641399399796 -0.12744733256839186 0.9875441788148834
15636540 0.011614761896869549 -0.015048267370163073 -0.04287086687543576 -0.08580635240742056 0.020462514403682058 -0.13378369753850097 0.9870767334223512
15686497 0.07121625055458844 -0.028835522703895982 -0.04338353634359047 -0.08662029158571873 0.020066246483783072 -0.1463201707738536 0.9852333116893518
15736454 0.026201290084311258 -0.01986024729908313 -0.03551362722862888 -0.08584631220404831 0.029388395195649508 -0.15770855364345393 0.9833080621130283
15786411 0.08820143557341961 -0.039886701947445556 -0.009333774907393358 -0.0871180861555691 0.027999411066386017 -0.17393767917210112 0.9804958724078087
15836368 0.03643471731442501 -0.04077764050362001 -0.013346269497485689 -0.08645986723591932 0.030226493230613622 -0.18585136205214073 0.9782997095409418
15886325 0.09363930401722831 -0.06179867579094334 0.007089935453968179 -0.0856742188141611 0.024567513681922608 -0.20231787798160972 0.975255782731428
15936282 0.03476937852261419 -0.05607467757322879 0.01659584354281589 -0.0838434919153847 0.024512138180278944 -0.2255403512655225 0.9703097309087911
15986239 0.09163470568245191 -0.08093952643565398 0.04790542328807924 -0.07883433912351713 0.013185866863620754 -0.24169999499692732 0.9670534588679668
16036196 0.03249986828817653 -0.04440779938855779 0.07889117761231297 -0.07478169034928468 0.00883327997433022 -0.24386747688782154 0.9668807194632473
16086153 0.07179424524354067 -0.055532789082224726 0.11295203272617091 -0.07749090770653677 0.0023494356741328225 -0.24599824603651188 0.9661648422095424
16136110 0.024150545981016302 -0.01880736142774621 0.13232702509120475 -0.08088588996604658 -0.002816086745597484 -0.22943961038003496 0.969952064613762
16186067 0.07067808921019121 -0.0380959733442627 0.1459629613939988 -0.08789835665423973 -0.015621795549916747 -0.21954542179426742 0.9715089532116818
16236024 0.005126728867023836 -0.01063140489025463 0.14869501562644957 -0.0893327402174299 -0.023939295486278586 -0.2077835871042558 0.9737928694475811
16285981 0.059246320002231706 -0.04706091783363646 0.1525223975280179 -0.0980278224453564 -0.051925034963145295 -0.19451825856916405 0.9746060659845689
16335938 0.013138489913580824 -0.04174087566543288 0.1425038368275885 -0.10088608950851127 -0.08201671651818492 -0.16630458105920543 0.9774651101057155
16385895 0.08130286253766668 -0.0700906667231027 0.15309217448680734 -0.10414122641652061 -0.11727597680797305 -0.1416494944833616 0.9774131014759352
16435852 -0.056010738841757834 -0.048296849991381514 0.17165956817557707 -0.10709060084318148 -0.07256316113780091 -0.1264855135379618 0.9834976388999488
16485809 -0.07169516605976048 -0.04675260621722275 0.19536913383021384 -0.09846437085675842 -0.040795886742756256 -0.10434023180348082 0.9888142289246503
16535766 -0.0867518179776595 -0.030971669572265225 0.30840930834153396 -0.08820149302160163 -0.02914212313446441 -0.06798429515743062 0.993352590422919
16585723 -0.09931455373249962 -0.05780258413741164 0.2667928723337317 -0.0932441986223269 -0.017761330228683033 -0.03590632471629087 0.994837067271398
16635680 -0.05040258925344216 -0.0382616112321995 0.36503014171634246 -0.08436755028716547 -0.021767328002896456 -0.021634347298908858 0.9959619746291056
16685637 -0.030326478236716553 -0.06262724173177485 0.30278743371349554 -0.08757488314934596 -0.016838068408768215 0.0011044943767283667 0.9960150096187366
16735594 -0.07576972067191819 -0.10780125278463072 0.21954318417804058 -0.09651712463064782 -0.016844332334202503 0.02400638346541255 0.994899194227314
16785551 0.011834328795289279 -0.11101275641866044 0.1946492130485455 -0.09183277811127055 -0.02524422997295876 0.05172138607828529 0.9941098369594678
16835508 0.14424953837007606 -0.11817044894197146 0.24641417374298236 -0.09274942375881415 -0.02099395154311813 0.07440959202041568 0.9926832380001026
16885465 0.12370686136347119 -0.13563878661583623 0.2952726500729949 -0.09190327351056375 -0.005071742547535545 0.08729393258637008 0.9919212847192969
16935422 0.03427951061714518 -0.18472334133470236 0.228034688795171 -0.10334872240108989 0.018968249128450684 0.08278299153069096 0.9910127261626327
16985379 0.056114022164145565 -0.18476624844014916 0.215380001316716 -0.10534619162597855 0.02726711297084002 0.08028139548321346 0.9908146052614515
17035336 -0.07097689636327485 -0.22303568287517464 0.23033465189766028 -0.10597187107500135 0.04309260680658077 0.08977681712531625 0.9893700586162512
17085293 -0.07452111596342943 -0.19790942412796178 0.27117456204659507 -0.10015358742024716 0.04724701081029053 0.09596958670966944 0.9892051442057519
17135250 0.06996026788322018 -0.10267278137516017 0.25490576899789286 -0.0805845563091935 0.03131753496877449 0.10562851314004515 0.9906401760981398
17185207 0.08954406446030802 -0.08835422129784644 0.2242132420516202 -0.07709873194669353 0.032010634120006515 0.09068196900951624 0.9923748713727107
17235164 -0.025960292705243682 -0.10381006899394551 0.20601870237247047 -0.08370540720060611 0.05386826683064477 0.06631252255699115 0.9928213655971408
17285121 -0.021082580068035397 -0.0962757091614393 0.2128785820913532 -0.08573026938063628 0.0768101368721374 0.03580587743307809 0.9927076422224492
17335078 0.10352549225262085 -0.08976271742355323 0.1977842362576909 -0.08314397182073457 0.08559981468468966 0.01139357573634201 0.9927889695739774
17385035 0.09667508891153115 -0.0884557361013454 0.18647275818486794 -0.07849515231124865 0.09843002766477929 -0.0057818548287514255 0.992026517222339
17434992 0.04339991500572193 -0.0856307171717684 0.1860502199352816 -0.07939554519447366 0.10069240231098676 -0.012062895074450726 0.9916712530282087
17484949 -0.0894533294272319 -0.0693681820121754 0.18904710077266068 -0.08335444078989303 0.09648601697910734 -0.036092913167240476 0.9911810063490996
17534906 -0.09368948665974809 -0.061741990627965294 0.1523147838146596 -0.09202041479957916 0.07682446264630875 -0.066856480791711 0.9905354391314664
17584863 0.025657494717859327 -0.07478261290724353 0.11290072600962738 -0.09288288222848866 0.04373507103204278 -0.08397735993638451 0.9911648787002422
17634820 0.007435663302425793 -0.05836739564464419 0.09422132512864652 -0.09310048718326075 0.028976471445720648 -0.10236403407153241 0.9899567000214692
17684777 0.08096020278909974 -0.08568796322755733 0.09108804318859956 -0.09527628169664369 0.014789219732058758 -0.11232757161302794 0.9889824193489481
17734734 0.036245995071973236 -0.06602558815974387 0.07864596930552954 -0.09281802323987315 0.00817067402045649 -0.1170507001142191 0.9887452595338524
17784691 -0.08791022269109394 -0.038509475791441455 0.19162322381339023 -0.08739661719598636 0.013081817161278972 -0.11057812151989503 0.9899308947616436
17834648 -0.08887181570244856 -0.04820812837304823 0.22362841896434255 -0.0798400065438261 0.010896108015622782 -0.09320268021645067 0.9923810299404477
17884605 -0.0013042933602861093 -0.06515987405491715 0.12872133877113115 -0.0695103695098929 -0.007003237544797733 -0.07375813752033318 0.9948261156322853
17934562 0.00030989478166213943 -0.06764724790691766 0.13658743938508022 -0.06758473312252981 -0.015357759899349427 -0.06310423165109307 0.9955974583170427
17984519 -0.0738094539908342 -0.0450576415141195 0.21286182883336316 -0.0849983248543332 -0.013892936152615535 -0.0894958537390253 0.992256399959476
18034476 -0.06042356006108951 -0.05519204989184022 0.25166982553334216 -0.0926463280504007 -0.018694051897275604 -0.09996562675706648 0.9904918292391444
18084433 0.04361635625300553 -0.09545668637235508 0.2697636096718061 -0.10360907765962672 -0.026467486276945052 -0.11973856958100021 0.9870295366154942
18134390 0.0290989213828935 -0.10498586798537088 0.28363943893080534 -0.10948773712138836 -0.025223511261582593 -0.1416744408197764 0.9835164272741347
18184347 0.023044476726513653 -0.08470987079487913 0.34926143680059235 -0.08092582906542531 -0.013027167259556063 -0.09961947387174896 0.9916437180402955
18234304 -0.03221093666166056 -0.0743752381037264 0.3400498105021613 -0.0856336035944732 0.0020202922402904537 -0.1243935465317795 0.9885287299496837
18284261 0.05423620948139912 -0.09770308731880376 0.35519642348098357 -0.0850113209776175 -0.001027110718661202 -0.12323048062858931 0.9887296238068621
18334218 0.014396511821140911 -0.10978445691618345 0.3566348726570754 -0.09039992636418838 -0.004337226259553945 -0.1295873702926977 0.9874290633976428
18384175 -0.13356093816032105 -0.08437464173879178 0.31916216733074354 -0.09129603791438942 -0.0030950508837177654 -0.1341404771176433 0.9867430194938359
18434132 -0.12861171496547788 -0.09375857845428466 0.2827838866920459 -0.09452068616266443 -0.014842365393221018 -0.1323309117798154 0.9865769477665672
18484089 -0.007887256112033123 -0.10815283858963277 0.2728719802418507 -0.08971460434391007 -0.028138758075976423 -0.12944213465869156 0.9871191588842546
18534046 -0.04450949383288698 -0.10277922549808724 0.24464795835040107 -0.08883468711326152 -0.02540751391200698 -0.13328019705121624 0.986762000523069
18584003 -0.10291707061874152 -0.06765778580399678 0.18945143958924315 -0.06156585532516511 -0.022083312900156714 -0.0886568565526666 0.9939124380626467
18633960 -0.04006595932918021 -0.03741545310695917 0.16431518130702705 -0.04202208972346988 -0.028892037957701965 -0.04843549126174689 0.9975236324539668
18683917 -0.11416304876054847 -0.022032704447065128 0.11737962773715693 -0.03879199974697949 -0.025122841198069613 -0.034627332519688844 0.9983310930990469
18733874 -0.08121462509653103 -0.034657989738709 0.056399447356541274 -0.04380786298396656 -0.028123333092839767 -0.035215303229422616 0.9980229615068918
18783831 -0.16834459098619295 -0.03919647031530081 0.004849364072345836 -0.04877415774869252 -0.018275174561973816 -0.036068553756170865 0.9979910615634657
18833788 -0.11975486124665398 -0.027884762817725426 -0.054723778367415356 -0.05398751619536938 -0.0198166627715529 -0.04337523891302153 0.9974022441426987
18883745 -0.17078684228944074 -0.030838914259662908 -0.05896684832359699 -0.05540742558541031 -0.015041398418187767 -0.044197764882116124 0.9973717116015712
18933702 -0.11216142788639669 -0.047301631208994284 -0.0648412841634571 -0.05987811803364164 -0.018802036258682847 -0.04824324716251235 0.9968619179788608
18983659 -0.1935687889798524 -0.043196352137087085 -0.06825202881570754 -0.06332253339241004 -0.010886690518844722 -0.05342842196302383 0.9965024538157721
19033616 -0.1370456072425568 -0.041745475758908746 -0.08330831957121386 -0.06250747723386771 -0.01205341631497648 -0.04939191965975272 0.9967486988791708
19083573 -0.2012292394211774 -0.05023492042593209 -0.09741921456662608 -0.06972687334717172 -0.00338373915091704 -0.054742447264265734 0.9960572161829385
19133530 -0.13149660163841184 -0.051972371178992 -0.11753272257372396 -0.06870226122161373 -0.003735359672534625 -0.04784490182897881 0.9964822686631856
19183487 -0.18247739731101673 -0.04739944794989888 -0.1272537252434437 -0.06549919633286531 0.005006543491417003 -0.040128957175836415 0.9970328262389344
19233444 -0.13726527917323175 -0.0468316330293791 -0.13336867495806592 -0.06313195019089315 0.006544736871549391 -0.04042662489037029 0.9971645858554895
19283401 -0.18794635146600053 -0.042770072058523456 -0.1214411415140062 -0.05886502479382378 0.010877765120146423 -0.03401421448948671 0.9976269925651955
19333358 -0.13712992464298893 -0.045609253035849284 -0.12487271490044918 -0.05692119067218702 0.008189741402948406 -0.03345028228338494 0.997784538266341
19383315 -0.18515232894292025 -0.04726004705141869 -0.12114658959455422 -0.05549835440900766 0.011982015614320914 -0.03079302919508047 0.99791189656838
19433272 -0.13485644727206464 -0.046222918539002567 -0.12174105118219795 -0.05431677180114739 0.009102691335716655 -0.030377545273802358 0.9980200569400831
19483229 -0.18653785340630183 -0.04344192918701712 -0.11845238034559821 -0.057149361333690335 0.012481746343434153 -0.027921875318737 0.9978970514968236
19533186 -0.13625933939533463 -0.0448142250625223 -0.11247441022366393 -0.059190863142610156 0.010534060264410866 -0.030137249673978097 0.9977360479991022
19583143 -0.1845498689243363 -0.04912890305473729 -0.10697529283052205 -0.06106543756855744 0.014834656414876015 -0.03011989377041331 0.9975689135607987
19633100 -0.13334240792028224 -0.04818870837583255 -0.10959751862322847 -0.059183426828213155 0.013783576692172205 -0.028496105895319705 0.9977451112139029
19683057 -0.1814463292436411 -0.04797684809886549 -0.10821756307370632 -0.05854055992686102 0.018343018982632964 -0.025370493861883715 0.9977940040605858
19733014 -0.13102268243121865 -0.047376236155839024 -0.10952397982601501 -0.056616100253650145 0.017560805831606872 -0.022070413167734598 0.9979975611960274
19782971 -0.18095051859543915 -0.04472394419554395 -0.11721095313960443 -0.05624162224853713 0.021537806035376028 -0.02051212185032414 0.9979740756629065
19832928 -0.13286112503578698 -0.049268749940033274 -0.11518750661905788 -0.056811514406576995 0.01844862964413074 -0.0213670073512107 0.997985746838069
19882885 -0.1852423171248002 -0.04463554944932088 -0.11403096379607483 -0.0567130768528326 0.020222087798770317 -0.020061452679209814 0.997984084139293
19932842 -0.1345521902815908 -0.04758195741570973 -0.10799203660079122 -0.05715421355630954 0.015820333270065202 -0.022514222504210337 0.997986083426525
19982799 -0.18493320999600515 -0.04240053314486534 -0.11006284072813105 -0.05732528257983634 0.019004385102571075 -0.021358908255563663 0.997946111953018
20032756 -0.13024997603048144 -0.04943791341035285 -0.10659976906223252 -0.05773439587452518 0.016418143356069427 -0.021972090554934588 0.9979551148916412
20082713 -0.17972953872179878 -0.043541471721626465 -0.11231333800956964 -0.055672714770696116 0.019942938775434488 -0.0199432104385321 0.9980506482040199
20132670 -0.12859627528175727 -0.049792467959877525 -0.10981508250179413 -0.05479054247356473 0.017692062645169343 -0.021413003446500458 0.9981114520223742
20182626 -0.17891189906184185 -0.044779535073668636 -0.11046381025801186 -0.0543535072033113 0.021197866308431075 -0.02002302980120606 0.9980958996991468
20232584 -0.12796168512077022 -0.051774190722684535 -0.10726774195448657 -0.05504749788752448 0.018614259230727542 -0.02144391145978967 0.998079877059406
20282540 -0.17859300144717938 -0.046176567430662514 -0.1099022352893445 -0.05506674556623481 0.02104602545338932 -0.021055238781734667 0.9980387744297328
20332498 -0.13025156388292314 -0.05004571355753716 -0.10221589173143882 -0.054504601204874666 0.018907535330222842 -0.02130130923334384 0.9981072125679582
20382455 -0.18087390261561972 -0.04209379642513112 -0.10830650723087579 -0.05280408452859318 0.021328771845168647 -0.01961480844584532 0.9981843874947688
20432412 -0.1287319595298307 -0.05029755664605615 -0.10727575675998807 -0.05261883167138201 0.018673327674334536 -0.0191579982327138 0.9982562479097344
20482369 -0.17708820460604688 -0.04583436068999322 -0.10935117896954014 -0.052052302943371175 0.02218319381163183 -0.016463334793268017 0.9982622011666534
20532326 -0.12418696910707742 -0.05063527982674852 -0.1058342727400073 -0.05081808871970733 0.019763491877996094 -0.0153089157195003 0.9983949936508885
