#timestamp tx ty tz qx qy qz  qw
3346281.1679999996 0.0 0.0 0.0 0.0 0.0 0.0 1.0
3396222.1314999997 -0.11312246357443957 -0.01847216038791984 0.006894019197703339 -0.0012401905209086209 0.00292208647105173 0.002581772201099201 0.9999916288601767
3446238.97 -0.10134780146314305 -0.01410817271644817 0.021033722918163345 -0.0013154937214100713 -0.0015902667146191329 -0.003182339543167973 0.9999928065956661
3496338.1950000003 -0.14363941897173202 -0.018808307009696115 -0.008493009756999065 0.002661559269824489 -0.008818865636618536 0.007904087778504158 0.9999263318402642
3546435.6955000004 -0.07887570281509632 0.0066476364291833704 -0.028872045400295195 0.009159150884313601 -0.026173871757307763 0.01222822152769191 0.9995406489936166
3596441.4155 -0.16102123500832355 0.00358322550781289 -0.021109791149500956 0.011708713946651243 -0.025223324673426514 0.008926723845136745 0.9995734107665766
3646377.81 -0.1555967670796492 0.011126555179036027 -0.013895499397844527 0.011868645547725945 -0.028501751635846537 0.005552337498525357 0.9995078573752452
3696296.1119999997 -0.08331294188587582 0.023318391081604824 -0.005940622519516221 0.013418125703254166 -0.038020515050876814 -0.00037178577903279245 0.9991867974073777
3746209.9965000004 -0.1753859089459785 0.041335535674926614 -0.04595274468218582 0.009808287244995413 -0.03326805886300054 0.0016839309837963859 0.9993969172142014
3796148.9175 -0.17001601874906247 0.05955596546722773 -0.06941676826410148 0.009554666249895769 -0.03005417253665089 0.004916724881603757 0.9994905106515164
3846057.8030000003 -0.0560433271466282 0.09196521111694038 -0.07998498950167471 0.013828392555482683 -0.0355291155051376 -0.00033671764127204566 0.9992729077344107
3895945.3935000002 -0.11495082049498999 0.09368862164741457 -0.08150416904841089 0.010295241516699102 -0.029069957465945814 -0.0008305483488049883 0.9995240146011907
3945821.5765000004 -0.022329385313098537 0.1315480391176894 -0.10110734541838584 0.011406992216860678 -0.03761374530481878 0.0025791923069933566 0.9992239160767481
3995681.6190000004 -0.06168923933472855 0.11315847331782995 -0.034502563865268523 0.004216690362599288 -0.022549547094677578 -0.0064376700602883875 0.9997161066284797
4045508.9685000004 0.04692532774216242 0.0931653477567115 -0.053742001191096636 -0.011626757239702693 -0.01936589169432495 -0.017333176599780446 0.9995945886928027
4095326.9754999997 0.022274299013006548 0.09912481224750647 -0.07145821761949292 -0.02132455826267064 -0.009138927623978025 -0.03351730390416421 0.9991688213489157
4145232.983 0.08255919792508151 0.10987290022485288 -0.06556390603602896 -0.010952305466299756 -0.01439178139035283 -0.009984947377727137 0.9997865894575947
4195250.391500001 -0.0021984615307503877 0.11952486092510702 -0.07555292031363581 -0.008501904215009896 -0.0018081440109715076 -0.005198300431051879 0.9999487116410436
4245329.686 0.02395835277653886 0.11918943188334613 -0.07634826866370663 -0.008853973560055989 0.0022007590973255847 -0.0016932085737593754 0.9999569475014006
4295396.810500001 0.14966571753076607 0.09770976349931655 -0.06798179825528525 -0.011975050887088128 -0.0012606385297930527 -0.005583624280871476 0.999911912163586
4345414.74 0.14316617779692842 0.10448768694068417 -0.08083383606205086 -0.011572667308334707 0.005694518946552051 -0.012555958467240147 0.9998379837415194
4395407.1965 -0.07290323497097817 0.08014725231735274 -0.0631294871805555 -0.017481102417570785 0.036322732835834017 -0.022045375389118844 0.9989439781897461
4445434.8725 -0.08007540409437112 0.060549909400890854 -0.0656980517481443 -0.021118062041473876 0.041361508701366095 -0.023219762467909168 0.9986511381280718
4495505.4344999995 0.05205607278478292 0.04172376610786623 -0.07227768855119787 -0.02117085921164391 0.031214952978808427 -0.02441958006330958 0.9989900427633416
4545617.331 0.08988960487975961 0.043766367992587735 -0.0772820831774156 -0.012529531812598402 0.02362675282762325 -0.015444618458051366 0.9995230118131672
4595732.6165 0.0312046494192548 0.00534899923260141 -0.1062402063058803 -0.01421589586557656 0.02917966097127719 -0.00563696270760841 0.9994571928510863
4645833.3855 0.12054840417287324 -0.005164889374924186 -0.1285626813077036 -0.012447102329446017 0.01737748164407127 -0.002227801853093578 0.9997690381654223
4695897.233 0.06025969144741107 -0.03421167797666508 -0.1332599702625258 -0.01572679106170406 0.017826630172967366 -0.0016594537028073342 0.9997160224348642
4745958.6425 0.10089048343265793 -0.05487488191619548 -0.12235589308645874 -0.01874039207892017 0.010866000295582877 -0.012271671926252163 0.9996900188610662
4796039.792 0.055860867676729646 -0.053201068372276714 -0.12073985949013483 -0.014527846512128307 0.003792451153987525 -0.006967601341014764 0.9998629963757621
4846127.547 0.07144609041419538 0.0059589231065882205 -0.018062174771182764 -0.003737306840867718 -0.004388123687734472 -0.008356959126773788 0.9999484677433292
4896235.768 -0.048401375368289035 0.05682472659776332 0.03456453425545776 0.00018304757155679962 0.0007669640674028217 -0.005663284130943746 0.9999836526026602
4946208.171 -0.0174131669853181 0.06513986270238142 0.04408111386339315 -0.0024642431875875974 -0.010397488101096742 -0.0014857156879172428 0.9999418045044395
4996067.410999999 -0.06702139982817035 0.05891428961783807 -0.015862717494077833 -0.006857033306121707 -0.018517502760001848 0.0038712444049212266 0.9997975278287747
5045894.6899999995 -0.02067344829282912 0.05741254278030345 -0.023431268104920248 -0.007329243795409068 -0.03384699602225012 0.004608653719557113 0.9993895253386191
5095803.817000001 -0.09479688375551244 0.05521913760602341 -0.05377094132494822 -0.0045564761260860655 -0.038716433326295485 0.002475716105990263 0.999236782322171
5145840.484 -0.024359740000693998 0.05664404214001761 -0.08837733048551942 -0.003993195748531344 -0.053187270344700555 -0.003875187178792474 0.9985690519865529
5195968.5825000005 -0.10515906314028846 0.07647507694852362 -0.09110377440606356 0.0009037772041438476 -0.05003569980850471 -0.009828912137834118 0.9986986554600067
5246051.9075 -0.05251576406409962 0.0953356971098183 -0.09908297330354204 0.004514940626602756 -0.05701201904834217 -0.014642469211653377 0.9982559006039261
5296019.600000001 -0.12884410358870044 0.11725682640978505 -0.09641072326519866 0.011099571875662724 -0.05569976098074217 -0.0149246295209515 0.9982743067737081
5345885.4365 -0.06362014823400078 0.13637482263456255 -0.11032791492970485 0.016043294809865997 -0.0652740832937085 -0.017586812262522476 0.9975833853750035
5395771.484 -0.12362312757355072 0.14492648757578505 -0.11820737804252543 0.016838290937799635 -0.061727279013113215 -0.019184370695782143 0.9977665933999486
5445725.975000001 -0.043667351056320046 0.16064001794914018 -0.12037702742442158 0.016016520790826917 -0.06717883471543687 -0.01804513787780451 0.997449170748567
5495715.1325 -0.08815225822861933 0.18055386113813454 -0.11845382008690146 0.017504972008818395 -0.062094519385358454 -0.007647397827388256 0.9978874505292374
5545712.7425 0.01062665015248351 0.19350327720583743 -0.13316430501778534 0.012017025966138366 -0.06389878571045392 -0.006233653061600105 0.9978645588661651
5595582.794 -0.030321995895055034 0.1948892162952037 -0.13387339677369078 0.004316115284813022 -0.05070492870637886 -0.00397052881121904 0.9986964585171455
5645436.775 0.08480676545781039 0.19698867597749678 -0.14215974103719162 -0.001708296917870374 -0.0501917462198618 -0.005678542563363994 0.9987219955960704
5695283.0235 0.038401867156310096 0.19711270796397448 -0.12972966373559972 -0.005402116848717156 -0.03261079903258116 -0.006824970895702345 0.9994302240238097
5745202.5055 0.1232728535034837 0.19117936726529097 -0.10459217026870672 -0.008047279306163058 -0.0236382872441167 -0.00732003447999144 0.9996613875543783
5795195.5625 0.0835448094559014 0.175713411402431 -0.10353671570641117 -0.00917649646753166 -0.007749538742999315 -0.005785884491280873 0.9999111261019679
5845275.7385 0.1667591459190814 0.16309173921733827 -0.09283414399480691 -0.006044823558711293 -0.004509558274050051 -0.003720752778338496 0.9999646393703526
5895404.4285 0.12236934503623056 0.1617216578189874 -0.091305154249527 -0.0002660682622998042 0.008651559556468694 0.005873785323889823 0.9999452876887261
5945516.4565 0.2157216878631119 0.14981661849764302 -0.09340122966383481 0.006250518796786085 0.006078671451604142 0.007064783445148077 0.9999370328190809
5995566.2465 0.1648124364479269 0.12076585940881086 -0.08761380715050789 0.004486780977509895 0.0180608468957276 0.002192887395784371 0.999824417510764
6045584.7385 0.19525572395704524 0.09360286348636374 -0.062077636932912975 0.0015762108456024403 0.02190058933730446 0.002233057597209889 0.9997564169335531
6095602.0370000005 0.10948294108521282 0.08085733114336037 -0.04286255251201383 -0.003211923489559388 0.031405954332406394 -0.004160362218995976 0.9994928919037768
6145625.199 0.16512659941962365 0.08826017708302014 -0.034497012527035055 -0.0029326401843591237 0.024168665012619203 -0.004171302364037106 0.9996948911991321
6195653.506499999 0.09427422835946994 0.08336198332347863 -0.016957934029001986 -0.006671442449506065 0.025379554785005035 -0.008812572925449935 0.9996167808780481
6245671.436999999 0.15336017793289858 0.04152677322077069 -0.012642767927505228 -0.015105705077593772 0.017483054452259703 -0.016171071253016124 0.9996022493650452
6295709.9290000005 0.08381579387197358 0.03508380675145951 0.00270727811821527 -0.01731793251975359 0.019689700116772898 -0.02065143028135158 0.9994428064426134
6345793.574 0.1341441094168501 0.012242263593321798 0.013868087528064284 -0.021753096511521675 0.012595574591856031 -0.02157580633266444 0.9994511688291514
6395905.462 0.04060419165096893 0.02398387790894693 0.053758181915862936 -0.0228653969235782 0.01801891664540221 -0.022110278044290096 0.9993315905500323
6446001.63 0.09121500855763127 0.026447308142966718 0.07781037110617813 -0.019270711293853545 0.010436228011564698 -0.01477571430480491 0.9996506405229291
6496051.771 0.01778945151003144 0.04481209470578988 0.09667449374073837 -0.01480352192039392 0.00985157388272969 -0.010897044941349271 0.9997825046690564
6546074.162 0.07998415288045703 0.04803671863861052 0.11217136810816122 -0.01264960698583615 -0.0012618132621491486 -0.011719726403772996 0.9998505104681479
6596106.7495 0.01785374940951121 0.04503106466122617 0.10992963429446953 -0.01453035935803893 -0.000995300333177429 -0.012790234109031864 0.9998121263245456
6646139.136 0.09099261895272658 0.020397880661780134 0.10514040601349733 -0.023535822667477977 -0.0067720531803343855 -0.017670131447916456 0.9995438813787523
6696174.018 0.040775123767400334 0.019469859274568208 0.10181910646729991 -0.02705261261598081 -0.006824985590221982 -0.015928684730274263 0.9994837931277858
6746195.878 0.09385226317082107 0.025091513228758633 0.12042907356553541 -0.030349000809415203 -0.010492995787584294 -0.012987960377553192 0.9993998939736299
6796194.791 0.019685270595021908 0.05424493140309674 0.15921931741385062 -0.02936021957387053 -0.00783895648669704 -0.007314063646119748 0.9995113970039332
6846168.510000001 0.06894732726935997 0.07210465135898982 0.1787688268008393 -0.030292155277808402 -0.014777568156132017 -0.0004695066192064145 0.9994317327219255
6896151.141 -0.008732474355207888 0.07607437308610443 0.1949177117464798 -0.03667204795020457 -0.008439290798476745 -0.005579944903462185 0.9992761397555887
6946124.5805 0.05425812361648311 0.08618359514845654 0.1889837674002071 -0.03640164365209376 -0.021277752389694052 -0.005871714309581777 0.999093439355767
6996110.137000001 -0.025385396719215907 0.09269293709939713 0.2030178234880442 -0.038542594167260046 -0.018309641591023076 -0.00426415332022132 0.9990800981183279
7046084.487500001 0.03430135082424239 0.09250384182159324 0.19361461196019752 -0.04219160572260101 -0.025328059362386482 -0.00699651368140804 0.9987639393829705
7096055.93 -0.0465458903597967 0.09313802455524033 0.17900879682422605 -0.042777860086846725 -0.022319945640127313 -0.005069067454483694 0.9988223962587913
7146039.8955 0.019232639753689974 0.10372755984925576 0.17954557358186776 -0.03684398988609408 -0.03331615731038258 -0.002056118379888883 0.9987633986328048
7196054.7385 -0.05778023042385418 0.11370394795612099 0.1888936500306419 -0.03807823004544008 -0.030239275647895743 7.703279453730733e-05 0.9988171147266379
7246046.703000001 0.0038920109527803503 0.12230733974970534 0.1661029516784079 -0.04430977654861357 -0.03359326135552192 -0.001907621166435992 0.9984510491131735
7295953.2025 -0.0658080341953653 0.12109554979697791 0.15031888050119818 -0.0537312187565906 -0.026633150245993775 -0.008299728701094118 0.9981656906257567
7345767.5375 -0.015544817673745237 0.11248524946508524 0.13048355607386186 -0.059413058602198476 -0.027583401015996083 -0.0016058561814159304 0.9978510237915512
7395605.2645 -0.08015567213600405 0.12119134793935576 0.10368820050127611 -0.05738452958130833 -0.02552677912273069 0.005233808653878445 0.9980120272618591
7445518.637 -0.0014926561630936304 0.13930952002076807 0.08926397066990747 -0.05014677002417416 -0.03301176213579089 0.005855138366865083 0.9981789630980696
7495521.2725 -0.05124338771865062 0.15940607084979375 0.08108183822787778 -0.04243111274087775 -0.03365138438396213 0.005023011834197374 0.9985198818014228
7545551.382499999 0.01151355076142396 0.1686520655087807 0.07259480732957686 -0.03914266611821826 -0.043263636675289985 -0.002143338430501034 0.9982943030645616
7595509.733 -0.061986711036222615 0.18086061500525344 0.05194037099945099 -0.03514187812879753 -0.04385917331626183 -0.004258185013456561 0.9984103811449409
7645414.167 -0.019735980831282945 0.18764014393514483 0.005015629289713625 -0.033911180356992754 -0.04851837002680913 -0.011113689316273974 0.9981845949154488
7695323.4025 -0.08882063671231728 0.1945739785564742 -0.01748440814781403 -0.02806769133147591 -0.04731922872505139 -0.009119411791893356 0.9984437548629151
7745307.999500001 -0.027531902795693113 0.20866715064339367 -0.04429305666604399 -0.023149381780190124 -0.05500844638452949 -0.018360694515959817 0.998048626994921
7795347.4735 -0.08693648601824099 0.21930409241736915 -0.05627351781573868 -0.014432575466642755 -0.05574823522293877 -0.01881951267108848 0.9981631434679155
7845408.0315 -0.012283936166785312 0.2434741077584224 -0.08473223995205567 -0.007880942345248028 -0.06535932978704698 -0.024512226688329242 0.997529548184072
7895446.089 -0.06811587239167904 0.2475395523408382 -0.09439959766378231 -0.005392423725213515 -0.061869754114567514 -0.021002384704270797 0.9978486634399549
7945371.198 -0.0045357895450194394 0.24583345621180452 -0.10298621567594358 -0.008339471950872314 -0.06166710820540096 -0.0288940651565179 0.9976436006770629
7995293.0565 -0.05091780823498925 0.23811744922586564 -0.11653277717201765 -0.008399636974010881 -0.05296870095691423 -0.025263489564824368 0.9982412127901
8045243.907000001 0.054935081703349695 0.2512411674303874 -0.14423752146420205 -0.0029198221433957886 -0.060528470804018415 -0.025685003455368685 0.997831678920987
8095234.679500001 0.017741699365384108 0.2500294849130425 -0.1508157988083324 -0.0007256018969852237 -0.05455448638374811 -0.017588145935390407 0.9983556173227294
8145284.5395 0.1083548959558432 0.24775241635734183 -0.15551577257981247 -0.0024383987946676507 -0.054822031960827425 -0.014998561652570375 0.9983805097112814
8195349.658499999 0.05424389068250752 0.2140362628412404 -0.15120048898335905 -0.009816550390885838 -0.03621815677071197 -0.00975930699785996 0.9992480354674093
8245386.927 0.13387799520828786 0.19950449962726288 -0.13798495846555905 -0.011197537912129756 -0.030025770358518347 -0.003080403257458026 0.999481655346838
8295390.05 0.09337236008694766 0.16727956241355527 -0.14319586413056273 -0.012128514168045569 -0.013620534857884276 0.005201326913717968 0.9998201470127501
8345402.3655 0.1867246105834344 0.15761126822856994 -0.15382008596045255 -0.010016655111425174 -0.0107751021776046 0.007341019672960652 0.9998648274759955
8395455.375 0.16452079590456653 0.1504288523426245 -0.16684238797054673 -0.0053676487798370994 -0.0027029812383460123 0.014550263757346103 0.9998760783535093
8445564.876500001 0.2452445461902405 0.14524686687068689 -0.16223853074986383 -0.0006458315265188307 -0.00784524062199764 0.01002365241088357 0.9999187774482327
8495651.852 0.198922762506887 0.12801555980489884 -0.16137750591954683 -0.0012347347747153326 -0.0015889484999388461 0.010322863036096305 0.9999446930562903
8545672.557500001 0.27074681198129663 0.12704156308424902 -0.15360919482714552 0.0011297473107293077 -0.011165542055398272 0.007342243358842485 0.9999100688582362
8595656.918 0.20850518478868005 0.10533617738673941 -0.1613487612596867 -0.003725871602807547 -0.006084968018729109 0.004299499580420499 0.9999653020722111
8645593.128 0.2661684569048533 0.09650827366667787 -0.1524237311109062 -0.004461321919768701 -0.013859098841221534 0.0008375980311708501 0.9998936545531107
8695584.640500002 0.20147834525054764 0.08280447846068818 -0.14777542366648533 -0.005911089483095242 -0.010099227621742483 0.004452766172619403 0.9999216156759384
8745630.4305 0.24880763410420276 0.05010147485847205 -0.13439412375494914 -0.014328320086616763 -0.010134943641950445 0.0002944163008081738 0.9998459358720782
8795685.756000001 0.18524509513936188 0.027228393202635034 -0.12784338515672283 -0.017843873614748314 -0.004069646172873129 0.004498961362574384 0.9998223809762945
8845748.319 0.24084236591114283 0.006005803789012127 -0.11415910173790655 -0.019372391095299334 -0.00979177867337257 0.00413076989210796 0.9997558543333271
8895811.5035 0.1760016167264626 0.008920929505204872 -0.1032375643861538 -0.016437347075744072 -0.007339064515488155 0.008471970792834788 0.9998020691437053
8945898.237 0.22540186094258688 0.0023956924456665515 -0.09422242713387934 -0.018399146261136347 -0.01623997627281 0.005280816908718072 0.9996848741279906
8995991.927000001 0.15981263402247495 0.004450515126448372 -0.07352590683817237 -0.01942182819804704 -0.021096530210955818 0.010839999122063322 0.9995300012613615
9046013.708 0.18554722878233545 -0.016333633524348603 -0.04930957974353708 -0.0263592447902227 -0.026059409570436485 0.010486994678935813 0.999257784723008
9096076.652999999 0.09458387234579106 -0.04426454109200929 -0.04351025653934698 -0.0338299972890421 -0.018570307776817722 0.010319131999982991 0.9992017766533767
9146003.542 0.1318246810578429 -0.056719585296031896 -0.02397049190403528 -0.03387760159527117 -0.026214528923611716 0.009084360680477034 0.999040830484166
9196081.1125 0.04956511823148502 -0.05678778921385748 -0.010746471199474687 -0.029645712753257544 -0.023433593053188116 0.013350719718631708 0.9991965555960266
9246225.6315 0.0921815794685239 -0.052190888937115404 0.008220051300833572 -0.025337481734272114 -0.027903338869227266 0.016276102928670957 0.9991568966747765
9296375.405000001 0.013944275582404719 -0.06117184334875989 0.016379800922016397 -0.023601539836914605 -0.01962034611039739 0.014079729810844151 0.9994297226640242
9346459.621500002 0.06337169513296206 -0.07144655888652755 0.025990562346324863 -0.02315789548727987 -0.023794582087353865 0.00797577161667368 0.9994167883355808
9396477.3405 -0.02095054699943406 -0.06284217895616451 0.04169454044395554 -0.02350862060657646 -0.016298899758917955 0.0006562755763215767 0.9995905461368634
9446464.223000001 0.026326927793842006 -0.05753793709273481 0.05436541220200534 -0.0267967915044135 -0.01847112889866106 0.0003716782719945707 0.9994701652463369
9496435.977 -0.05765227029133497 -0.06072898437958024 0.07004671629918212 -0.033789914188800986 -0.0048192096106985825 -0.00395458416360316 0.9994095147545548
9546404.011500001 -0.004752756420368228 -0.05868728034505804 0.07850671361965354 -0.03636711744170268 -0.005023968257257318 0.001602873111171495 0.9993245835611775
9596429.1305 -0.0749949822791345 -0.0450005433263735 0.09785694692202833 -0.03902044215330811 0.0021655839142728367 0.0032783384039858504 0.9992306879984119
9646422.6795 -0.011780546600233017 -0.012942138311640662 0.10597741738171439 -0.03531660822445479 -0.008103635103306648 0.005729486284015861 0.9993268940984997
9696425.28 -0.0882165531504407 0.002965787456004023 0.1393753386421743 -0.03515172749432481 -0.00447629863546337 0.0050520069200852315 0.9993591926983862
9746394.297 -0.024386018412355777 0.013157319371564629 0.1326800309352258 -0.037176831732401536 -0.014946806637026433 -0.0014471606837055315 0.9991958676253879
9796372.0255 -0.11078832850618374 0.027816361435651162 0.14749544060600878 -0.038691552530239884 -0.009411038163678716 -0.0021617873734359008 0.9992045450251082
9846401.0735 -0.047168586271694186 0.06432080465391543 0.14436955011344021 -0.03752340302899102 -0.02113379817977247 -0.0027645130636115935 0.9990684232159186
9896387.644 -0.12915803309197954 0.09622520065583218 0.1435355768674777 -0.03771443510154043 -0.02142467060853611 -0.007270979843801293 0.9990324007390343
9946262.844500002 -0.08391119903523567 0.09393327995609538 0.11392053080298535 -0.042534738453498165 -0.02794414113590484 -0.01706377860125531 0.9985583350314173
9996065.0625 -0.1821112608423954 0.09140719455830082 0.10376268763560594 -0.044510378443955015 -0.021426466049231794 -0.019712395801378013 0.998584575394186
10045950.438000001 -0.1323472534805587 0.08920192017876104 0.08686580193586343 -0.047225656426897133 -0.021010912888159462 -0.023951037821813053 0.998375994654275
10095921.850000001 -0.19121988500112275 0.08701325705169877 0.06863473964003032 -0.04342733796739276 -0.01597706636420174 -0.02108203504819036 0.9987063369508009
10145955.8815 -0.10358321620340517 0.0963426353325854 0.03175979418040243 -0.03552792399100941 -0.02385120979921503 -0.020329437600155015 0.9988771698136185
10195991.004999999 -0.13274762539350865 0.09416281645641422 -0.015874417843727597 -0.027280986965609266 -0.02631117923963349 -0.013867680741567 0.9991852466024767
10246003.352 -0.06120406277691655 0.1105301965645859 -0.03457086298027575 -0.015758297498950646 -0.03878481768085825 -0.02009605230323642 0.9989211994242703
10295966.3425 -0.15166317923982706 0.11988041270296357 -0.025510380849005428 -0.010561461050674136 -0.02868496948611222 -0.02414452716588975 0.9992410469321161
10345941.614500001 -0.07883557530607727 0.1487313019884894 -0.03157927455662728 -0.004056330060474725 -0.036095552740308255 -0.025336662020407904 0.9990188741042261
10395908.6665 -0.14543984821594289 0.1673653835781482 -0.02209108829658205 -0.0006147428201720151 -0.028148458631591447 -0.025709963512743912 0.999272877718646
10445830.394 -0.05415386744893147 0.20440437940161668 -0.045426311828595155 0.007785435460640277 -0.04040126291848682 -0.025904441277210484 0.9988173430970224
10495709.423500001 -0.11910438195437507 0.2148283011145506 -0.05574729829674946 0.009110361914434406 -0.03672319790933272 -0.0235453122126917 0.9990065196553559
10545603.6425 -0.03451366112326177 0.241363770931916 -0.07358999122903234 0.012279968915695886 -0.04758427070730652 -0.023563142311903613 0.9985137544716509
10595555.9575 -0.10508927669588274 0.23826646723226863 -0.07540862147684721 0.010521844591673624 -0.039400161406229775 -0.022195473698195356 0.9989215579888464
10645554.0975 -0.020087553181711834 0.2536089062199309 -0.09631186216896327 0.01165117373627206 -0.04596679689422717 -0.025719509367900885 0.9985438450923056
10695556.277999999 -0.07098695867887543 0.25705746952967895 -0.10482531871115752 0.010580357217818312 -0.04209578955674436 -0.02233155281667456 0.9988079406430115
10745534.356500002 0.019095681108750644 0.28853469829697087 -0.1111814798592516 0.012112659487110874 -0.05108631222946837 -0.02371031193208547 0.9983392676295096
10795471.023000002 -0.03719595903130024 0.2912926366164458 -0.1201082461316359 0.008448936308881943 -0.04578200071569251 -0.01849564309306413 0.9987444793701193
10845374.996 0.052937047363137264 0.31346154651585334 -0.12478095471695282 0.007609028328663533 -0.052677861034440214 -0.01923190124728256 0.9983973555749958
10895313.9475 -0.007431731608773039 0.31142518532349517 -0.12070228547747998 0.003682883538145252 -0.04092851443150683 -0.015301178444950063 0.9990381209010345
10945332.1885 0.09832715574852123 0.31168245988680565 -0.13124990761064664 0.001604958776703926 -0.04661057250373 -0.018022717604457113 0.9987492479538342
10995415.703 0.07034715117868234 0.28526577044243173 -0.15507110835137364 -0.0026543737593699417 -0.041347480664948776 -0.01974258947526658 0.9989462299360352
11045502.125 0.16103510180571085 0.28572638283662366 -0.13344611559245095 0.0015556766713263703 -0.046766616912595614 -0.022285310284706695 0.9986560110258983
11095547.1035 0.11214365238352088 0.28268084301601043 -0.12316520310534565 0.008891892670781863 -0.04274213950911326 -0.016348528585378264 0.9989127936752076
11145520.682 0.19003952615392394 0.2871277908232003 -0.10619667023992728 0.014772518360261274 -0.04743073933083881 -0.021720912044577382 0.9985290680034196
11195487.665000001 0.13282541935203362 0.2744449834696011 -0.09214201217118179 0.017945989554143543 -0.041954334508357415 -0.021352490279950186 0.9987301169153396
11245490.647000002 0.2176687950784332 0.2561390332436218 -0.08544173112248166 0.014935420366076153 -0.04800839622217299 -0.030458816308642715 0.9982706985681488
11295527.915000001 0.15370724676475564 0.22679167492073704 -0.08432102591661259 0.010191640189302957 -0.040970949084645256 -0.0329411132874506 0.9985651680570169
11345562.8985 0.23209550064855047 0.21134928260514355 -0.06758852317638459 0.009797209661327131 -0.052758241941232506 -0.03470606676559738 0.9979559466829105
11395578.2935 0.16628974765791454 0.19012551293114893 -0.06152894663776763 0.00749785252455005 -0.05067468410397284 -0.03155054864676014 0.9981885701001445
11445629.1375 0.23427819619657453 0.1952473871230216 -0.03064322736245388 0.014276663623821195 -0.06221596310465278 -0.029321580527630085 0.9975297467875806
11495571.6755 0.1693591201581128 0.19785782011638653 -0.002917876487369393 0.021502024767189248 -0.06071647910643374 -0.025303397413795937 0.9976025812793132
11545604.1235 0.24210187304825181 0.18879235810138936 0.018290351069255206 0.02213975810796451 -0.06747987986655343 -0.02658001439846359 0.9971207548530389
11595667.317 0.1795329810262492 0.1715889575440086 0.03507420661030594 0.01901103067055303 -0.06335145344361841 -0.025000104383642308 0.9974969517949572
11645752.466500001 0.24452820722438426 0.15972711171177378 0.0580276006834512 0.015101153492746884 -0.06853041226973548 -0.02558236667789738 0.9972066387025742
11695832.705 0.17649327557288794 0.1437739242930927 0.06825126788271181 0.00851361120755683 -0.05932268859349414 -0.026475624815365334 0.997851380884389
11745868.4295 0.24676114487560297 0.1310544725737891 0.08230091457280178 0.007198918826761193 -0.0644588520983175 -0.027085127770284444 0.9975267554344397
11795900.956500001 0.18812921677654407 0.1258341979086198 0.094522907664203 0.0031816768085574784 -0.059269931484552944 -0.03069921293779742 0.997764757084305
11845939.0185 0.2618479629380704 0.13567557435956462 0.11177989805279548 0.0036527887252354977 -0.06746395620961379 -0.02840443902842865 0.997310613395123
11895971.1635 0.19884106939460994 0.13963788263584165 0.1223432975907527 -0.0008863097064979152 -0.06017974086253246 -0.02895061878126513 0.9977672448607463
11945960.8825 0.2737614956639156 0.13314151306659636 0.12739192185785736 -0.007543247360478224 -0.06528219341623204 -0.03392294878829305 0.9972615344971103
11995917.417000001 0.1895333478144826 0.11881860347794256 0.1340703108930489 -0.017694046495335083 -0.05237113533656884 -0.03890142281620386 0.9977128164983422
12045867.978 0.24470153276881704 0.1177789027510266 0.14511318711145954 -0.017641210153205848 -0.05838154836325973 -0.039779823086016554 0.9973454507793595
12095892.654000001 0.16290827527706733 0.12027188638929384 0.15685162374061204 -0.02014800554052895 -0.05097864800001456 -0.04322428451715836 0.997560472627504
12145892.5795 0.2293256877576616 0.12302669875387374 0.17017889384779847 -0.012474439533944085 -0.06146344304959764 -0.03385089489867618 0.9974571421576777
12196003.2035 0.1574912853277228 0.11347961349104564 0.168786979596598 -0.013369204220983387 -0.059968381121642184 -0.034928447194933876 0.9974994041204724
12246130.3895 0.21407695671775265 0.10889953879639942 0.1710587736600684 -0.012075556855076533 -0.06959337934988175 -0.037592250676830766 0.9967937425397261
12296227.299 0.1393631781081727 0.10217542808732255 0.16852316547099386 -0.014904086744759263 -0.06785169787240156 -0.03817428612014397 0.9968534191010002
12346250.281000001 0.19271321840676336 0.10994597349158691 0.1769649249782239 -0.01193730065866839 -0.0795440010360596 -0.04101752252094786 0.9959155665006966
12396237.7555 0.1162184859518786 0.11748780218037955 0.17537302974096003 -0.011650664416399776 -0.08045563119758328 -0.04538887698791962 0.9956560667585119
12446241.689000001 0.14919472435936637 0.1163764201951216 0.17972268845349706 -0.012622664032687804 -0.08591693715645031 -0.056146525871949855 0.9946388871821185
12496290.246500002 0.052898711892107396 0.13231380228978065 0.19330668658894523 -0.011216695896531223 -0.07978711205175923 -0.05958204285759547 0.9949664228769333
12546311.335 0.027341648320597566 0.14763747556587323 0.18652258694517304 -0.0057842646104449445 -0.07660985287234058 -0.05979573323161566 0.9952496887781921
12596241.26 -0.08763019233859058 0.17941541128024663 0.15151108562489735 -0.0040141657109025375 -0.07099313777001734 -0.0575217534788729 0.9958087711704132
12646029.9155 -0.07694942533064295 0.18343600000572546 0.13924408244671183 -0.0031268733193872684 -0.06978906808280357 -0.06097272168656592 0.9956917373612733
12695821.094 -0.13848789568949188 0.18360053020661737 0.19913700678996651 0.004496949725799064 -0.06362933220655892 -0.06779428975732818 0.9956580837829874
12745668.855500001 -0.13649973024480586 0.19625521017414255 0.16403949760664896 0.006597292254938153 -0.05996709200247715 -0.06874783551038517 0.9958082941632422
12795609.531 -0.18043736994894272 0.174583177145735 0.1513808618638817 0.002884089937237761 -0.055829592668916836 -0.07656470735980421 0.9954961497638072
12845638.899 -0.09945218132448147 0.17867102498457846 0.1441171597101717 0.003956671128128619 -0.05648826135830991 -0.07959771530805781 0.9952173756521921
12895692.891500002 -0.13976149485123854 0.23644317475226725 0.10787666719632304 0.008702306873488176 -0.05122210752566714 -0.08280595780228374 0.995210399316725
12945709.527 -0.07661636626088551 0.25207705467687463 0.0915438226851094 0.008551923376127668 -0.05268058159544242 -0.08258105663048919 0.9951542543822675
12995631.746000001 -0.09709334697005037 0.23588769662856254 0.10651607748088304 0.004693028294245689 -0.056231729464914684 -0.07757290827976633 0.9953885733661167
13045523.828 -0.01702379830062139 0.23050394479619454 0.08665859306582772 0.0017135111822893182 -0.059995879146663246 -0.07556786311755107 0.9953326360713257
13095479.8635 -0.051670700555709805 0.2680416785692213 0.014296618493410516 0.003209368246318431 -0.0561869041843573 -0.0738167821290122 0.9956825871881839
13145529.022 0.015098870480576707 0.2981042028661632 -0.05195178720800094 0.0016720812568209553 -0.05739450437156711 -0.07386080184327373 0.9956142109086639
13195615.1545 -0.006982098427178776 0.3134642572856095 -0.07687704916501452 0.00021180881134551404 -0.05616410231164883 -0.06879836081232596 0.9960483594173984
13245678.970500002 0.07879631464269231 0.3185104025407012 -0.09410465949732895 -0.0026026902331824776 -0.061388335442612324 -0.06819040847188963 0.9957784725869365
13295668.6995 0.06033256886263042 0.3242518042969434 -0.09199760009692097 -0.0038575536251488868 -0.06082328604157994 -0.0669107577052393 0.9958958769160781
13345650.041 0.15253175680317616 0.33709425213583755 -0.1777464472121101 -0.011561552198905506 -0.06791679898807727 -0.058295276782163 0.995919323856534
13395618.874 0.13173494970004623 0.3126765087390623 -0.2841079448804 -0.023672784544315727 -0.07309521547408813 -0.04597422307439862 0.9959834634969702
13445686.8405 0.20188224532730115 0.31407036991207793 -0.3218541581799264 -0.024243578633736322 -0.07956183088710889 -0.027160719362586204 0.9961648755525502
13495798.828000002 0.1460299183887826 0.31591735498915474 -0.32936460372407184 -0.02152990878201284 -0.07364105140016344 -0.0286194084634231 0.996641554439569
13545853.64 0.2526424487682942 0.3044513020263939 -0.30400518212725464 -0.02496307667243642 -0.07979648184539455 -0.047469669202113284 0.9953672672908154
13595778.315 0.23801558990019725 0.33016211024035447 -0.3026643737485135 -0.021796443460038686 -0.08258255664483354 -0.06183281001193929 0.994425331534009
13645636.884 0.10562439654813417 0.30963837067198324 -0.2473570743931524 -0.02654505563465891 -0.06795352210835015 -0.07728187095441184 0.9943365583524566
13695527.173 0.1397310778573212 0.3056839151695515 -0.2036638222422879 -0.023951150267864544 -0.07391689344302053 -0.0822482326673834 0.9935783127100104
13745483.769000001 0.13308816759703515 0.35944752864829194 -0.3181733143231749 -0.02171154323236951 -0.06575225765504498 -0.081281026771304 0.9942829799361629
13795538.296 0.07644677517411134 0.2796168080713654 -0.1894906478929434 -0.022369468311910678 -0.06623693594438716 -0.0863768222658168 0.9938064800449838
13845533.142 0.11488636157503952 0.21912270172154832 -0.09256052462474784 -0.0229952182174563 -0.07463261854257909 -0.0919548522663441 0.9926960750064867
13895555.884 0.03534708743409025 0.21670914280547757 -0.04993858892859864 -0.02040311989864447 -0.07362781079025156 -0.09318481601991159 0.9927130744782057
13945568.801 0.07104814266565308 0.2166106058458397 -0.03880716024615934 -0.019094060142672172 -0.07616151304588409 -0.0962090011128227 0.9922593758200033
13995545.428 0.010206620851060987 0.1918342965433906 -0.0008202993480815557 -0.020160927861537916 -0.07389069903155474 -0.09581055484963702 0.992448507059079
14045542.867 0.07989338484280747 0.1611158753552755 0.03728151963627882 -0.020921464266666318 -0.07812372909073384 -0.09577253408069578 0.9921121897253649
14095596.016500002 0.030987619244086214 0.17535792406150238 0.01976150094951867 -0.022682086135000782 -0.07511000716738025 -0.09109841996775471 0.9927462352843546
14145722.2905 0.09382673296977316 0.19976734849870928 -0.0262787929680329 -0.02662269650369798 -0.07845569414253306 -0.08546403355204384 0.9928906460716106
14195853.0945 0.07253808701633062 0.2606580239653496 -0.10931139816802164 -0.026295519177455824 -0.07540981924613512 -0.08500830540111408 0.9931744523724341
14245951.4765 0.1496503683275894 0.26831698425365386 -0.13128405331156803 -0.026536068602744562 -0.07803367814540005 -0.08644647817200556 0.9928411698503782
14296033.057 0.16999467770701887 0.21823124187551513 -0.03921526706874479 -0.029599319095520788 -0.0800923663564662 -0.08490688053336973 0.9927234835534996
14346134.8385 0.20930086764950853 0.15354407897767602 -0.07583990088226936 -0.03891001259284652 -0.08176801322359194 -0.0633431324065741 0.9938750678583372
14396289.875000002 0.1111488952170601 0.14695668611489995 -0.23116735719183865 -0.045991047040566606 -0.07381734194999279 -0.03756280084328168 0.995502315221998
14446485.342500001 0.14068670559217447 0.15990108462994276 -0.3489624035096358 -0.04856166862225961 -0.07618244201617992 -0.023712406447891316 0.9956283049660266
14496697.402500002 0.061940570642413706 0.13616376055779553 -0.387116458507844 -0.03751931519948107 -0.08399328976970005 0.025925606296711663 0.995422167323379
14546875.285500001 0.14955359295853451 0.15125687969577936 -0.39735783981933454 -0.027149614052922315 -0.11092143720220383 0.06486581824079526 0.9913383674859593
14596952.335500002 0.12721004552449539 0.1436458091051705 -0.4113835164228213 -0.026497474347473227 -0.12032062752768224 0.08022489257359645 0.9891333565582069
14646881.141 0.16465665431147192 0.1486281563210159 -0.4091747750199434 -0.02664696365716822 -0.12935234882273425 0.09022169249640445 0.9871261091598073
14696754.3555 0.10892990953400417 0.14368347629939499 -0.4115884836985801 -0.02825189969223562 -0.11609218387099544 0.09373607423307807 0.9884017317848112
14746679.091 0.1733098159264226 0.13644152695972417 -0.3675040769925129 -0.03324268947036705 -0.11014417864810654 0.09002867124983194 0.9892714601461525
14796710.986000001 0.15798067313381034 0.14210724854331952 -0.40006475746627806 -0.03649981045769748 -0.09969823156074524 0.06700176163440316 0.9920880960872874
14846758.3905 0.21680373175327977 0.14381746698109485 -0.3945081812131624 -0.0368948741695598 -0.09512071780892542 0.03965075818186871 0.9939912648907585
14896713.302000001 0.18322989978356852 0.1528119671210129 -0.43442639194333443 -0.03361020477392178 -0.08420354239459299 0.012625807404806632 0.995801539751086
14946556.401500002 0.25034507603825995 0.1649520958476167 -0.4380812495037022 -0.028014745434346008 -0.08511745668757859 -0.00945047335333155 0.9959321669464668
14996343.681000002 0.21430333884407154 0.17534137451109535 -0.4791463047323126 -0.023416952254498212 -0.07963948638590453 -0.02699033229303583 0.9961830758038461
15046181.947 0.2817871979794679 0.1812829515477926 -0.48522034872605674 -0.018561837343316342 -0.08396092243924659 -0.04822778864962874 0.9951281837530067
15096094.2705 0.23073873986954868 0.19392951141202627 -0.5198500157372808 -0.015399606860680221 -0.07987037015528675 -0.06445995631910605 0.9945996632369896
15146080.901500002 0.28681351755576173 0.22415308613223506 -0.5098914870704953 -0.011003672072569451 -0.08568597431196615 -0.07874400213165934 0.9931446093774147
15196068.6565 0.2270244141717249 0.23243148794419893 -0.5417753045515684 -0.016184903495604173 -0.08052272328507866 -0.09169928807640026 0.9923937628279784
15245991.577000001 0.2855006228163026 0.2617663703500032 -0.5333892832527873 -0.016168964718241124 -0.08514611271432349 -0.09827663414936862 0.9913780344802133
15295852.15 0.2212381198622735 0.2558395079107782 -0.5623734504910314 -0.022784045164877576 -0.07794469845861787 -0.1076960533832937 0.9908617821642849
15345724.5435 0.27584768241100743 0.2571359109425188 -0.5543006811015291 -0.025142774679845496 -0.07938346012240546 -0.12314495940109162 0.9888889857382863
15395666.894000001 0.23871057530232503 0.27799149861149897 -0.5848894529626106 -0.02168565514517931 -0.07580260125356064 -0.13018932407433922 0.9883493501293885
15445701.526 0.29742892676896715 0.31016050012968904 -0.5523443036628108 -0.015500943050826959 -0.08291967571302158 -0.13879787440779967 0.9867214390110611
15495766.0225 0.23823589370869772 0.32626158346798834 -0.5748596926999003 -0.018982752785238446 -0.0748641852799104 -0.15212830002198396 0.9853385150249082
15545815.803500002 0.28937297144364993 0.3076046945054647 -0.5814050465305504 -0.02489348001612351 -0.0723310116564135 -0.17844201127670095 0.9809724705703889
15595846.155000001 0.30035665685207047 0.31694931444530977 -0.40251479281279423 -0.018758163044448765 -0.06029476247598533 -0.20309346156525873 0.9771211382457158
15645855.454 0.4272783497879895 0.29029886747008377 -0.16904166007913105 -0.009447634568245097 -0.05896364120562891 -0.2214818850663521 0.9733343751272191
15695871.7695 0.4440987913233258 0.3086717352445416 -0.08679063193168135 -0.0003067242551184495 -0.05687144311463762 -0.22871744173146752 0.9718301686643108
15745871.594500002 0.49825788084586603 0.26084737411320585 -0.062429298532676945 -8.847368499410102e-05 -0.05896642959209097 -0.23301940400398008 0.9706827029010036
15795843.5985 0.47156698226294286 0.2942861180385534 -0.1039006724083843 0.007451352794847321 -0.059693313355147826 -0.23541105757496433 0.970032380724297
15845798.659500001 0.581877589879012 0.2760324538069907 -0.08532320800892594 0.012669445547854834 -0.073682093061 -0.24441704825501473 0.9667837094376207
15895737.791 0.5341678021720754 0.30104971359731114 -0.08427409113372517 0.023022859174292965 -0.07704744432836189 -0.2518927866504983 0.9644084525300237
15945709.5755 0.5611267457677234 0.2641924925208356 -0.06196196101397907 0.02736432664978728 -0.08253700711740256 -0.26608389026892393 0.9600198953263733
15995771.086 0.45903053156924345 0.2900820650647255 -0.03803769244798452 0.032009549410722905 -0.07857760055558125 -0.27741007453194416 0.9569977011391569
16045916.377 0.4329133357843095 0.21139641112301885 0.052961015319077535 0.025622054704739237 -0.08716223700368067 -0.2757444942657079 0.9569280164335092
16096080.488000002 0.47317369252110847 0.08707951178618052 0.1826975220876435 0.015836179204135707 -0.09928223214746182 -0.2693011820526604 0.9577938855270857
16146007.273 0.3900644931648954 0.055561066270916566 0.2555359888235993 0.0066942910160005045 -0.1026662370437353 -0.25513982115674333 0.961414843810505
16195814.884499999 0.4222355407473241 -0.004897596309370788 0.30144958113369447 -0.0033503954610969913 -0.11323385056351984 -0.24715506845998478 0.9623311499018167
16245658.326000001 0.41050644211986415 0.003551113517499759 0.2592157744703082 -0.01508866118710252 -0.12695307345055623 -0.24976593521034698 0.9598292697420407
16295634.049500002 0.30565777353670703 -0.0229125412070312 0.34446179355282636 -0.026607312216187284 -0.1337112892774357 -0.23754334831705856 0.9617621846000791
16345776.043000001 0.26834410449106444 -0.028971817882366857 0.39761213058770634 -0.02828232353294066 -0.13271888549860641 -0.23167312085371977 0.9632826027088228
16395969.535999998 0.32150196635044986 0.005534702084682226 0.29765486370243266 -0.03066901813257412 -0.1306930975265607 -0.22875002978303674 0.9641847071282331
16446085.844500002 0.30837992422791866 0.04269614459219026 0.30817116859523713 -0.026620707705243888 -0.12876984421128934 -0.2290124568133142 0.9645014047513887
16496086.23 0.370491778550215 0.00042310445517562776 0.3019459859311533 -0.03770697179511836 -0.13625944353719918 -0.22140776830079084 0.9648783075917079
16546057.0815 0.30523038186990126 0.01137196147848264 0.3364698048410997 -0.043367009319027344 -0.13669059973564576 -0.21044059052755273 0.9670314060593108
16596125.7095 0.3471440182692364 -0.019116428593314177 0.35615125789427976 -0.0514169173823686 -0.13991886661466393 -0.20206645464237896 0.9679608252819025
16646328.396 0.478556547812546 0.0236665250250683 0.1632267541370271 -0.05937871698768432 -0.14194134300064365 -0.19429495629165408 0.9688014724780791
16696540.552499998 0.5139279118033466 0.006280342825872589 0.1817066778458151 -0.061581479666041085 -0.14106510065859754 -0.18944212122860987 0.9697525671235552
16746588.421500001 0.39735232350278393 0.019838826196155193 0.14279193216795674 -0.061402471984729166 -0.11664596052885351 -0.1737728382932039 0.9759233868485732
16796518.499 0.4030358547261181 0.015894276125729814 0.1439344879476164 -0.057834925467454244 -0.10707381322863693 -0.15333143061612087 0.9806527378751698
16846471.446 0.5316189227657333 -0.0006614619402839857 0.19339223891095614 -0.049716830003211636 -0.11369368419297193 -0.11966883345926407 0.9850286053143632
16896521.446499996 0.5452752082890499 -0.0048572347708727885 0.18264788461698434 -0.04467202302835761 -0.10410638920321927 -0.10611910698613895 0.9878790438196805
16946615.268 0.4149842471897697 -0.017120632709416675 0.20528764057373547 -0.04775654317273802 -0.06925625888866777 -0.10767378989209751 0.9906206328152107
16996671.576 0.42349836770223565 -0.055347486547824086 0.26103873127871613 -0.04865755713297194 -0.06270626748265276 -0.10113781062893133 0.9917013206673833
17046624.7815 0.3727550282760292 -0.046141928078815404 0.3386389813930136 -0.0397135578258784 -0.0573899316559845 -0.0843571792884237 0.9939884784904867
17096502.508 0.4624138353272004 -0.04081392472664116 0.3116249819758892 -0.03657360156022045 -0.0648065521007088 -0.08136544915612884 0.9939024832232555
17146392.446499996 0.41550218298248426 -0.039363669004761015 0.26422800215005027 -0.03792996152751834 -0.05649923972942945 -0.08856196989232605 0.9937433931439787
17196317.5425 0.5110068039227882 -0.0178554711128858 0.2300165131749777 -0.030983891524800623 -0.06448676554589312 -0.09623948244615832 0.9927836710753779
17246271.2615 0.43496467635804725 -0.0035431043183496566 0.17553409788343766 -0.025711107314136762 -0.051148673366772715 -0.10629803148467122 0.9926849856203044
17296211.976 0.5080243299145367 -0.006909540588128518 0.13451805387762375 -0.017721948198028664 -0.043138977751934 -0.11842367614956786 0.9918673268526426
17346133.373499997 0.575902128382061 -0.029463764498427882 0.12722745896727472 -0.010776936295141915 -0.03529604877458171 -0.13676080234159357 0.9899164255268605
17396042.1585 0.5448261221550182 -0.01030480097433006 0.12138985360202505 -0.003312984581757607 -0.02916921779560806 -0.15104978509800673 0.9880901493731225
17445977.991000004 0.46069694462369665 -0.022144403869366187 0.08810291234446051 -0.005969014123339584 -0.03180928446816621 -0.16302041759450195 0.9860917217679767
17495950.447 0.4935289942194166 -0.05023983856910533 0.12531808544095052 -0.012847101482794193 -0.04584662854520209 -0.19249480728178867 0.9801422283546791
17545955.153500002 0.42227273715102387 -0.005257265583229974 0.21342746637845628 -0.009936913976285516 -0.04546552993009444 -0.21198617131932754 0.9761639239892941
17595973.364 0.5193435391580761 0.01949366788963223 0.21974025338096742 -0.005172745180638598 -0.0658388155131285 -0.23242991599272086 0.9703683976875694
17646000.627499998 0.43729400794970164 0.06200540737822185 0.19161406735331946 -0.014241361006501063 -0.05987018978278742 -0.26617361225241154 0.961958602099154
17695988.7025 0.513309533721768 0.03782998496174579 0.17998949286554253 -0.01811326955097696 -0.077092327629137 -0.28361701736247513 0.9556621107636888
17745928.417000003 0.5155293892447947 0.06524391753581221 0.15559810231855248 -0.010275352859993541 -0.09851545187999611 -0.2710540052051725 0.9574543587695015
17795855.306 0.6065617426670735 0.07314560043106139 0.15946684966356867 -0.0014761562848321782 -0.11939526594248574 -0.25826646524579033 0.9586662737170798
17845840.3245 0.5683407373115741 0.1044925081453209 0.11897999032324451 0.0007536404498732875 -0.123607697403468 -0.25044382625758116 0.9602075083325207
17895924.882 0.5843421767040611 0.07664606797912231 0.12476030008555059 -0.0014935650133901996 -0.12556916743159624 -0.2500378853097594 0.9600579197964622
17946115.788000003 0.5052763676518909 0.06694279865104467 0.10930392207061299 -0.010371926887930876 -0.1217890078346077 -0.24709802559768917 0.9612504493882003
17996278.263499998 0.45353274587044895 0.053167081112663724 0.22127696297814667 -0.014028428347850008 -0.12101475060993516 -0.24234401372974004 0.9625113050464726
18046275.492 0.4994958418310952 0.024109766608087155 0.2829808797407201 -0.01666801429415698 -0.12622108804793583 -0.24126663849554092 0.962071111394863
18096124.805499997 0.413312625007395 0.04770957802322617 0.30369668216290313 -0.01568603828845077 -0.12265444390226318 -0.23967253655396437 0.9629469927340903
18146011.695499998 0.4210919039219172 0.023797453998557944 0.33780296074060046 -0.013885849281629713 -0.11974158919012054 -0.24827776281412337 0.9611593455301602
18196035.099499997 0.5299736527764443 -0.019539163178378186 0.3563541427314758 -0.009410224042059604 -0.12487172120248878 -0.2533467690470217 0.9592361104237274
18246210.807 0.49115270067069944 0.002645832939635488 0.30539135892858965 -0.004656316850813999 -0.1140538044388433 -0.2600521670586904 0.9588237162348926
18296404.5115 0.5807170457710439 -0.03335515728332792 0.29632304784844826 -0.0028593913123714505 -0.12274791076198734 -0.2630972851904713 0.95692454917318
18346471.0035 0.5631904390139502 -0.002568753114392971 0.2613729155618939 0.00016452161665953758 -0.1347439346408123 -0.25719903224197743 0.9569183365491228
18396420.301000003 0.4473462959806007 0.06394471580534855 0.20130117188326888 -0.0011325115314179271 -0.13340843766211258 -0.2592671911188629 0.9565466166306379
18446368.042 0.42619411965520104 0.04398405004907604 0.17857043929144362 -0.009003176468120634 -0.12999567213983396 -0.26624321124868694 0.9550573912087084
18496275.273 0.5139215154641911 0.0050166207973938535 0.18625931307682592 -0.01145136445237753 -0.13754270091823115 -0.273082622645807 0.9520382097821414
18546272.493 0.48412086095463547 0.035763355324016984 0.14328469769188684 -0.00849731685327832 -0.13015969294168195 -0.27706589507451435 0.9519562698602181
18596306.243499998 0.501191490944773 0.03259529302974104 0.18512189108822413 -0.0034903457699185627 -0.13046308328908962 -0.2677883054372378 0.954597624581249
18646324.033499997 0.433457669025206 0.06909323560982047 0.18364769725370272 -0.003349296060326026 -0.12589499856711922 -0.2579837059903265 0.9579058612385573
18696248.676999997 0.4802266849683733 0.0562410181419024 0.1780291889762835 -0.003490643764896033 -0.13132900260121214 -0.25000201060467914 0.9592911461988457
18746094.754499998 0.43246149566538533 0.09672213798082667 0.12561960050662024 -0.003187947421262264 -0.1275914576102432 -0.24692645895657908 0.9605923072788464
18795984.903 0.5059067463402646 0.0695658030429805 0.08952491158736868 -0.004954827806637832 -0.13058182817982697 -0.24466038765658316 0.9607627857813558
18845974.451 0.4761473027316572 0.07717120456190414 0.02849132654972968 -0.007276398295016588 -0.12676975074889116 -0.2448366802775703 0.9612135477164141
18896052.523 0.5194207566137884 0.057026429488061255 0.044653335343987875 -0.005481531568300538 -0.12854606044872594 -0.2481021160049719 0.96015165634843
18946116.1285 0.4714953788993618 0.0865559756710728 0.010717279243692672 -0.004629192501608627 -0.12476349158581881 -0.24706767260459855 0.960921540448462
18996104.2335 0.5303737638872086 0.08054788346020621 0.011404306102284245 -0.0019771024647244023 -0.12796223633777323 -0.24564872652833628 0.9608738003985156
19046032.176 0.4861288155585891 0.10004684744705668 -0.018611213079973793 -0.0034849332219035424 -0.12287191444854098 -0.24441898752521146 0.9618470285951607
19095966.636499997 0.5465977686725068 0.08695807503394215 -0.015210523684511909 -0.003861160167197597 -0.12469274963236031 -0.24379584856134054 0.9617694078392911
19145927.9035 0.5029046131961256 0.11484025307354538 -0.0397470897582105 -0.0027857688923098524 -0.1172662062546173 -0.24211766508348273 0.963130267729579
19195990.076 0.5507950588583769 0.08137645722859202 -0.017664202076955328 -0.0026534513469005337 -0.11714733340216466 -0.24115945036964512 0.9633854789076501
19245979.694000002 0.49833699811748877 0.09152137920683674 -0.03794061539962791 -0.0027724209343707004 -0.11164294505589294 -0.23842843194762361 0.9647176008244107
19296026.4975 0.5506790656230425 0.06845967709904206 -0.011144240252242425 -0.000773745019929901 -0.11731688871459396 -0.23427290859264807 0.9650659838790882
19346044.247 0.5039736338138935 0.09237660409522751 -0.03281514398380638 0.0043963102745678394 -0.11656374086586432 -0.22583055495320548 0.9671577571528094
19396035.309 0.5544536767081241 0.07648168211453095 -0.012550759588792173 0.006183127818641799 -0.1204755672364725 -0.22267791845830365 0.9673995820034788
19446034.6725 0.5067328901158077 0.09788352564108906 -0.02643180760696851 0.007808546135981234 -0.11693177440777733 -0.22171744691367032 0.9680430571390792
19496038.467 0.5646560245437183 0.07953839968243696 -0.0035825215898204416 0.006134237186795938 -0.12185614659660214 -0.2216479450529074 0.9674635079033146
19546044.257 0.5106050332605666 0.10071661667536534 -0.026894262529305074 0.004625754299064723 -0.1161311665651407 -0.2188779892261248 0.9688057495606189
19596041.625000004 0.554998886135841 0.08377057459140388 0.004935789137607755 0.004511094870721332 -0.11746688504406883 -0.21784956839786956 0.9688770543727273
19646110.039 0.49919973703161186 0.11144989133299604 -0.007808227164337638 0.004894653120222826 -0.11034183118422118 -0.21909468697445678 0.9694319165373658
19696004.34 0.5533552341024949 0.07602800616069179 0.012707364745349283 0.0032892565835258114 -0.11337153402375329 -0.22002609389778255 0.9688780078360293
19746019.3845 0.5068475371880452 0.0904309022094647 -0.017576131833827145 0.0030582351384004515 -0.10773533821949786 -0.22118684912158168 0.9692575106091441
19796040.893000003 0.5668829486890979 0.06684000025499781 0.005768329482691931 0.004057500328863296 -0.11481258320113807 -0.21542944799632852 0.9697379854196495
19846071.525 0.5107971085746832 0.08917454408262512 -0.012904159292538023 0.005325384233504311 -0.11112945596461694 -0.21038187861484822 0.9712679081748048
19896077.245 0.5712834309536967 0.07270510108974182 0.005900230383333027 0.004960178594484141 -0.11850256473174582 -0.21127955285441588 0.9702028083477945
19946061.8105 0.5140760620020888 0.0946746974779958 -0.022287394236649292 0.005165108945250127 -0.11328407652713746 -0.2128659093678144 0.9704783069620828
19996036.0205 0.5670458977620153 0.07703487748491776 0.009255701114907052 0.006226543592772806 -0.11769902785988352 -0.21364085495288251 0.969776136069932
20046033.881 0.5175441097991493 0.09892365549358015 -0.013631654636069652 0.007626270581444505 -0.11333163688429729 -0.21363884067051797 0.9702866719867388
20096040.3725 0.5671703427106393 0.0809104635127267 0.015727953974126664 0.00921978841643726 -0.11703322420666025 -0.21206270335247 0.970179174060231
20146070.162499998 0.5129424115346768 0.1012354217334031 -0.007615573499036239 0.01029196505834276 -0.11201173912613761 -0.21167939983559558 0.9708446206465883
20196092.903500002 0.5650408028681492 0.07316607089431545 0.01948799807353473 0.009308266577361645 -0.1158193410400207 -0.21220650361137688 0.9702925518828921
20246108.097 0.5109334692546889 0.08584753534164977 -0.001049545355613801 0.009075612009929311 -0.11137130207018169 -0.21241406930922757 0.9707699673461948
20296098.066 0.5685003741693355 0.06617591693264449 0.01693438920844291 0.008357790944839294 -0.11607327597590289 -0.21638391406852442 0.9693477929345741
20346085.821 0.5237876890308873 0.09724565875344271 -0.00734186449224487 0.011224095135386124 -0.11332666702677346 -0.21454677097368838 0.9700519415442445
20396081.8555 0.5653938161212807 0.07965099827040002 0.02173579938506331 0.011904611232814524 -0.11589004328862897 -0.2119969617748525 0.9703015336977402
20446085.1195 0.5105983024267857 0.09584725270448909 -0.005610348149539291 0.011497033896250996 -0.11258661991258526 -0.20838403520034 0.9714773106469707
20496103.3305 0.5642184286221227 0.06905090884962493 0.02954117324293283 0.01074395867933051 -0.11529858916759031 -0.20894767697699088 0.971046688359411
