#timestamp tx ty tz qx qy qz  qw
3346281.1679999996 0.0 0.0 0.0 0.0 0.0 0.0 1.0
3396222.1314999997 -0.13779050686797664 -0.01577262780271753 -0.0012084311418810196 -0.0015248222901142186 0.004214596493535397 0.0038877975063907164 0.9999823984070567
3496338.1950000003 -0.16856404432653543 -0.00984191566769938 -0.008555302762409414 0.003249700879904503 -0.008674393924576739 0.011247646593624747 0.9998938367548513
3596441.4155 -0.18588151334256842 0.003431108235270067 -0.025898085711743513 0.009465291826579125 -0.024268786523624367 0.010827437369246936 0.999602021232112
3646377.81 -0.17062521563113753 0.00940418722178514 -0.015041913699707324 0.008812895086832612 -0.02805471526371562 0.004999612100576143 0.9995550358587085
3696296.1119999997 -0.07045132457202115 0.014107479254366813 -0.013828980066043139 0.009379194535894041 -0.03985693455270846 4.6712919536635864e-05 0.9991613750019674
4045508.9685000004 0.05245513863107719 0.12816699486847896 -0.07503847594079033 -0.003599033973053943 -0.026741883007927857 -0.013049778580488693 0.9995507100325882
4145232.983 0.08510114982664642 0.12944812927612745 -0.059204220082042916 -0.0012466175836402082 -0.02317088595397171 0.0008578849579063774 0.9997303736618725
4195250.391500001 0.055024176256298095 0.14849449489644403 -0.06571961084346542 0.0010129060178159337 -0.014299661094717435 -0.002192068732265922 0.9998948387448793
4395407.1965 -0.019869610199964423 0.09764062584290015 -0.056984658429007524 -0.009818936844231333 0.02548009545993468 -0.01764063035761958 0.9994714410002856
4495505.4344999995 0.1046965559939046 0.07493169952615063 -0.05492926843782658 -0.00895737968405189 0.01887275961078642 -0.018385405641926304 0.999612705578141
4545617.331 0.09633178501841741 0.046812364038456206 -0.07634923206941531 -0.010168891812449128 0.022718255015749256 -0.013373297674758705 0.9996007350125592
4946208.171 -0.016349642815826623 0.06273710997954053 0.0371975915691581 -0.0029554132035664905 -0.011172309214347247 -0.0016070499100787087 0.9999319288982634
6496051.771 0.05118049790725084 0.03990199784561642 0.07337900969436173 -0.012842380207922692 0.0024416766495656953 -0.00445325958884393 0.9999046354351842
6646139.136 0.09931843244818003 0.028164779789302742 0.10354848966608791 -0.021441742383188536 -0.010710646731048644 -0.012689468931087395 0.9996321879113451
6896151.141 1.0756365040818648e-05 0.07683633915391828 0.1946700106034678 -0.03511983963844528 -0.012095200285685179 -0.0008524593319955275 0.9993095497927088
6946124.5805 0.020428923603358656 0.09775844460576742 0.22366989531591241 -0.03503589509855569 -0.0162140431145926 -0.006203931127912249 0.999235258634863
9746394.297 -0.05909444388946906 0.01915125822434365 0.17735264574334605 -0.03701734101694096 -0.009664532629078284 -0.003448932511712639 0.9992619367000959
9846401.0735 -0.08209109473558894 0.08021205049578925 0.1892581714965821 -0.03463891757685156 -0.015939949435410834 -0.004068454713104965 0.9992644850475514
12396237.7555 0.10840114780894326 0.12504571946180537 0.1947920316541669 -0.010415901012762548 -0.07727712874811254 -0.04865326950545299 0.9957673492061134
12446241.689000001 0.10519326954938402 0.12738341975546272 0.21105032460310144 -0.01241646603353651 -0.07739199843409889 -0.05777891007236987 0.9952476613890955
12546311.335 0.012898204832334847 0.14836844341689134 0.18597896480891754 -0.007954324661161784 -0.07036772042923449 -0.06601154963614408 0.9953027619550812
12596241.26 -0.07581614840398875 0.17427160673809303 0.16082730697668315 -0.006157325155962718 -0.0667647874525291 -0.06489084763066304 0.995637347831587
12646029.9155 -0.08268564384516554 0.1738662681859695 0.15896369757154574 -0.005915989621083971 -0.06582659085245963 -0.06634758139740726 0.9956052729100325
12695821.094 -0.14879996529374215 0.20547421026034376 0.1448265936031553 0.0018855328073783442 -0.05759589369288904 -0.07477210068212539 0.9955341735748361
12745668.855500001 -0.12840998832115746 0.20846216374618742 0.1778717127517563 0.008549896923346994 -0.05377165952841708 -0.0816172604025344 0.9951754270974263
12795609.531 -0.14539996792700055 0.1930971358058083 0.12925375692184463 0.001201052243660748 -0.05735599530186245 -0.07438740097400402 0.995577903457471
12845638.899 -0.11209839045337365 0.1803846472897707 0.14871306979978627 0.002711487261300451 -0.057468159409626005 -0.07740217347172224 0.995338616769567
12995631.746000001 -0.09006925851499335 0.26687710570073686 0.046957930326609484 0.0040309645823092795 -0.05389580947613553 -0.0777561322122602 0.9955063922189741
13095479.8635 -0.04064759591664709 0.2730887607142736 -0.004450786264295342 0.0014842453053706564 -0.057032115435916145 -0.07331654053146554 0.9956755594616531
13245678.970500002 0.08552414472405598 0.3119419762401201 -0.09760799142930897 -0.004163712558038437 -0.06217948440853251 -0.06747814097079925 0.9957726024085761
13395618.874 0.26071649917455225 0.27920616340071497 -0.2095090434172251 -0.024052572738831234 -0.08899320034642957 -0.030062357004583123 0.9952878672665876
13545853.64 0.2419522490105626 0.30094330866622065 -0.27077080936414155 -0.020109197638340286 -0.08567876887166755 -0.02341058248884945 0.9958447235199422
13645636.884 0.2431894021134799 0.28372279816295776 -0.19623327549871983 -0.02954082351687721 -0.08074518236154084 -0.08180149923258503 0.9929330642065696
13745483.769000001 0.14025927195321658 0.3193633152354269 -0.23845461170231533 -0.02105040185555995 -0.06999583362371846 -0.08891578754820952 0.9933536362150801
13795538.296 0.10265327805646392 0.25653889131219787 -0.1537612772215876 -0.02287753289172536 -0.07273629372773692 -0.09153873699527955 0.992877993357114
13845533.142 0.11876110036035763 0.18706708032710692 -0.04810594399538203 -0.024025019597462973 -0.07629448682359934 -0.0924647189548064 0.9924979725230041
14195853.0945 0.06392840934019317 0.24220085836441946 -0.08315127365617345 -0.026511244648686202 -0.07495767739815357 -0.08521817022669703 0.9931849595968848
14296033.057 0.24530140461545677 0.21169432210164732 -0.050101597795335705 -0.02751085857360559 -0.08304841895030224 -0.08867337846496615 0.9922112399695979
14346134.8385 0.2158662665070291 0.16638487396821736 -0.040997159499847086 -0.037042921609952206 -0.0749230962613537 -0.07169666998208545 0.9939184770989473
14396289.875000002 0.15804695646918518 0.1501844540229114 -0.34563216332673624 -0.045345561309324434 -0.08334957772748938 -0.02807318564332671 0.9950922189475842
14496697.402500002 0.14109019995831895 0.1328266706409379 -0.47473489287258946 -0.03809920222541054 -0.09862015443637626 0.03753186345881054 0.9936870106598162
14546875.285500001 0.14068466600287474 0.13215114137385878 -0.4798899129893267 -0.03523861274143866 -0.11022498498948748 0.06626206942258861 0.9910691353341412
14596952.335500002 0.1341354953142337 0.12967157994358852 -0.4883713997936982 -0.03478890773270935 -0.12045891950492714 0.08063752624824104 0.9888260564786078
14646881.141 0.13831793348724933 0.12788523548909167 -0.4863217215234451 -0.03528307327243691 -0.12507609042272885 0.09017905546313959 0.9874101550524955
14696754.3555 0.14181102285691294 0.1281709446724237 -0.4879892265906149 -0.035550317460897755 -0.12038170555806829 0.09490945297459885 0.9875406906206055
14796710.986000001 0.15582219682645593 0.1391962305306011 -0.3801239462388277 -0.03663026684519827 -0.09728200968393551 0.06363977682249941 0.9925444135899847
14846758.3905 0.2091293919902034 0.1399254518342849 -0.39221263130411566 -0.03798635460975719 -0.0929905001882012 0.0367773098224263 0.9942621551786205
15645855.454 0.4835450921041281 0.3104242481584601 -0.18382282783464904 -0.0020691482668394622 -0.07048226833976617 -0.209236170848014 0.9753195339395144
15695871.7695 0.45514547034667535 0.33872047570670705 -0.18401871508401246 0.00469134594294082 -0.06382784384187941 -0.21593560550829569 0.9743078629968589
15745871.594500002 0.5644338957944307 0.2772221432208352 -0.0762578007064117 0.007593832840431787 -0.0709194975065704 -0.22205911609232656 0.972420951818965
15945709.5755 0.5748803354671994 0.24612660735546418 -0.04591752688206115 0.02628462556571434 -0.0846703260714449 -0.2651656875500627 0.9601183325444462
16045916.377 0.47494062151107613 0.1331991725740119 0.08741047517240515 0.019853772579516312 -0.09321093233079042 -0.2751113681994624 0.9566772103984736
16096080.488000002 0.4725719613176291 0.09487729840409512 0.1468522853555524 0.012347364912027129 -0.101682383872764 -0.2679147425986671 0.9579822159560015
16146007.273 0.44548588849795645 0.07172281805265086 0.17783921967643504 0.002818637201397629 -0.10852529234017122 -0.25858030187701136 0.9598700660443583
16195814.884499999 0.4431653357468108 0.007231522054072118 0.2559894416572972 -0.00683220170142289 -0.11752776430519425 -0.25248320900950144 0.9604128147862242
16245658.326000001 0.3998826485624519 -0.011537455393752507 0.27551874727605125 -0.016969031831094848 -0.12568402253504815 -0.24719211225352664 0.9606308542191244
16295634.049500002 0.2795193326512196 -0.013751942504712896 0.34399497208740815 -0.024123795452156212 -0.12884197979719825 -0.23775384131301733 0.9624400748492478
16345776.043000001 0.2347853538050112 0.017118718225356908 0.3675679037778547 -0.019669845012441792 -0.12311862018056112 -0.23525308882768206 0.963903982126361
16395969.535999998 0.17048949057574717 0.07910456314517987 0.2856017221285511 -0.030017703248449455 -0.12451324022242664 -0.2227500875675414 0.9664252630129517
16496086.23 0.23607024104112173 0.022885802052603724 0.4094992406617786 -0.03433977425129824 -0.13276004491856572 -0.21958396175374098 0.9659080878210524
16546057.0815 0.31109403830981935 0.04858341108272206 0.19157778406561454 -0.046794412441058766 -0.1339881588755731 -0.20603239535067217 0.9681983827250976
16646328.396 0.4494806236912559 0.002862082166647656 0.20459232761683097 -0.059725801410974604 -0.1438531601380961 -0.19650640828805016 0.9680518211675603
16696540.552499998 0.46611391734350166 -0.0018145581502149054 0.21566504907165412 -0.05908532204518661 -0.13595289024912544 -0.18754624074953352 0.9710057383622632
16746588.421500001 0.43206288240953084 -0.005332665332549645 0.21382313203816078 -0.05689033533133775 -0.1208313748095248 -0.17069217675913353 0.9762312479124794
16996671.576 0.44322850381966417 -0.04740021000062867 0.2522384651397598 -0.044469015493770005 -0.06895844878901507 -0.09585630190678301 0.9920074638763476
17046624.7815 0.3414487269121754 -0.04706172934014612 0.31421102432237863 -0.04015486843403308 -0.05572351968235677 -0.08022185967719375 0.9944078283708291
17246271.2615 0.42344220520602566 -0.013376029213250328 0.1673914018337422 -0.02848225001606494 -0.04728168368201613 -0.10883294166045795 0.9925263697412515
17845840.3245 0.6558314438346204 0.12487020644763483 0.07215355873241215 0.0016604998127258024 -0.1300050679131354 -0.25211150308451663 0.9589242488693979
17996278.263499998 0.4711772268228925 0.04094295063267542 0.19477806912778908 -0.016615120981104826 -0.12195655930092017 -0.24118095000456724 0.9626433839969809
18096124.805499997 0.42056675524564513 0.06099028242531388 0.29411117381568624 -0.013104093210487052 -0.12169279311544726 -0.242379029561205 0.9624300249232981
18496275.273 0.5139215154641911 0.0050166207973938535 0.18625931307682592 -0.01145136445237753 -0.13754270091823115 -0.273082622645807 0.9520382097821414
18896052.523 0.5194207566137884 0.057026429488061255 0.044653335343987875 -0.005481531568300538 -0.12854606044872594 -0.2481021160049719 0.96015165634843
