1643091436139424.0 0.0 0.0 0.0 0.0 0.0 0.0 1.0
1643091436172758.0 0.0 0.0 0.0 0.0 0.0 0.0 1.0
1643091436206091.0 0.0 0.0 0.0 0.0 0.0 0.0 1.0
1643091436239424.0 -0.05636379661279838 0.016353838262504826 -0.0008819559364257149 0.010307843461430344 0.005415221378861184 -0.07539862550092455 0.9970854883174081
1643091436272758.0 0.011617762537908874 -0.012564416225261254 0.016876112403684928 -0.0005183640049236381 -0.0018381068909337557 -0.007489360682491085 0.9999701306231019
1643091436306091.0 -0.08870186923129032 -0.011445942457228584 -0.011311494666474433 -0.000641465462384193 0.011577245529730398 -0.0056256317384030426 0.9999169506391762
1643091436339424.0 -0.06364062306304104 0.02288725049147188 0.006242042139114582 0.007844274738945174 0.014608665013147606 -0.055504070088077284 0.9983207663191281
1643091436372758.0 -0.14276562469371906 0.02856146508758576 -0.0032766221855314043 0.011496105869777947 0.01599212015015563 -0.07943180372453025 0.9966457144843406
1643091436406091.0 -0.04933752587014427 0.007483168446923882 0.0006430816342565641 0.00409571116609215 0.0024038361955386945 -0.015057562394275558 0.9998753504994168
1643091436439424.0 0.026491700943389998 0.009251101523484144 0.0006203173031467037 0.0011337544714149774 -0.0022969166856954236 0.0030915496057701023 0.9999919405153087
1643091436472758.0 -0.08364090178893253 -0.022525901746430044 0.020312772778644263 -0.0019410142410820096 0.008259903905916108 0.012578194369482118 0.9998848911137643
1643091436506091.0 0.023841924848292173 0.013592389258147968 -0.01663383992979536 0.0028983644547029264 -0.001961320352069769 0.002764835987477296 0.9999900541445033
1643091436539424.0 -0.10690335050243273 -0.013997871256030206 -0.02727392380718244 -0.00024573132634561856 0.007697178132360674 -0.0004940752439334793 0.9999702240339796
1643091436572758.0 -0.007897235295641363 -0.0019850410127765566 -0.0035234898069892036 0.0001076483416583041 0.0012171326890104866 -0.00010708949695361323 0.9999992477655628
1643091436606091.0 -0.11400553588328725 -0.01423503591295632 -0.019971015287995768 0.0005494590358112799 0.00913097415304608 -0.0009551838175973535 0.9999577046203799
1643091436639424.0 -0.008324497828062554 0.0006304904197801806 -0.006845507750908292 0.0005616459624438717 0.0016102964860172553 -7.888107900811137e-05 0.9999985426373458
1643091436672758.0 -0.11630049556524283 -0.014922112912742471 -0.01710054650709052 0.00032891185791957683 0.009717877280718637 -0.000624748854858047 0.9999525310568572
1643091436706091.0 -0.009906273827407426 -0.001366039952161488 -0.004651977148745451 0.00020870160400936793 0.0019874281054605577 7.011393185947871e-05 0.999998000826603
1643091436739424.0 -0.11785240786671118 -0.01610865611114393 -0.015585981672671112 9.316462800952985e-06 0.009883866910576427 -0.0007860653229675706 0.9999508443865657
1643091436772758.0 -0.009349395557856735 2.3147573219478564e-05 -0.006637303372548842 0.0004097127081918401 0.0018224004801800848 4.908627207959415e-05 0.9999982542897385
1643091436806091.0 -0.11953918641935096 -0.016938931269830787 -0.01370552879160004 -0.00021893332568823345 0.010232391791999279 -0.0006938629267081237 0.9999473830060523
1643091436839424.0 -0.008494154437703247 -0.0005659535750685109 -0.008184580664900515 0.00032484149267287155 0.0016610598573611021 -0.00021041399186720806 0.9999985455409958
1643091436872758.0 -0.11350632791398386 -0.014130797347607485 -0.018973245847851122 0.00025841715668308034 0.009085201168458635 -0.0008776497817878159 0.99995831016656
1643091436906091.0 -0.011951091096895718 0.0002342633604331992 -0.007394083331278309 0.0004806577245447605 0.002164100967582171 8.245269586364724e-05 0.9999975394153262
1643091436939424.0 -0.1155920179936858 -0.011602611234921482 -0.015819445641608344 0.0006020823174380039 0.009598185493102282 -0.000745400632114603 0.9999534772728282
1643091436972758.0 -0.010610203813475076 0.0001590850364752304 -0.006547474637941907 0.0004396274746345035 0.0021297870164410275 5.3229647952873906e-05 0.9999976339479772
1643091437006091.0 -0.11653745170312996 -0.012409324753341739 -0.016441235195726368 0.0004453988691560811 0.009674732383977482 -0.0008936461083668351 0.9999527001662523
1643091437039424.0 -0.01113110985200778 -0.00021336873023663203 -0.006516359778651601 0.00033608007985804134 0.002125360679086387 4.781398769215645e-05 0.9999976838003107
1643091437072758.0 -0.11776158793917395 -0.010909463267644763 -0.017505157105644414 0.0007464602249606164 0.009720897362189744 -0.0008886181779218727 0.9999520775063875
1643091437106091.0 -0.01182839154914762 -0.0016359688752650965 -0.005980798334003879 0.0001643338998125663 0.0022465885074140603 5.5472885118138505e-05 0.999997461375381
1643091437139424.0 -0.12224814365872835 -0.018399457520610986 -0.00899245845477672 -0.0006293788281103023 0.010826110752809088 -0.000604260010718031 0.9999410152994516
1643091437172758.0 -0.01292300787284636 -0.0018533749473403146 -0.005660384927403364 0.0001348628526576461 0.0023985397171690324 5.012995299037019e-06 0.9999971143928896
1643091437206091.0 -0.11474662420910627 -0.015994332884419316 -0.01695605508734424 -8.093496256598012e-05 0.009172025333180834 -0.0010498466725830148 0.9999573817032321
1643091437239424.0 -0.010544206395551715 -0.0011716756260368513 -0.008217689979931771 0.00022124422074962962 0.001939935146514076 1.802391287883718e-06 0.99999809384787
1643091437272758.0 -0.11562919890779584 -0.013417741879447288 -0.015678790648852504 0.0002745596341704439 0.009523055584610097 -0.0007358243230218406 0.9999543462538204
1643091437306091.0 -0.008828524014023086 0.0006178366839079551 -0.008653248621678593 0.0005295565646807856 0.0017046860236987669 -1.3251877013038713e-05 0.9999984067186273
1643091437339424.0 -0.11268914060943656 -0.013340178497489452 -0.016810750269752903 0.00021039903216530775 0.008950922606003562 -0.0009361555294764326 0.9999594793438248
1643091437372758.0 -0.010575846467541396 0.00027571591201689066 -0.007186709540420457 0.000549860441928655 0.0019855351924612697 -3.459972777577902e-06 0.999997877643509
1643091437406091.0 -0.11462291985402553 -0.012562280717397201 -0.015095998999265994 0.00042931461341137636 0.009339183257688182 -0.0008153153719053587 0.9999559643333732
1643091437439424.0 -0.01080707463045934 -0.00047479079697680546 -0.007983811804362114 0.00045233278382289635 0.0020445456684609004 -5.065482015684634e-05 0.9999978063286696
1643091437472758.0 -0.11668833999841448 -0.015817699296675793 -0.013463910254483558 -1.7422038188019845e-05 0.009749291003620927 -0.0007380475314171713 0.9999522020112965
1643091437506091.0 -0.010151741709914066 -0.0004176997071288475 -0.007407301689352814 0.0004756886005002184 0.00198189524873953 -9.721692042458303e-05 0.9999979181780574
1643091437539424.0 -0.11205039259377404 -0.014828895620811643 -0.015214593393717602 7.847773274718978e-05 0.008946987656942415 -0.0008850632425709153 0.9999595801412018
1643091437572758.0 -0.009489312633997656 0.0008524348078229106 -0.00981711950084681 0.000727081043910011 0.001855738285174089 5.070491989457458e-05 0.9999980125068167
1643091437606091.0 -0.11649936066053997 -0.020154936503576058 -0.011134508743591936 -0.0008558989860317156 0.009653007257540164 -0.0008201056946510262 0.9999527060388712
1643091437639424.0 -0.011955927174959373 -0.0010503583872830769 -0.008310929129986634 0.00030092090646497257 0.0021710846527102944 -4.052983287240987e-05 0.9999975970947989
1643091437672758.0 -0.11600697100464581 -0.01884153020825223 -0.011106864141295336 -0.0006818245891485569 0.009639369232980328 -0.0005905718486366605 0.9999531333522145
1643091437706091.0 -0.011035488424293237 0.0012163044639645173 -0.008903591871594002 0.0007210602945699307 0.0020936736130764454 7.662154155111446e-05 0.9999975453629838
1643091437739424.0 -0.11708399644968924 -0.018293875064773667 -0.011240697917384754 -0.000556130439264206 0.009852723086852101 -0.0006375366885031449 0.9999511028613746
1643091437772758.0 -0.011665351680411834 -0.0011298051567238568 -0.008770068010829095 0.00040270366544168426 0.0021915605614306554 2.2256199774942247e-05 0.9999975171952804
1643091437806091.0 -0.11377976132738316 -0.015065008736103624 -0.0150720972721956 -7.322173292712979e-05 0.00913984474653729 -0.0009234123042205163 0.9999578017028036
1643091437839424.0 -0.009496299333118999 -0.0008790202908990332 -0.00836043321399593 0.0003534299310651955 0.0018064460028409898 -8.540175528416604e-05 0.9999983022718903
1643091437872758.0 -0.1173258578125872 -0.016937797851552867 -0.011484172109551372 -0.0003287236445024299 0.009904728079330046 -0.0008585488769215115 0.9999505243742142
1643091437906091.0 -0.012727108660130462 -0.00017950232166693653 -0.00737435223792606 0.00045381900120014827 0.002526031403270847 0.0003036493761075584 0.999996660499784
1643091437939424.0 -0.11464875693589663 -0.013565730109612982 -0.013016901137419908 -4.4040431052073753e-05 0.009466368297100444 -0.001057391939955709 0.9999546328979078
1643091437972758.0 -0.012755347542695278 0.0002523385217157299 -0.008275752822134417 0.0005873890316633694 0.002479828432821192 0.0003300540736942669 0.9999966982392381
1643091438006091.0 -0.11476082280403607 -0.017436407027773482 -0.010081853222476598 -0.0005107602274609758 0.009537756979339788 -0.0006789652000726455 0.9999541536100794
1643091438039424.0 -0.010687467947020694 -0.0005258797417299829 -0.007933139225339591 0.00041886424229619685 0.0022034182116876942 0.00035402035209848305 0.9999974220819378
1643091438072758.0 -0.11568336221421234 -0.012922435143470244 -0.014485670807473025 0.00021371337907549528 0.00947367936233779 -0.0008544724629688917 0.9999547357769457
1643091438106091.0 -0.01037525747624096 -0.0016894000448023415 -0.007399634441417329 0.00021472243392940766 0.002090586378220543 3.273406405130575e-05 0.9999977911332367
1643091438139424.0 -0.11773276950484365 -0.01844185380577295 -0.008852100322392942 -0.0007722058653170815 0.010062583527890422 -0.0007047802316847172 0.9999488243883639
1643091438172758.0 -0.012165696846629716 -0.0005372336857521502 -0.007667705999055849 0.00046379396538151805 0.002477709682172539 0.00035740293450695423 0.9999967590512636
1643091438206091.0 -0.11638896751980526 -0.01950487771340574 -0.01084853981792201 -0.0008136805784882965 0.009801342958577675 -0.0006445239146479546 0.9999514269148516
1643091438239424.0 -0.01377422201279471 -0.003144990516667492 -0.007115659193004873 0.00010214538356924975 0.0027329525004598522 0.0003103021320060674 0.9999962121175948
1643091438272758.0 -0.11945055280125023 -0.01683565931158849 -0.010427348530457639 -0.00040475523885992877 0.010324542677465388 -0.0007969849402377194 0.9999463009615581
1643091438306091.0 -0.01310081867189454 -0.00018791874878272782 -0.007494517236045677 0.0005277610958732709 0.002679590274792853 0.000245235985771957 0.9999962405546813
1643091438339424.0 -0.11887527386819377 -0.019618658424765192 -0.009044811763134791 -0.0008584149543167917 0.010258139128880761 -0.0007136809765797534 0.9999467607652132
1643091438372758.0 -0.013418624035587806 -0.0029899260172718783 -0.006817893411946968 0.0001416414885510763 0.002659830247392921 0.0003561538484045225 0.999996389191071
1643091438406091.0 -0.1173848453541331 -0.020387197723116993 -0.008395117782119432 -0.0008349206609378946 0.010086717877438619 -0.000466087005709123 0.9999486705790723
1643091438439424.0 -0.013977551060123113 -0.002746423721470373 -0.005791524558529686 0.0001264441540960853 0.0028869272265351145 0.0005559679248967045 0.9999956702719922
1643091438472758.0 -0.12015382254095747 -0.022528157717137832 -0.007588454493353739 -0.0012532126211685264 0.010496138230840547 -0.000676176156635174 0.9999439000894853
1643091438506091.0 -0.014245823259466505 -0.0021603995647727667 -0.005731141562322711 0.0002907530429303246 0.0029179486546205553 0.00040423895223696253 0.9999956188049959
1643091438539424.0 -0.121616875855264 -0.01703182963926904 -0.00982392516960766 -0.000377869077288472 0.010670739005133096 -0.000722382854964604 0.999942733713814
1643091438572758.0 -0.010962795368713685 -0.00023790826408657986 -0.008281814165963977 0.0005917576605834693 0.0023331860979629447 0.00027584607821810425 0.9999970649829151
1643091438606091.0 -0.1153784382945311 -0.02082556722478796 -0.011744563199442658 -0.0009483830759355177 0.009552975544188188 -0.0006160962198503294 0.9999537297561529
1643091438639424.0 -0.013728000480326534 -0.0030404117918083774 -0.006187834469089814 0.00010787015681932063 0.0027966990507190047 0.00046097702011182995 0.9999959771612262
1643091438672758.0 -0.11446076980491757 -0.017238381935121318 -0.01204012748141283 -0.00028177912949794407 0.009398967787170273 -0.0008664107287364558 0.9999554136747834
1643091438706091.0 -0.010829313022702593 0.0013350742648065015 -0.009680631670063052 0.000932908371188902 0.0022723865540184205 0.00015951375041898036 0.999996970243752
1643091438739424.0 -0.11699714344308934 -0.018904755375550773 -0.010852942394204214 -0.0006238590313897586 0.009788171842725114 -0.0009573386628357092 0.999951441818337
1643091438772758.0 -0.010587757898713085 -0.001295274183313204 -0.007420670512244233 0.00039956801955726357 0.0022233606003519294 6.061215919376366e-05 0.9999974466663425
1643091438806091.0 -0.11613891948819902 -0.02132218286266963 -0.010359924753077622 -0.0008959607773668161 0.009706130918273515 -0.0008560311274026704 0.9999521265978646
1643091438839424.0 -0.011649942206921927 -0.00023075565352844097 -0.009420411251586755 0.0006704980464376223 0.0023136047709711055 0.00016699751778316032 0.9999970848843324
1643091438872758.0 -0.11896686249399327 -0.019381636128358925 -0.011252729506960988 -0.0005030136557555674 0.01008618908962371 -0.000917252625105589 0.9999485858855606
1643091438906091.0 -0.013134515051136908 -0.0003967963720096618 -0.008463327457217054 0.000715297014353403 0.0026274678120543128 0.00021075442329883704 0.9999962701658697
1643091438939424.0 -0.12007900154678594 -0.01953935624899791 -0.008390523849275043 -0.0004918319421145583 0.010349234951970111 -0.0008137837175186195 0.9999459931382849
1643091438972758.0 -0.014399900074290298 -0.0016536173621374969 -0.007471529697016955 0.0006598104545424439 0.002781728929522437 0.0002054208025861466 0.9999958922098733
1643091439006091.0 -0.11611603856698567 -0.018215562275415965 -0.009821265613958352 -0.0004128909496008825 0.009707711608893055 -0.0007645785823172753 0.9999525015099336
1643091439039424.0 -0.01318687102698595 0.0015487811081567023 -0.007384215128479999 0.0008103342074523588 0.00253427232564827 0.0002970841534344334 0.9999964162752072
1643091439072758.0 -0.11627444950133638 -0.016155988439814778 -0.011299153518668498 3.329474135269426e-05 0.009563461999947821 -0.0009744187470022654 0.999953793729561
1643091439106091.0 -0.011010592412232215 0.002138995303147075 -0.010260236373384165 0.0018303836951932685 0.002413698760218243 -0.00034402681648972993 0.9999953526888876
1643091439139424.0 -0.10942641986995402 -0.0169784066333419 -0.01302338582119541 0.00038203320078250086 0.008841120658907709 -0.00129315444892119 0.9999600073941455
1643091439172758.0 -0.008882738601666471 0.004121979202067216 -0.0075916573371289054 0.0018845414217779973 0.002247170999948342 0.0002562333548390513 0.9999956665259078
1643091439206091.0 -0.11085131554398575 -0.01983236619995163 -0.005041801329050152 -0.0004337195278140621 0.009287307306851228 -0.0011378756857334054 0.9999561305623779
1643091439239424.0 -0.010775244079851958 0.0028076219794000673 -0.0011719568921553334 0.0018557303535022534 0.002607620977670748 -9.958551872565477e-06 0.9999948782261433
1643091439272758.0 -0.1123088071697528 -0.018982013293906412 0.0009574798102797049 -7.307385294008123e-05 0.009138553568161782 -0.0009650830439946242 0.9999577741652955
1643091439306091.0 -0.008909503188344494 0.0028111204976509247 0.006071306822681876 0.0016573232046767413 0.002264598732472658 -6.83253346056188e-05 0.999996060094251
1643091439339424.0 -0.11243227164044256 -0.015362582854926065 0.008896788821820155 0.00017135392216455434 0.00911630573912713 -0.0012718895955168075 0.9999576220542352
1643091439372758.0 -0.010347115150305121 0.008463448758030076 0.013652305328449596 0.002300299372600968 0.0013880743332187597 -0.00015448750363562723 0.9999963789964708
1643091439406091.0 -0.10964803590250763 -0.014800444353820564 0.017401950707143073 0.0002541287039572298 0.007340793428449561 -0.00069308397971637 0.9999727835321518
1643091439439424.0 -0.0070967856009327476 0.0028691879184421258 0.027023137795769793 0.001597700931052724 -0.00023430031461883972 0.0003640043659232874 0.999998629977021
1643091439472758.0 -0.10712509046332638 -0.01502174784283383 0.030792717624834688 0.00028923751451953957 0.005842142508746854 -0.0001464581475828956 0.999982881984776
1643091439506091.0 -0.0021773135902520275 0.003879979755051118 0.03683094736641542 0.0018843284860527159 -0.00158953324936028 0.0012548810282158084 0.9999961739745862
1643091439539424.0 -0.0934268542301607 -0.013155123530211697 0.0348031676324652 0.0013505491544128006 0.003943683735946513 0.0003880512513735166 0.9999912363574985
1643091439572758.0 0.006350662406371888 0.005575569753202892 0.050516041288236044 0.002743569629226709 -0.0006499686607071481 0.0013843956883991804 0.999995066895336
1643091439606091.0 -0.0973228469130486 -0.018151763286406192 0.0645721962076352 6.0271310027648904e-05 0.007407206420179921 0.0014333462558853952 0.9999715371843985
1643091439639424.0 0.006258859167694749 0.0021070271402977626 0.07240274086235722 0.0029095073813875817 0.002162744691078108 0.002756095662740015 0.9999896305656857
1643091439672758.0 -0.08243058078055983 -0.008019143135506893 0.07108786893109544 0.003832410456172988 0.009308568537252178 0.0017817675352057478 0.9999477428777632
1643091439706091.0 0.01811850304961932 0.008659521441781781 0.08608368674654242 0.0038312349293741573 0.0072683236841906895 0.0025724836229371736 0.9999629370320419
1643091439739424.0 -0.08331436819512125 -0.017555201370833252 0.09900196549099499 0.0008799395586023385 0.018474092749181614 0.0014217430968104642 0.9998279413229231
1643091439772758.0 0.011923779994337377 0.0008971636249451257 0.10965165983597296 0.0022645808883737105 0.01603273507347899 0.0033562571590309625 0.9998632699611213
1643091439806091.0 -0.08053462411369998 -0.02258609678766815 0.12599415743777023 0.0018289072593968816 0.023413123963845622 0.0026950535682493623 0.999720569664721
1643091439839424.0 0.021702427916353653 -0.00038731424117115427 0.13259019787521237 0.0044147502786241076 0.018018805090642947 0.003463565390414268 0.9998219023195426
1643091439872758.0 -0.07162689435130438 -0.02344510284411979 0.14961658389168073 0.0010323651915991733 0.02487371179849568 0.0022480272950589414 0.9996875407129756
1643091439906091.0 0.026771977660142814 0.0022049248453342124 0.15413996839276145 0.00269322179902841 0.019214249830968536 0.003334892389994767 0.9998062000470498
1643091439939424.0 -0.0698107582455567 -0.02013428163246799 0.17074614647554778 0.0018552666029995467 0.02448691522120064 0.002352141418334405 0.9996956618889219
1643091439972758.0 0.028300014422732344 0.0021207955146295763 0.17433110454058726 0.005316782397702054 0.016099595763702575 0.003370059813137477 0.9998505776054923
1643091440006091.0 -0.06734504152585714 -0.013388683721722508 0.1911815367282142 0.002812053136060328 0.019175973397245163 0.003017171399718351 0.9998076170334835
1643091440039424.0 0.0312980301865535 0.0029513187674330434 0.1985566040701538 0.0027830635914227026 0.008962864073086165 0.004524462590006865 0.9999457239585182
1643091440072758.0 -0.06374741588981897 -0.018273481026692406 0.20961652788527688 0.0016367487732702115 0.010771823526530127 0.0033277177470039505 0.9999351054773318
1643091440106091.0 0.03733717343386844 0.004614416149940598 0.2230865765126512 0.004777026111350141 0.0011554317566455057 0.0039420951084771245 0.9999801522456049
1643091440139424.0 -0.05835098488036813 -0.017818509008173073 0.23653049787204633 0.0020199115863663727 0.004738490908725424 0.003079243481023262 0.9999819922981993
1643091440172758.0 0.03742115781209007 0.0018640504529306781 0.2518514120880999 0.002961836484447858 -0.003045272291882702 0.004492912578225004 0.9999808836062178
1643091440206091.0 -0.055923480216115574 -0.01588670375511411 0.26683021776348204 0.0015486691123411292 0.0002908114104485443 0.003960837749256256 0.9999909143672396
1643091440239424.0 0.04730170974334166 0.007859208624924834 0.27968096701402945 0.004506627951960984 -0.008947593994756387 0.004704994204176039 0.9999387450717899
1643091440272758.0 -0.04965159709891002 -0.009279942641907398 0.29357702268088265 0.002812034636919292 -0.005238524255083199 0.00453341414159614 0.9999720488498918
1643091440306091.0 0.048022593271632934 0.008375908268456776 0.31102761388871436 0.004146445847979124 -0.01305357772708711 0.005381830539350567 0.9998917176351638
1643091440339424.0 -0.04303227657416621 -0.006150076721360018 0.32367630524299557 0.0040141985247873595 -0.009746540583261767 0.0048264201786397684 0.9999327961543824
1643091440372758.0 0.05321849911171112 0.006819483425775664 0.34320516828827985 0.004466781401476936 -0.01641675114418566 0.005422622925988962 0.9998405539416692
1643091440406091.0 -0.03624814775505644 -0.004516206527665529 0.35470477987013194 0.0031602202847700283 -0.01231690573592924 0.004436698916571499 0.9999093071591881
1643091440439424.0 0.05939601974624277 0.011999561738788128 0.3766909979199884 0.004203947051124091 -0.01823846741423897 0.00540883938620418 0.9998101967834022
1643091440472758.0 -0.03282915457962016 -0.006261779463797897 0.3945285159668013 0.0033547980724942935 -0.01335827587164754 0.004746430836993474 0.9998938809643448
1643091440506091.0 0.05656358518358747 0.001927716850358028 0.41714465873900586 0.003443957627247119 -0.018096330328625235 0.006476369917875341 0.9998093411331912
1643091440539424.0 -0.037129084800534284 -0.016898388275011025 0.43649895645744213 0.0006396619999107815 -0.012929918273945308 0.006367580404068035 0.9998959255671325
1643091440572758.0 0.06003764447703273 -0.0013994210881593664 0.45492743442373246 0.0013113379743843784 -0.019646857261621783 0.007354071123581071 0.9997790751112806
1643091440606091.0 -0.024789769745293608 -0.013899319361256192 0.46896355068023854 0.0006848231142778636 -0.01708542250419489 0.0062639548877935596 0.999834177363586
1643091440639424.0 0.07481109918721192 0.008086186023517586 0.4863494136746492 0.003194055317456608 -0.024285258630835676 0.006784036389761984 0.9996769483558801
1643091440672758.0 -0.015196887461984462 -0.004855562349575215 0.49658094771988365 0.002160899401210275 -0.020031467172487456 0.006229370051442755 0.9997776081636645
1643091440706091.0 0.08481355906626271 0.01538643761427206 0.513745296522226 0.0036116345524031287 -0.026556584227712114 0.006446892808293634 0.9996199985510168
1643091440739424.0 -0.004554140889735056 0.005639237144084874 0.5260737177057089 0.0031881891728028585 -0.022158654246001008 0.005587832360414103 0.9997337673707518
1643091440772758.0 0.08850767000278444 0.02329812483296229 0.545941421915988 0.005417136323995738 -0.027584098794723344 0.006412000763387747 0.9995842427599289
1643091440806091.0 -0.0033961219424531435 0.006434384760351156 0.5581645101863002 0.003960869385740785 -0.022748109636138842 0.006065671641829543 0.9997149807066137
1643091440839424.0 0.08803046643832337 0.014796935523030035 0.5790100805449913 0.0039865611026125665 -0.027997103618698303 0.006878157163032892 0.9995763905142916
1643091440872758.0 -0.007649166693230143 0.0027383565750553956 0.5922349773058653 0.0029978679125040823 -0.022741794774670143 0.006230671577819957 0.9997174612309697
1643091440906091.0 0.08864305650861952 0.017893921991759685 0.6147420240567208 0.004399349753048053 -0.028879899730661997 0.00717461654202543 0.999547458598526
1643091440939424.0 -0.0007223283499233693 0.009858785519909282 0.6269357477253072 0.003510110111077897 -0.02514894655826794 0.00577444093294257 0.9996608752201566
1643091440972758.0 0.10057596624964998 0.031501967039959215 0.6470164864579344 0.005669571757116466 -0.0323015615933181 0.006666373648074072 0.9994398553875607
1643091441006091.0 0.012940783723726996 0.023283649753837014 0.6592566000161919 0.005258594397233813 -0.028380164752768364 0.005720138707883089 0.9995670029801572
1643091441039424.0 0.10896618416047181 0.03420840859729175 0.6804878568978778 0.0067085955872484 -0.03382575307852859 0.0066795752765256185 0.9993829078226435
1643091441072758.0 0.012955802434338474 0.014474542562909516 0.6961442600961688 0.005245664626649221 -0.028476695219627382 0.005941566281899576 0.9995630338413435
1643091441106091.0 0.10573679300125434 0.010263964362036308 0.7239363353745926 0.0014544590462357877 -0.031204657615237694 0.006998865034914649 0.999487453538173
1643091441139424.0 0.015370760091972722 0.011299126578585316 0.7362190835377478 0.001979491306818971 -0.02605054427063528 0.005884817115420344 0.9996413455259281
1643091441172758.0 0.11179558612869649 0.03199325941542203 0.7600217621244949 0.005112012578986145 -0.02970773299422194 0.00710051117061231 0.9995203352953117
1643091441206091.0 0.019848623370556207 0.014496831270860709 0.7748273567622431 0.004651492099939662 -0.023910326773481816 0.006487084194505724 0.9996822383305022
1643091441239424.0 0.11462008360627003 0.006827370455832312 0.7982968966983868 0.0017773241040768722 -0.027657871128388346 0.008118862212933224 0.9995828966924364
1643091441272758.0 0.025011754949500434 0.008727778333121038 0.8133944206402869 0.002103014267150086 -0.022956276507461286 0.0067687770066767895 0.9997113435175871
1643091441306091.0 0.11770066732683553 0.021380482867600022 0.8428508183282066 0.002785226642947637 -0.02629633528844786 0.007523542433003399 0.9996219993438539
1643091441339424.0 0.030719131393788304 0.014402052606309794 0.8552198115301191 0.002782691004917331 -0.02116967679934156 0.0054643522857558986 0.9997570916323023
1643091441372758.0 0.12246151680740976 0.018105067854017744 0.8761382976399892 0.0017810038692892434 -0.024543875339985526 0.007190064740612155 0.9996713105703988
1643091441406091.0 0.039514359129615505 0.01624214958102802 0.8915759025961094 0.0025308204952187476 -0.02187011619476097 0.0068435518321249104 0.9997341940553848
1643091441439424.0 0.1303438292525313 0.028038271500190518 0.9191280469439601 0.0034383850814222634 -0.025803218435998254 0.0086461509065111 0.9996237369635027
1643091441472758.0 0.046181207503079566 0.025024909675086568 0.931541971128038 0.004023838568602088 -0.022478854802660233 0.006686866509913628 0.9997168577283337
1643091441506091.0 0.1362687220958063 0.03268603171717431 0.9563429363442625 0.0038509557376903126 -0.025562933420262574 0.008017930141716258 0.9996336425766692
1643091441539424.0 0.05306181056744712 0.025273052823157532 0.970985325428137 0.00412411088619399 -0.02308846232047743 0.006667043933151187 0.9997026883740323
1643091441572758.0 0.14178802341723282 0.03600879946470997 0.9957266661947658 0.0049828799136933735 -0.02619421764804372 0.007353164085245372 0.9996174092359076
1643091441606091.0 0.059513725032324424 0.0342811505505031 1.011092867302885 0.005166414733582444 -0.023532142802158533 0.006390766741178589 0.9996893039911947
1643091441639424.0 0.1492735522526892 0.041572492745121155 1.036600908397393 0.004296450489612872 -0.02721121332491565 0.008120358387800482 0.9995874899988644
1643091441672758.0 0.07092866155047246 0.027016457707920948 1.062378867239993 0.0019965166673940795 -0.024056454912175416 0.0036309915625235005 0.9997020140014364
1643091441706091.0 0.15411466589294248 0.025882641706338482 1.0942705825812808 0.00011345853336229645 -0.028047936236328494 0.006734410363803634 0.9995838874837348
1643091441739424.0 0.07530565470724848 0.00826582634845955 1.1182774051639919 -0.003018387214966214 -0.026288369700922482 0.004190194030546921 0.9996410621973641
1643091441772758.0 0.157097125361974 0.017866435695106275 1.1408798304912942 -0.0037352671087508235 -0.03020954041152219 0.008151565036929657 0.9995033683961249
1643091441806091.0 0.06962595176649596 0.007281049735304111 1.161421608093807 -0.004208015938284211 -0.02799909899434697 0.006177346564398335 0.9995800035248761
1643091441839424.0 0.15883265376542718 0.016894267794866028 1.1850217640124343 -0.004228016224998826 -0.03379552947962934 0.008520602804548196 0.9993835026624363
1643091441872758.0 0.08225278743930715 0.010736746320041402 1.201739806705785 -0.004477140881062108 -0.034575958677676495 0.005196277250884422 0.9993785353877592
1643091441906091.0 0.16740381444882488 0.01723845549511341 1.223637877171953 -0.0052204692652335506 -0.041568684495569344 0.008481139443257044 0.9990860130357659
1643091441939424.0 0.08156790279654309 0.01445985494152459 1.2404825076072317 -0.0036185810793493696 -0.04140040757786547 0.007067565881484872 0.9991110857336484
1643091441972758.0 0.16540687912743654 0.024449979865563923 1.2629121429348877 -0.0036487013366181204 -0.04858972997844354 0.009675224925720574 0.9987652953230879
1643091442006091.0 0.07285500472877898 0.011465798469759269 1.2770154524726232 -0.006356022043776499 -0.047257828870473556 0.00816872290610128 0.9988290997764889
1643091442039424.0 0.15323257287582032 0.01630847812614777 1.3024911407285995 -0.0075003083672427456 -0.05413059696167411 0.01157260156055452 0.9984386304325819
1643091442072758.0 0.05987817744046301 0.005162981950696432 1.3150034678596216 -0.006889166893853455 -0.054562315460892505 0.01021873125056764 0.9984343096281714
1643091442106091.0 0.15884112701846556 0.016750056658249916 1.3407034843114705 -0.007542898662491925 -0.06632086592357567 0.011738275668929361 0.9977007869633233
1643091442139424.0 0.07875028407820577 0.010537752616045037 1.35291683616219 -0.008997188039811891 -0.0697367373387836 0.010043275460424675 0.9974742957544037
1643091442172758.0 0.16767058788012154 0.015179370939435879 1.3850877298123936 -0.009199233241443443 -0.07978222386678431 0.012287284800765545 0.996694132367029
1643091442206091.0 0.07665781832977296 0.009428965130537929 1.394270815026588 -0.008248550559201226 -0.08109542745192116 0.011226826321875475 0.9966089761941747
1643091442239424.0 0.1582458548293222 0.014217114243122006 1.4206528038291089 -0.010831875207866028 -0.08971150857910849 0.013720128389713458 0.9958143771732317
1643091442272758.0 0.06309515583369144 -0.0002314579161524007 1.4302513167218414 -0.013405596555180638 -0.08960397043643566 0.013304748887599752 0.9957983742304783
1643091442306091.0 0.14375589738683914 0.01118071894218929 1.4562703029072461 -0.01208455748149431 -0.09802181098384642 0.014273329765442114 0.9950085226264801
1643091442339424.0 0.048004208952288595 -0.006398908124288776 1.463327127216038 -0.013397952287391976 -0.09790091544533672 0.015785249871998783 0.9949807694201674
1643091442372758.0 0.12242564853560588 0.004475532325857984 1.4906851931863303 -0.015494925440013555 -0.10468216969060604 0.016449537490022877 0.9942489443549035
1643091442406091.0 0.030255386183742534 -0.007602315904050494 1.4973763660390627 -0.01776910224253095 -0.10657521637715898 0.01752801864634367 0.9939913233132318
1643091442439424.0 0.11493116825893657 0.006748579727902419 1.527433204658288 -0.016625952277472197 -0.11648369314350636 0.01823061307771289 0.9928860819295068
1643091442472758.0 0.016977855380474322 -0.010890852510978542 1.531767213459053 -0.018512710213332693 -0.11639131530857619 0.019204162553333834 0.9928451749502145
1643091442506091.0 0.08768126951632411 0.00034873085476399776 1.5622769574654012 -0.020128831081313612 -0.12257396916562092 0.01915657995130725 0.9920702987625698
1643091442539424.0 -0.009976264163376745 -0.007815837443215503 1.5542919414585126 -0.02154470214739595 -0.1226179439535835 0.02152630990392741 0.9919865339871786
1643091442572758.0 0.07410189251099594 0.001368374641941018 1.5913012365257804 -0.020656483766848057 -0.133424852843093 0.02139295345088621 0.9906126689402054
1643091442606091.0 -0.021259219840457685 -0.007977126888813546 1.5880542580169834 -0.02153591130179463 -0.13414525943988984 0.02348606178199013 0.9904492207055233
1643091442639424.0 0.05651809994931622 -0.0013967969949801118 1.629230498146662 -0.023590018307117613 -0.14320809565555476 0.022640456162144915 0.9891523452531209
1643091442672758.0 -0.04465528882678276 -0.010021340453708017 1.6200265508577911 -0.025777064842567875 -0.14172152666360885 0.025392615463103337 0.989245048958134
1643091442706091.0 0.04393354660512914 0.0025134358972604643 1.666794065702285 -0.023930559694826915 -0.15343439748570953 0.023268982865440126 0.9875949414700833
1643091442739424.0 -0.04070167911526779 -0.005472952187188806 1.6715177586794367 -0.023372285558798556 -0.1578257195387928 0.0240505673884139 0.9868973344416915
1643091442772758.0 0.040220364178087234 0.00391113172302079 1.7140958253693808 -0.023684816160912933 -0.1675138439969923 0.02307163940499614 0.985315097320619
1643091442806091.0 -0.04558954744369526 -0.0034032841909486565 1.7125719881307941 -0.023776618351935383 -0.17104527403082712 0.02410891716292716 0.9846811396409991
1643091442839424.0 0.036638278780912165 -0.003607295372706847 1.761610563442934 -0.027376830112584665 -0.18115221288163436 0.025295843705144264 0.9827484445331462
1643091442872758.0 -0.059141099049279264 -0.012126875665850486 1.7537649980866028 -0.027836287869200158 -0.18223647687169067 0.028645650688367316 0.982443094673527
1643091442906091.0 0.024420473484344972 -0.003183729020131092 1.8013280253025732 -0.029497497283195687 -0.19180247073580212 0.025279341100991063 0.9806643996735934
1643091442939424.0 -0.06987442484927443 -0.010569277410657938 1.7911337821261306 -0.02906774289698867 -0.19363518842856361 0.028680636670361075 0.9802233935207281
1643091442972758.0 0.0138160483302341 5.717235812237037e-05 1.8391773771374587 -0.02747813036872896 -0.2048060717596294 0.027732474048880393 0.9780236884682072
1643091443006091.0 -0.08025959917007444 -0.004321985458215778 1.8306737895270722 -0.027179298669060936 -0.20667807237683872 0.030982525395097854 0.9775405583619506
1643091443039424.0 -0.0007255640172620317 0.00468001510111328 1.8808540854758664 -0.029526402866009105 -0.21727573145167123 0.028892316679178572 0.9752357059156752
1643091443072758.0 -0.09339602084811395 -0.0007403189773884415 1.8708453779108727 -0.031250222171790944 -0.21982469555925763 0.03193394024162813 0.9745156490776007
1643091443106091.0 -0.01441534974491054 0.003458129873902799 1.9252760656024634 -0.03155831842357977 -0.231663602946519 0.031031058567006078 0.9717886195116325
1643091443139424.0 -0.10648599022507367 0.000127721385910592 1.906373090599694 -0.028090565301503733 -0.23450851222324565 0.0350317390998043 0.9710764414254549
1643091443172758.0 -0.030423814173961648 0.010649943988347574 1.9613314088866296 -0.02865888133091216 -0.2465697696731985 0.033300451946018286 0.9681286573097386
1643091443206091.0 -0.12106928912705099 0.008981339976599499 1.9437698027663244 -0.029616791799455085 -0.2501307749162591 0.03579296566884451 0.9670968434918648
1643091443239424.0 -0.04937047407184869 0.012897026038283861 2.0020494953353913 -0.03231992350606945 -0.2626433060486374 0.035678415602314745 0.9636913235017279
1643091443272758.0 -0.1405910524254411 0.006125885327787521 1.9765764226590028 -0.03133336413119761 -0.2647516847429546 0.039618483052299376 0.9629928044999213
1643091443306091.0 -0.07331451143294551 0.014774875666425465 2.0312125969031807 -0.0315068466585036 -0.2760877804553757 0.03974993630382395 0.9597931020072522
1643091443339424.0 -0.1593488278720115 0.012819770877700955 2.0105816371253686 -0.02961101139785465 -0.2807741224216667 0.03985556233616901 0.9584887137223926
1643091443372758.0 -0.09387008032879506 0.022576341538571385 2.069800088845371 -0.031162165405136475 -0.29344343168723636 0.0399041170083857 0.9546347643432342
1643091443406091.0 -0.18173939729747624 0.014748801964004157 2.040686407626887 -0.030509787261512104 -0.2968995798564935 0.04262464872751027 0.9534688939253086
1643091443439424.0 -0.11403624097519517 0.02547302897148605 2.1016881355501296 -0.030288186733400106 -0.3098550520272734 0.04165673425279709 0.9493877969349354
1643091443472758.0 -0.19971135429682385 0.019852360404409415 2.0739908488441 -0.029049950832229256 -0.3143460969861906 0.04198362037036883 0.9479346007435272
1643091443506091.0 -0.1377052522265046 0.03005955629949012 2.1399608756411275 -0.030003315384629338 -0.3280343042633555 0.0424495764691161 0.9432345041133617
1643091443539424.0 -0.22412655288414632 0.02134823438622446 2.1052274281295724 -0.02955314174425024 -0.3312875245421456 0.044729706147047375 0.9420055420663831
1643091443572758.0 -0.16027086053689643 0.03701202738036317 2.174075780083268 -0.02783020207194295 -0.34482061257729213 0.04304354036509461 0.9372680932514955
1643091443606091.0 -0.2468514185653853 0.03011560736708253 2.1425830738124674 -0.026821529769094125 -0.349227499802444 0.04568106064351387 0.9355394163909199
1643091443639424.0 -0.18631550817258813 0.03950717052071342 2.2156393044041716 -0.02860470813171271 -0.36194258469070606 0.043099721878668486 0.9307640678679491
1643091443672758.0 -0.2723269355028018 0.027849279129351902 2.176558457576699 -0.029858709735723618 -0.36270955178330005 0.043992634354092536 0.9303842682572951
1643091443706091.0 -0.23066802057387506 0.024465289954838786 2.2434443647106126 -0.0343353910647415 -0.37046441821040266 0.04734288860375207 0.9270036929047865
1643091443739424.0 -0.31813013281839375 0.00972484333701638 2.207501157934802 -0.03400525927594963 -0.37342379604627257 0.048391606213301526 0.9257734946173736
1643091443772758.0 -0.2612716388660173 0.029244438472949892 2.2760502007183914 -0.03471661998087461 -0.3857714650107431 0.048741840428911026 0.9206515986366238
1643091443806091.0 -0.3416215197835174 0.01871329681679624 2.234161754326135 -0.035289819499410895 -0.3889499633159278 0.04823557358394351 0.9193181626168742
1643091443839424.0 -0.29257784935758974 0.032800117212059714 2.30596239881627 -0.03404691445984353 -0.399898895902612 0.04891176862939986 0.9146197677511568
1643091443872758.0 -0.3712659557253571 0.021130256078983126 2.263592372409802 -0.031677680119257985 -0.4032082800086311 0.04874838456211342 0.9132596577739146
1643091443906091.0 -0.32420316043922887 0.036560302700776336 2.3376390758454333 -0.03341353379544176 -0.41414473929207357 0.05024232060427667 0.9082088856074346
1643091443939424.0 -0.40103886294257446 0.02523954150078715 2.2938475450438793 -0.03310626277411993 -0.4177615613211474 0.050255549539917094 0.9065614336536102
1643091443972758.0 -0.35982103021207285 0.04190336129114678 2.3681084670239283 -0.033650311802470544 -0.4270978703514052 0.050786045908660586 0.9021506765490199
1643091444006091.0 -0.43590579668566515 0.03057429988391556 2.3219847729669625 -0.03172489763724225 -0.4302677257293063 0.05035582219173195 0.9007372015394011
1643091444039424.0 -0.3932996912402603 0.045166846369256636 2.3967635628407877 -0.032624226111328695 -0.44117335040656525 0.05265466806435662 0.8952816432233576
1643091444072758.0 -0.4643962092180042 0.03138690964932123 2.340923015637111 -0.032243378017614684 -0.44319034936620116 0.053601783285486 0.8942424322471471
1643091444106091.0 -0.4272824421230736 0.04979423243005751 2.4207638680820005 -0.03245800413897281 -0.45320928179887365 0.05414505869979836 0.8891659785872709
1643091444139424.0 -0.4981563816621817 0.03781777826034571 2.367412176753569 -0.031030757467823546 -0.4556883310542016 0.053790911717672044 0.8879705934593729
1643091444172758.0 -0.46543651243910245 0.05375675441377751 2.449502787785312 -0.03182821034622393 -0.4656311841822931 0.055121697999839084 0.8826869001819198
1643091444206091.0 -0.5383520217266573 0.0389813265211032 2.397267681414552 -0.030875142331236755 -0.4682491543310311 0.05468593039622333 0.8813619597367471
1643091444239424.0 -0.5038821856773099 0.05562848266377392 2.478284683658707 -0.03155951444087129 -0.4788484571804763 0.05657568742186509 0.8755040512167134
1643091444272758.0 -0.5698429199548609 0.044800020280027636 2.4183920092150752 -0.02964244145044669 -0.4815414729922622 0.05620338142732879 0.8741168774079549
1643091444306091.0 -0.5418154337950435 0.06260945919477234 2.499326355684118 -0.030896629938126603 -0.49151853574666154 0.05840437186170501 0.8683569868569977
1643091444339424.0 -0.60540571789054 0.04684328223905019 2.440812815185758 -0.029593273653449444 -0.4946504377150475 0.05749570016643781 0.8666830026515779
1643091444372758.0 -0.58220473419081 0.0643168429734984 2.524496512016792 -0.030458531306269482 -0.5047439948724108 0.05925617757701561 0.8606941866481184
1643091444406091.0 -0.645145363963743 0.0508130466551879 2.462435846630183 -0.028736488942617253 -0.5078284648563016 0.05915491025503747 0.8589442130183201
1643091444439424.0 -0.6227564120960218 0.0687659884133041 2.546878948301565 -0.029785091235026883 -0.518039642367767 0.06074539254338908 0.8526768289101956
1643091444472758.0 -0.6850674092835134 0.052819487918679575 2.482263531312548 -0.02855474133430366 -0.5203554839810216 0.060246076312113005 0.8513431783524215
1643091444506091.0 -0.6648134737929366 0.07010215307066547 2.5675597575610234 -0.029304892858237085 -0.5306128452214288 0.06205886246107728 0.8448313022909512
1643091444539424.0 -0.7275420158291089 0.0569129114124778 2.5027828327962722 -0.027745283503574886 -0.5330064629593225 0.0612449201468012 0.843435456595886
1643091444572758.0 -0.7074781494439055 0.07305069897443016 2.586661569949415 -0.02844080272957758 -0.5431291461183297 0.06298960508521685 0.8367999528131438
1643091444606091.0 -0.7706713758202587 0.05758448583369216 2.520130211236434 -0.027952931365658507 -0.5452974846816961 0.06202936698547202 0.8354768964245893
1643091444639424.0 -0.7522586605106578 0.07664141007043958 2.60306597132458 -0.029013033935325984 -0.554862652167535 0.06397312537425655 0.8289711215243425
1643091444672758.0 -0.815519167986817 0.06085511685475813 2.535115254658988 -0.028096324219347456 -0.5567125245556683 0.06355678014663918 0.8277936320518585
1643091444706091.0 -0.7989891824039811 0.07583350269093561 2.6166682360889832 -0.02824411233189461 -0.564431079828625 0.06495036729092989 0.8224361835612835
1643091444739424.0 -0.8618662971701232 0.062002967629883984 2.550731722319061 -0.026034875860230358 -0.5662291000922112 0.06373012031673311 0.8213679219522283
1643091444772758.0 -0.847148248347433 0.07756605838433496 2.633189863312936 -0.02625720876340088 -0.5743766099785416 0.06517593108560892 0.8155698418312421
1643091444806091.0 -0.9119057483350232 0.06474618375652207 2.5641983235081156 -0.02604004817863138 -0.5750410600579705 0.06403666341168948 0.8151987493104723
1643091444839424.0 -0.8971542753772326 0.08213677353339055 2.647733579127626 -0.02691928962768662 -0.5830326509332767 0.06593986242024959 0.8093208352289315
1643091444872758.0 -0.9599616808052623 0.0682752546373695 2.575038331499458 -0.025569803291112345 -0.5832606738467824 0.06589649747110501 0.8092038205078446
1643091444906091.0 -0.9470768695463248 0.08135695872692576 2.6576707439740606 -0.0276939221323084 -0.5909534329505847 0.06730407429068044 0.8034159871104901
1643091444939424.0 -1.0075501097301611 0.06791788262100294 2.5836972353326138 -0.027211433938982555 -0.590428687671454 0.0672583277474997 0.8038220076522906
1643091444972758.0 -0.9976668923199234 0.08571069097270624 2.6692113935363357 -0.025291671093626306 -0.5977814501459602 0.06934409500979738 0.79825376023039
1643091445006091.0 -1.0589033755952966 0.06841137461454723 2.5972678600943455 -0.024488016013296858 -0.5973750033306747 0.06735058480614249 0.7987536173274455
1643091445039424.0 -1.051426393628965 0.08352870152773748 2.6821132097983926 -0.026474783923467 -0.604120041662136 0.06711127898316648 0.7936209027688146
1643091445072757.0 -1.1112488087346761 0.07216510954973493 2.6070705416098714 -0.025183578901312013 -0.6031742752184684 0.0667769808819736 0.7944101056083598
1643091445106091.0 -1.1031268866188362 0.08842486274468704 2.693219013950286 -0.024913147604589878 -0.6099143143963531 0.06881649111081109 0.7890805755574358
1643091445139424.0 -1.16358400368281 0.07329195863365844 2.619780466008183 -0.024232419429525413 -0.6095748856257757 0.06688220360088994 0.7895302524314083
1643091445172758.0 -1.158304160929966 0.08901570989828225 2.705570534113497 -0.02506548606504849 -0.6161252227754612 0.06874274385286554 0.7842422243387502
1643091445206091.0 -1.2210312697615961 0.07544276973110065 2.6292705884023904 -0.024451151288311216 -0.6139831511587358 0.06795361151804465 0.7860083574463569
1643091445239424.0 -1.214284555791359 0.09065419625432385 2.7147023803943124 -0.024904092643824337 -0.6194693165149553 0.06860772435215831 0.781620452793618
1643091445272758.0 -1.2740264178546268 0.0776922635151223 2.64162913593567 -0.023669640262246716 -0.6178252022931456 0.06786403230723177 0.7830237803925832
1643091445306091.0 -1.2649655325470799 0.09318427324620006 2.7271278297236035 -0.02365854221595973 -0.6232609929336604 0.06938126376065495 0.7785706443904353
1643091445339424.0 -1.3236509936553575 0.07782678908856737 2.6526134807245856 -0.023345610785749843 -0.6214193527745705 0.06899547485457383 0.7800849921026978
1643091445372758.0 -1.3156606602303393 0.09335216102603996 2.738398812538962 -0.023398095024106738 -0.6271564512941862 0.06997140885461775 0.7753910733895676
1643091445406091.0 -1.374915710256429 0.07898022584299566 2.663045146510208 -0.023180746160908833 -0.6250402252828766 0.06890398395747807 0.7771998525350747
1643091445439424.0 -1.3674827136360177 0.09776514409875724 2.749860316233426 -0.02361128477383517 -0.6302011625128658 0.06999653272877254 0.7729097537259517
1643091445472758.0 -1.4225912683637274 0.07889630502598158 2.6730673111200383 -0.022900179740263833 -0.6282492854169291 0.070091321061663 0.7745099249543627
1643091445506091.0 -1.4196741918500693 0.09724990013826249 2.7625740261746783 -0.02305406568079194 -0.6335593410678688 0.07133402993030011 0.7700535874698179
1643091445539424.0 -1.4770438020993422 0.07882175143849937 2.685818563027613 -0.023119553275160028 -0.6315971500838334 0.07047661069475301 0.7717406129052149
1643091445572757.0 -1.477114824332943 0.09801320190560865 2.7742712897109962 -0.02378889790091558 -0.6372030073233828 0.07117158934510741 0.767033911026617
1643091445606091.0 -1.5315570766845699 0.08097146557655154 2.697279363408421 -0.02288968940036186 -0.6354072130601669 0.07032282811958451 0.7686276312724711
1643091445639424.0 -1.532441667269402 0.10201459275061009 2.7866236285456014 -0.022878115536496792 -0.6409897509387497 0.07114785009327532 0.7639022937837556
1643091445672758.0 -1.583186115344017 0.08320280725666071 2.708550578157731 -0.02336620968624765 -0.6383032923216654 0.06899165277699042 0.7663309201013098
1643091445706091.0 -1.5836661929075586 0.10616947818852386 2.798814732597805 -0.021661055871389022 -0.6435572179389973 0.07099199644754405 0.7617906814457278
1643091445739424.0 -1.6383623121650488 0.08455790269789572 2.720351294495947 -0.01985612836975074 -0.6414707848602336 0.0725753272532248 0.7634486153049512
1643091445772758.0 -1.6416058416740391 0.10209431611579221 2.809415464706876 -0.021650764053137372 -0.6463844162865564 0.07307012694717957 0.7591964089389031
1643091445806091.0 -1.7123711770285313 0.09222827819959357 2.758385762490464 -0.022191077994855427 -0.65000874343657 0.06894449596094215 0.7564673462814698
1643091445839424.0 -1.7101461282140553 0.1011899712966694 2.814939470139289 -0.022612224657441848 -0.6537964394933591 0.06972654343273416 0.7531116199759308
1643091445872758.0 -1.759916746780908 0.09944641389110986 2.742719353437978 -0.019532361114151783 -0.652753122020894 0.06969963960976801 0.7541046404840317
1643091445906091.0 -1.7614042315365313 0.10251605078516231 2.822530032125296 -0.020245001662486453 -0.6577852543952122 0.07184073876565424 0.7494982369969371
1643091445939424.0 -1.8240104457299693 0.09165965894504557 2.764769416469053 -0.019521318177547303 -0.6569783872992386 0.07115177155537765 0.7502904385388594
1643091445972758.0 -1.8213208102856833 0.1019727207588706 2.8344135796914394 -0.02093559173022872 -0.6612103767100398 0.07115151773447034 0.7465252844036522
1643091446006091.0 -1.8777110211135852 0.09988571508348285 2.7667722469515494 -0.019131189810381175 -0.660038822239084 0.06997250654763709 0.7477209366074504
1643091446039424.0 -1.8747986128877687 0.10688325188810652 2.8381480946380293 -0.018674009768465314 -0.6639922006258361 0.07242526092666007 0.7439893953860711
1643091446072757.0 -1.935815531274443 0.09425909229318781 2.773158276737639 -0.018429659205056854 -0.6623918557388498 0.0713480564054485 0.7455245347804412
1643091446106091.0 -1.9373579277809838 0.10303447746000402 2.8493672127669787 -0.02094018863781145 -0.6664950011272659 0.07217966013532413 0.7417115467854926
1643091446139424.0 -1.9930518156801706 0.09908207260433663 2.779169517608748 -0.019647227341132553 -0.6647792374432546 0.07176819503337534 0.7433248805897876
1643091446172758.0 -1.9962814160433346 0.10686796605772436 2.8543185187654614 -0.02010632010579215 -0.6686081824421087 0.07299927818450651 0.7397499169637022
1643091446206091.0 -2.0548078293980616 0.10080204211011717 2.7871473878316633 -0.018528100368143927 -0.6669047828458409 0.07217735163834782 0.7414075465117442
1643091446239424.0 -2.0628398641015946 0.10785251449576677 2.866316733817329 -0.018941259655997085 -0.6710592753496109 0.073401762886251 0.7375180396811252
1643091446272758.0 -2.1195428841247743 0.09857065036925856 2.798439875713617 -0.018447587952515065 -0.6695156879149823 0.07244912833895763 0.7390260847476139
1643091446306091.0 -2.1266288969164577 0.10470040508463498 2.871632846339735 -0.01999861057588292 -0.6731135641564294 0.0740331414980175 0.7355523633865891
1643091446339424.0 -2.175846208588328 0.10005570210207908 2.7969532430756434 -0.018554062274600814 -0.6708473381614645 0.07260803249362592 0.7377992066085409
1643091446372758.0 -2.1807870145279797 0.10713373821537077 2.8805840600493133 -0.019859826099204763 -0.6754139614247447 0.07401103434025176 0.7334466134734886
1643091446406091.0 -2.2339926494280244 0.09917596293964129 2.799231393247258 -0.02016938688799696 -0.6706727334844578 0.07165949390458307 0.7380082637249984
1643091446439424.0 -2.2318155986540456 0.1190308923615578 2.879735905198531 -0.01876172008658433 -0.6739617114147066 0.07387694490349585 0.7348236566810287
1643091446472758.0 -2.2754260124682353 0.09832763074616661 2.8029749700041613 -0.016545051049742646 -0.6708053427885149 0.07660322580932019 0.7374811178381115
1643091446506091.0 -2.2869319719333907 0.10419072453801669 2.8795676277322007 -0.018933875959236988 -0.6720506387882962 0.07855260145063164 0.7360835116009198
1643091446539424.0 -2.3413155503928986 0.09348821510874016 2.809986659160592 -0.018839410140613667 -0.6679466255261324 0.07297716570337921 0.7403828167642116
1643091446572757.0 -2.3405198624456394 0.11723717892458561 2.8887656646773308 -0.018540977049037906 -0.6698880160515353 0.07308745684193302 0.7386233829042942
1643091446606091.0 -2.3869321065702547 0.1003568334481063 2.815492577167733 -0.01569443683383701 -0.6653359611957854 0.07396195325542743 0.7427054415195777
1643091446639424.0 -2.3990016551704434 0.1067317606077895 2.905372340741101 -0.01683427710981135 -0.6674524500739388 0.07619953007287211 0.740552135653635
1643091446672758.0 -2.4499234187403167 0.09686164420336825 2.8331129235780237 -0.017099221852959444 -0.6646876795684291 0.07434403185675262 0.7432165701659528
1643091446706091.0 -2.4595194048222377 0.1138471700009764 2.908440531970464 -0.0188864068081127 -0.6664096896813267 0.07587744641489597 0.741474235737339
1643091446739424.0 -2.508202022293402 0.09915465275810824 2.8409908570331845 -0.01707799473612283 -0.6630936352074449 0.07441719239275453 0.7446322948405804
1643091446772758.0 -2.5167615049605656 0.11232438513711322 2.9308528348479888 -0.01636830039480097 -0.6662139100812913 0.07593392492725672 0.7417042158445134
1643091446806091.0 -2.5654367064001677 0.09873193374670494 2.8567044685500114 -0.01584867635612796 -0.6628849897371308 0.07463369475092137 0.7448235505452206
1643091446839424.0 -2.5790940920543735 0.10855380799581457 2.9435702294160992 -0.018141455914456348 -0.6662646389848961 0.07584944177493372 0.7416260382416875
1643091446872758.0 -2.6253421334378357 0.09954202760746302 2.868099423918752 -0.01712166572962947 -0.6630473759605675 0.07555708188001305 0.7445576896199688
1643091446906091.0 -2.637914837153163 0.11258799916898068 2.952574979319215 -0.018018268428761395 -0.6661143424698985 0.07682626391943642 0.7416635018193257
1643091446939424.0 -2.682507054117614 0.10126237313358132 2.8782127100176305 -0.01725013240180581 -0.6632267665923073 0.07481103025396404 0.7444702806425343
1643091446972758.0 -2.6959069208822486 0.11933146460744286 2.9621025589198346 -0.017613257304649754 -0.666277096906944 0.07644474264008799 0.7415664532778338
1643091447006091.0 -2.7405084698803144 0.1033505296766523 2.8891188259856495 -0.016645160117249907 -0.663714105194025 0.07558690652461994 0.7439711988868953
1643091447039424.0 -2.758365304100787 0.11678339004172136 2.9723762722823386 -0.017225230932900785 -0.6666016366014909 0.0775457332464887 0.7411694871989718
1643091447072757.0 -2.800334610169873 0.10135761327455241 2.8986417066275725 -0.016543295365342207 -0.6638896370037838 0.07531267583736512 0.7438446545587697
1643091447106091.0 -2.8133486602621613 0.11527179509395208 2.9851715572499207 -0.017950059562448193 -0.666962730368759 0.07670673246916493 0.7409146974211394
1643091447139424.0 -2.852120319911102 0.10435767137241281 2.9083048806643927 -0.01574020999140572 -0.6647275089874902 0.07554480723215848 0.7430898779319823
1643091447172758.0 -2.870686352059954 0.11434252309351273 2.998781300765837 -0.01598648279759986 -0.6692553178567605 0.07751416366003604 0.7388053236951487
1643091447206091.0 -2.9109997964361414 0.10313793495192394 2.9174096330780968 -0.015825292558649135 -0.6668835725534576 0.07729663156710333 0.7409730707132006
1643091447239424.0 -2.9259073382210485 0.12084167045502653 2.9932657649865027 -0.01741233465275074 -0.6694726439027874 0.07883511156938346 0.7384363309396382
1643091447272758.0 -2.9698133766695554 0.10904781672653907 2.9209470159291406 -0.015852293541978205 -0.6672482636857344 0.0762333289038464 0.7407543040455922
1643091447306091.0 -2.9917901451134936 0.1296670470877162 3.006699970318707 -0.01465528152055506 -0.670690780689524 0.07721796415728946 0.7375611740276419
1643091447339424.0 -3.0372566096448996 0.11105091619479211 2.930715010074039 -0.01408935492668174 -0.6679003397716141 0.0772752223823274 0.7400940252538689
1643091447372758.0 -3.063681785357909 0.11579094764521289 3.0198570151467767 -0.016535626060909248 -0.6710172047347703 0.07907601755856807 0.7370274536730542
1643091447406091.0 -3.0999408891482694 0.10487581782399472 2.9446234743658715 -0.015647256013839 -0.6685354415101119 0.07723229531999015 0.7394935424895359
1643091447439424.0 -3.12298895612317 0.12375617035543143 3.031830850253487 -0.015985616098652827 -0.6715715777812794 0.07881134791914562 0.7365628604766037
1643091447472758.0 -3.16404558865696 0.10854561127373696 2.9549782622107372 -0.015431446589368809 -0.6687965862909881 0.07724313206185802 0.7392607761615347
1643091447506091.0 -3.1809661000267404 0.12604176632640401 3.0392133027711523 -0.015933592581860053 -0.6716278686381681 0.07957305364306774 0.7364307542667567
1643091447539424.0 -3.2218794374456245 0.10863897411668996 2.9676430288126534 -0.01431226595090185 -0.6691421408456845 0.07721662284381768 0.738973306381496
1643091447572757.0 -3.2420568978924647 0.12870048515584281 3.0487454267353016 -0.015772675046660183 -0.6715191524142546 0.07968287108533217 0.7365214801472608
1643091447606091.0 -3.288249962102338 0.11386058246468463 2.97770411564719 -0.014386634810151223 -0.6689151921908038 0.07741489431649133 0.7391565629372074
1643091447639424.0 -3.30234114192371 0.1325257310119958 3.058317257078891 -0.01553431503014278 -0.6713599397229929 0.07873878548597692 0.7367731808717505
1643091447672758.0 -3.3470344282890796 0.11915863362645054 2.9917624919990176 -0.01379941987249351 -0.6693536440479703 0.075682563571124 0.7389502180676236
1643091447706091.0 -3.3612963979246437 0.13082084936707863 3.0705003237264465 -0.014728849313845833 -0.671326162842714 0.07904315070883206 0.7367879100574254
1643091447739424.0 -3.403134782514803 0.11533502560095031 3.0019033306077074 -0.01292693678542757 -0.6689832201869538 0.07715607262597887 0.7391490281875327
1643091447772758.0 -3.420168924651189 0.13199635997425446 3.0818488212262998 -0.014995841183004602 -0.6714917591868929 0.0797853925047545 0.7365515821951428
1643091447806091.0 -3.472782870767151 0.11222435000045318 3.008646872957629 -0.015728021835605118 -0.6681464521099738 0.07754388519745674 0.7398107147983711
1643091447839424.0 -3.480995090234528 0.1292205374926246 3.0915210284304457 -0.014501244760449682 -0.6709183657913366 0.0797793166817081 0.7370844734316954
1643091447872758.0 -3.5216576928404573 0.11753749518897612 3.0207648849462267 -0.01170935639693138 -0.6681478677947092 0.07886998728998541 0.7397437683678255
1643091447906091.0 -3.538422639684881 0.13280374671215672 3.1054543169114783 -0.013944515042357527 -0.6708243792234575 0.07955872737685735 0.7372045927948845
1643091447939424.0 -3.588963983662348 0.11649019723516325 3.0314799830357875 -0.014224066118958453 -0.6672319173368313 0.07690966114158447 0.7407321705266662
1643091447972758.0 -3.600652532040721 0.13042906233546644 3.1175184137124834 -0.014233763774244665 -0.6700187213433202 0.07897394970087437 0.7379941925834682
1643091448006091.0 -3.6468103707551696 0.11516160769913554 3.0430618525592403 -0.013085875246646419 -0.666375784635198 0.07787061587216175 0.7414231185393019
1643091448039424.0 -3.6612337098529886 0.13106785987596017 3.1288619672719693 -0.014281482842531565 -0.6688817057892854 0.07961416001550403 0.7389552682221435
1643091448072757.0 -3.7121367895451596 0.11790641942570225 3.0580247165223664 -0.01302958420796479 -0.6656728727778848 0.0778185437160286 0.7420607324450756
1643091448106091.0 -3.725195454254345 0.13194437743284754 3.144615845402777 -0.013710465668071593 -0.668256645833713 0.07908814756484905 0.7395878199003825
1643091448139424.0 -3.77715425188163 0.1170840388350457 3.0757001817953213 -0.012467371011063603 -0.6655461678293972 0.07748630613563284 0.7422187922096364
1643091448172758.0 -3.789928238620547 0.1317668865223831 3.1590940384870083 -0.01393267525164678 -0.6676932320724487 0.07846865096087348 0.7401582933544418
1643091448206091.0 -3.8350088658500243 0.12128906212436084 3.0908090483785964 -0.013079815095350064 -0.6654555832234891 0.0766082578683668 0.7423806032084428
1643091448239424.0 -3.853039229590694 0.13511453326400785 3.174896511282764 -0.013610530983564134 -0.6679776417730118 0.078733986355498 0.7398794381048063
1643091448272758.0 -3.900968779438393 0.12117475250765426 3.104111004228999 -0.013171645851859232 -0.665805137825692 0.07873524901334937 0.7418428315709941
1643091448306091.0 -3.917782266036711 0.13175425160366408 3.188716562144932 -0.014077333841740432 -0.669023673375352 0.08001093979264001 0.7387877927042089
1643091448339424.0 -3.958250895523393 0.11740941109224244 3.1100515188552036 -0.01455824777735575 -0.6664309868273554 0.07820661423787698 0.7413106789379323
1643091448372758.0 -3.9712164340373475 0.13419796396969033 3.1980768884675315 -0.01450171632632907 -0.6705841790465504 0.0781752020097134 0.7375603004682364
1643091448406091.0 -4.009518465821753 0.1382776792466319 3.116892289907769 -0.011260694140142294 -0.6682317371170783 0.0785676019864489 0.739707154348985
1643091448439424.0 -4.037440947238883 0.14018624810950428 3.210195540554524 -0.01168425592205048 -0.6724088307020097 0.08053166333968062 0.7356932062736806
1643091448472758.0 -4.091375256316317 0.11030309401844067 3.1386322119535124 -0.014048630586656065 -0.6710567566969429 0.07834798912063677 0.7371207891999604
1643091448506091.0 -4.108208381804038 0.12311996695035385 3.223961497521773 -0.015195233182545667 -0.6746111194808526 0.07871068514272454 0.733807584047536
1643091448539424.0 -4.133012960261359 0.13197728729214064 3.147699852663544 -0.012954777384578871 -0.6732451092121542 0.07899111866440077 0.7350738737276526
1643091448572757.0 -4.162767053767244 0.15057909347660514 3.2386318265482843 -0.011992801352446144 -0.6780705813563943 0.08191391440054417 0.7303194986047562
1643091448606091.0 -4.232718876594389 0.13109709735949457 3.1524455323884353 -0.011651952742792621 -0.6745624025245699 0.08142628337010448 0.7336208540343515
1643091448639424.0 -4.244982552523162 0.1287298970513275 3.2460991379772346 -0.01302057429705756 -0.678777049325673 0.07987954765358862 0.7298708377653992
1643091448672758.0 -4.269320996548917 0.12384411471205882 3.1692213289573825 -0.012366010827087274 -0.6770629636417108 0.07962413926126756 0.7315003906272574
1643091448706091.0 -4.283265436856613 0.13388356915564256 3.2551383929547177 -0.013244741008814256 -0.6797579402688967 0.08062090020198791 0.7288717239182883
1643091448739424.0 -4.32962983869277 0.12390775237646333 3.184393269784144 -0.01238534135352991 -0.6781344436623103 0.08003187027361473 0.7304623052416002
1643091448772758.0 -4.360388579297522 0.13079144919421984 3.273918760730061 -0.012860051608911703 -0.6812414217227037 0.08079543894817216 0.7274729145796548
1643091448806091.0 -4.408441687064487 0.12215998288018276 3.19762096219157 -0.012637497561071133 -0.678692581592806 0.08080897440632803 0.7298538093355982
1643091448839424.0 -4.4337581760820655 0.13587950664880874 3.2845912651691136 -0.013407203119382946 -0.6816954457520591 0.08251535795401235 0.726844400024612
1643091448872758.0 -4.486750109591382 0.12228746017886427 3.2124494373032557 -0.012404674920613215 -0.6791492540190105 0.08028716622426849 0.7294904973645729
1643091448906091.0 -4.503972123821211 0.13240757464324707 3.2980624547755473 -0.012771468156400068 -0.6822265757744093 0.08058719777167711 0.7265738038654868
1643091448939424.0 -4.555015597513127 0.11899275239231796 3.2265869379927414 -0.012802859674605685 -0.6800513874363813 0.08031305560093224 0.7286398358105647
1643091448972758.0 -4.570649559080263 0.13239380301946416 3.276601606418653 -0.0134756255135668 -0.6817173654519172 0.08301567050291159 0.7267656015588984
1643091449006091.0 -4.61660866096364 0.11158458142606309 3.224718154090925 -0.012850019927448764 -0.6797684299050303 0.08132118949689039 0.7287912066093587
1643091449039424.0 -4.6114289610519075 0.12526578100603064 3.3035346949488265 -0.01441171656697507 -0.682468212784672 0.08310129792871321 0.726032792129014
1643091449072757.0 -4.657415469635591 0.11604207830215861 3.242360931889976 -0.012852234514479706 -0.6801687674403001 0.08062195374385044 0.7284952768832836
1643091449106091.0 -4.667924686300374 0.1423361582536917 3.3165831682576714 -0.01150686157455859 -0.6830255098824933 0.08256232557946966 0.7256219452175999
1643091449139424.0 -4.716833011147704 0.11583337881185364 3.2507016146019456 -0.011153986747461674 -0.6799478554260275 0.08168863076576663 0.7286106436806957
1643091449172758.0 -4.725343624529529 0.11947243089323355 3.337426700339044 -0.012949262599049521 -0.6832432803462106 0.08290974616705056 0.7253529557742255
1643091449206091.0 -4.772183827447294 0.1132994549189145 3.2645446564788014 -0.011287025383455922 -0.6793841456198446 0.08172863106194517 0.7291297666418012
1643091449239424.0 -4.790742348333659 0.1319622313912727 3.34807858392473 -0.010863815091314951 -0.6820725101547365 0.08220625125526226 0.7265680977495745
1643091449272758.0 -4.834400182711402 0.11463971228489321 3.2802974556853193 -0.011177777231721484 -0.6797742981716752 0.08231444227460771 0.7287017863532275
1643091449306091.0 -4.8478847027298055 0.1301365970942317 3.3538350742549903 -0.012295059688254645 -0.6824593737241895 0.08467611413737744 0.7258980578689015
1643091449339424.0 -4.889831129192239 0.11461578452909293 3.2810653982628573 -0.011473300893072398 -0.6793465910636302 0.08395995691654946 0.7289082920446255
1643091449372758.0 -4.915693359501365 0.13042078923017447 3.367114039832132 -0.01155227718136516 -0.6822730004850315 0.08475581184946386 0.726076132412308
1643091449406091.0 -4.958695094637826 0.11174614507721312 3.3030736757782435 -0.011507309972356149 -0.6794908967866857 0.08238046067463542 0.7289534708746922
1643091449439424.0 -4.975666076866787 0.1270622318329897 3.3930330083559426 -0.012727563993411205 -0.6827781761822631 0.0826865859155416 0.7258201566184613
1643091449472758.0 -5.016907584336521 0.11266088653212752 3.32516472965855 -0.012374387680986178 -0.6801840034602186 0.08219319384646184 0.7283137200764983
1643091449506091.0 -5.042214877088996 0.13271006316129852 3.4026607295682827 -0.01245923338047477 -0.6827414803733943 0.0843076871121194 0.7256728273643172
1643091449539424.0 -5.084894649050513 0.1151437157299399 3.33242006349107 -0.011995246452232518 -0.6803334093214786 0.0828391266826799 0.7281073034340573
1643091449572757.0 -5.11468821522635 0.12991807613290432 3.413562836926818 -0.013096421608409136 -0.6835441573857912 0.0834465022606417 0.7250052068125222
1643091449606091.0 -5.151041343540163 0.11026995554055423 3.3395041394351392 -0.01266644999400609 -0.6805963194315211 0.08177504659787709 0.727970502681758
1643091449639424.0 -5.170718758177738 0.13592661313539164 3.4290861925370293 -0.011191094975934441 -0.6847344463954783 0.08376890651335864 0.7238758647822662
1643091449672758.0 -5.215562853033987 0.11255156991171336 3.3633139252242223 -0.01020557194369648 -0.6821143430724367 0.08224415796058195 0.7265340788686481
1643091449706091.0 -5.229736780986074 0.1377285359274121 3.441184784671008 -0.011179791853805725 -0.6851702845927282 0.0832389688431597 0.7235246833599754
1643091449739424.0 -5.27313145026996 0.11832241326241964 3.374256314723219 -0.010728944681202435 -0.682978553491018 0.08078749721453436 0.7258777896527459
1643091449772758.0 -5.289733940344701 0.1385711753940732 3.4500580310266526 -0.011020261109410113 -0.6853890418609068 0.08261239844739507 0.7233917381093301
1643091449806091.0 -5.343477057665427 0.11169505438583636 3.3864432181408 -0.010490484586803302 -0.6830623075219499 0.08085219684036042 0.7257952576601826
1643091449839424.0 -5.352867213300367 0.1332310903139543 3.463286954995915 -0.010551751220239752 -0.6860152523490844 0.08338270238700986 0.7227164444187273
1643091449872757.0 -5.392975777212531 0.11472455836570648 3.3892315911560327 -0.009476683630099793 -0.6824379240511246 0.08234025434478272 0.726229133812878
1643091449906091.0 -5.406175063358134 0.13590193144345117 3.4738600907279116 -0.009124686515466565 -0.6855381767039889 0.08296910295350117 0.7232359755518639
1643091449939424.0 -5.452964412823637 0.11254162035951591 3.4080848721566217 -0.009498324758249159 -0.6832576538313483 0.08081555337773713 0.7256291109374805
1643091449972758.0 -5.472642017769981 0.13307182741931758 3.488954718608461 -0.011140658623692512 -0.6860204414950412 0.08247405236586071 0.7228069384439612
1643091450006091.0 -5.519268764898733 0.1199326491798863 3.4208132447624 -0.00982972038422021 -0.6834776329645693 0.08160249060070453 0.7253293978338942
1643091450039424.0 -5.536114500811865 0.13446842229464862 3.5024077565567415 -0.009565054375405809 -0.686298961550236 0.08342490959311508 0.7224559014702862
1643091450072757.0 -5.585037734725015 0.11059687188710318 3.4377194884035163 -0.009574303353541029 -0.6837888878623779 0.08196382662732986 0.7249986349475644
1643091450106091.0 -5.5953060930872764 0.1297987154156071 3.517077571359694 -0.010822198665486902 -0.6868258163808603 0.08371015275440391 0.7219042791774017
1643091450139424.0 -5.639593482209144 0.11086633247206357 3.4476741111978195 -0.011108852062194925 -0.6843411033780349 0.08182805841517483 0.7244708527533712
1643091450172758.0 -5.650075445741883 0.1335117685623443 3.5249185066940445 -0.010767580012893872 -0.6874659219250168 0.08358353577326193 0.7213102369716462
1643091450206091.0 -5.700387125402897 0.11976479150194087 3.4581625096315514 -0.009041299134761697 -0.6852966138305238 0.08288369898536739 0.7234757068657361
1643091450239424.0 -5.713865589901082 0.13431018886299265 3.5381365060065666 -0.009306348611433696 -0.6882561061904047 0.08401848473592786 0.7205260705830313
1643091450272758.0 -5.761265574796651 0.11235321205616279 3.4694652245618203 -0.009456804804069944 -0.6857440757093358 0.082510504368207 0.7230889628125646
1643091450306091.0 -5.773026143326744 0.12961659189971225 3.549341578412356 -0.010329650480877698 -0.688499835767121 0.08355186513797404 0.7203335063021545
1643091450339424.0 -5.81188844069694 0.12000461734348145 3.4782643789363568 -0.008579382716917834 -0.686031767515639 0.08206466323302347 0.72287772077995
1643091450372757.0 -5.835732761047769 0.13450674000615548 3.5646742810925356 -0.008989206343352705 -0.689266003536398 0.08364847196103112 0.7196071870658766
1643091450406091.0 -5.8879906377587305 0.11616308498318369 3.495455486987379 -0.00878139472726857 -0.6861773939836233 0.08301092348284084 0.7226289903366824
1643091450439424.0 -5.904182174412062 0.13048523666382275 3.5771747028692595 -0.009931078081625393 -0.6889526129031897 0.08475527377185137 0.7197653884633956
1643091450472758.0 -5.949865147927377 0.1140318936484094 3.5035756045483253 -0.009490998960498423 -0.6852449990312056 0.08373548382402031 0.7234207496265312
1643091450506091.0 -5.968611872411812 0.12949098835794323 3.5904337952367844 -0.00987246800631206 -0.6881187342488223 0.08438144488106948 0.72060732282641
1643091450539424.0 -6.0104991709163755 0.11599099767031727 3.5232850253440784 -0.009659824072346343 -0.6859779793004538 0.08366623883200774 0.722731527050995
1643091450572757.0 -6.03016959524312 0.13392368553060352 3.600841571290505 -0.009511626045204533 -0.6877131212479397 0.08593824852726718 0.7208153780778114
1643091450606091.0 -6.079028648731601 0.11538061883798809 3.538528743524005 -0.008653576099846464 -0.6856384008064613 0.08392283787107115 0.7230366908006178
1643091450639424.0 -6.1116772774434285 0.12338244747588638 3.6291952793554665 -0.011243597382565378 -0.6884850717516645 0.08515568279249512 0.7201460943316629
1643091450672758.0 -6.150714874345641 0.11144148686303271 3.5575690821523285 -0.010751273681189007 -0.6856219490422661 0.08401641963128934 0.7230132739708556
1643091450706091.0 -6.1684559982644105 0.1330829112082557 3.643753345008204 -0.010255538479818398 -0.6886924493374411 0.08585643858132279 0.7198792996817013
1643091450739424.0 -6.207709865433355 0.11861405920056378 3.5702068456342686 -0.009442374099243546 -0.6858319899350164 0.08463025476681514 0.7227607094545535
1643091450772758.0 -6.223148866518471 0.1328794391888802 3.6536197964165056 -0.01059166074139017 -0.6884564347676484 0.08540791768664283 0.7201534848531872
1643091450806091.0 -6.254812654192342 0.12434036713573472 3.5819187185865426 -0.009505374540315999 -0.6858177672013677 0.08415211698000706 0.722829204759715
1643091450839424.0 -6.286345496644461 0.14212814950218453 3.669372159825471 -0.010081426547978502 -0.6882661827393463 0.08606856875163603 0.7202639988290485
1643091450872757.0 -6.331420034685175 0.12715080904525466 3.602331623446348 -0.009406927509983077 -0.6859239552419215 0.08498979727200558 0.722631698515754
1643091450906091.0 -6.3652133661273025 0.13682931530699086 3.68529091556802 -0.010498159119755452 -0.6878984847595067 0.0862396245662387 0.7205887804256635
1643091450939424.0 -6.401574683221216 0.12262592039827475 3.614874736636954 -0.009722185583430106 -0.6851447178805504 0.08474476728295843 0.7233951334409289
1643091450972758.0 -6.422434489948736 0.1406955706300696 3.7027757892040616 -0.010169738141957485 -0.687844459215166 0.08624530391795647 0.7206443810266056
1643091451006091.0 -6.457477099302186 0.12649554138460928 3.623018626349025 -0.009279194134138675 -0.6841245585688172 0.08471454515063011 0.7243693331161695
1643091451039424.0 -6.483005189281704 0.13598910247200427 3.7143110422219756 -0.010601289874404916 -0.6869884481624425 0.08507928823122038 0.7215926825144685
1643091451072757.0 -6.5161367781133235 0.1308036390471863 3.640291570534811 -0.00858864833914227 -0.684200963527527 0.08463788976473209 0.7243146445046402
1643091451106091.0 -6.545765235055679 0.14355813223136404 3.726820992666167 -0.008671211101893412 -0.6861437096910776 0.08608557249224096 0.7223024947749216
1643091451139424.0 -6.5879926745128135 0.12898324768800554 3.6569616063600603 -0.007825972379676574 -0.6834843900173763 0.0848214155327999 0.7249780480993198
1643091451172758.0 -6.621454514776381 0.13495272000102157 3.746663831373905 -0.010380245331413856 -0.6851427306199682 0.08551039385648058 0.7232977683692815
1643091451206091.0 -6.660971688865859 0.1206517742489744 3.6773897754259317 -0.01089885126069054 -0.6821743950418007 0.08368645016709399 0.7263028898806483
1643091451239424.0 -6.6840542298871055 0.14678451099035333 3.7662637628615836 -0.010229215608782184 -0.6839583569573074 0.08564147300432828 0.7244044914258458
1643091451272758.0 -6.724100276433995 0.14156422900642257 3.698854351113785 -0.00806053486541632 -0.6815908352425541 0.08536713046193155 0.7266921040769166
1643091451306091.0 -6.758776212963748 0.14081876540985427 3.790223771174042 -0.011061595915276458 -0.6839446781955899 0.08761033551492169 0.7241696951507299
1643091451339424.0 -7.1701769513871705 0.11573388353925947 3.819700174265332 -0.01424001073550554 -0.6808170853550014 0.08328305444832994 0.7275639155598153
1643091451372757.0 -7.304845117640669 0.1306130800676647 3.8648504935967463 -0.01363312284534743 -0.6814367983477522 0.08308730924586893 0.7270175560887989
1643091451406091.0 -7.326243325116295 0.11988174441533496 3.850294368717104 -0.013816609755438494 -0.6807815985090944 0.08273659100727696 0.7276676253171932
1643091451439424.0 -7.356257173969429 0.1325663254680204 3.884415757164786 -0.01352729617208022 -0.6814386061038202 0.08338760963174964 0.7269834557467304
1643091451472758.0 -7.379431633492054 0.11197065770593134 3.851823047944511 -0.01374957367475843 -0.6801864215635904 0.08288013616144191 0.7282089426628465
1643091451506091.0 -7.421897621217231 0.12599059879692961 3.9016084947610423 -0.013922835099948364 -0.6816906685772488 0.0837175898730623 0.726701694083156
1643091451539424.0 -7.440999495978872 0.11151589957125208 3.8562656685168624 -0.013732028173844859 -0.6798353459515434 0.0822841671394989 0.7286045907317198
1643091451572757.0 -7.478866635997022 0.1329694325995517 3.916568922274804 -0.013556701285556116 -0.6817121988669471 0.08382977132706336 0.7266754868615689
1643091451606091.0 -7.501178782985407 0.1100137498997817 3.8664994007521862 -0.012096104301159368 -0.6794810533396886 0.08367225648762443 0.7288059658835073
1643091451639424.0 -7.545953999294107 0.13130796078604529 3.933865822373102 -0.012207570036625013 -0.6813557074087737 0.08499508399464603 0.7268983497794127
1643091451672758.0 -7.563212063467352 0.1092504234025235 3.88168772922413 -0.012293809548091733 -0.6790899256789127 0.08345000881836702 0.7291925884952608
1643091451706091.0 -7.604869703659752 0.134676828666966 3.9481788556167214 -0.013274428084755258 -0.680319592505627 0.08412021266261151 0.7279511188490593
1643091451739424.0 -7.629166072480506 0.11305753289105001 3.9007740946412355 -0.01233037371472672 -0.6780116677735434 0.08333404134088826 0.7302079003960368
1643091451772758.0 -7.670588290275783 0.13614405381943018 3.972503658350529 -0.011274564256505507 -0.6796097907822911 0.08584367481152157 0.7284464839427328
1643091451806091.0 -7.692392825418568 0.11087237706064319 3.910554201065153 -0.010817321327002064 -0.6762215380589252 0.0845105468842778 0.7317550030507822
1643091451839424.0 -7.727028953633484 0.13008765481411022 3.993688500829362 -0.013078107049242753 -0.6786986494046736 0.0847927168085046 0.7293883064517235
1643091451872757.0 -7.743960684168805 0.11719311546706752 3.925326772687145 -0.010922732870453006 -0.6752361423282588 0.08458366452077686 0.7326543862535245
1643091451906091.0 -7.791768439117118 0.12996526935262945 4.0056356315604 -0.01059476212575494 -0.6770097243990337 0.08553559143029951 0.730909875896688
1643091451939424.0 -7.813327836532624 0.11160617849254265 3.9467799215694317 -0.011164923086228698 -0.6743758631448221 0.08401604178943695 0.7335079034490293
1643091451972758.0 -7.86030501095569 0.13022613117722978 4.031264312123626 -0.013915398455325502 -0.6766856764295408 0.08482252451401945 0.7312373050768082
1643091452006091.0 -7.881456381142791 0.11494393111738747 3.9665195888353453 -0.012524987281777474 -0.6738923541443114 0.08472801029279686 0.7338483385490854
1643091452039424.0 -7.929016936593055 0.12866343997284443 4.044832902551717 -0.013271439607780811 -0.6751750466613932 0.08583045070163292 0.7325268998397787
1643091452072757.0 -7.941402041873261 0.11177220503231737 3.9847020596294773 -0.012123196132782248 -0.6728394958037412 0.08413550908106658 0.7348886018396008
1643091452106091.0 -7.986702082681023 0.13049225561667033 4.067563493694225 -0.01258150276920216 -0.6754149673554123 0.08482983069430991 0.732434452688246
1643091452139424.0 -8.007727531175622 0.11683179325913376 3.994658842061767 -0.01108041801296095 -0.6715792575266705 0.08472827556568388 0.7359888888537989
1643091452172758.0 -8.049725725917305 0.13095204708163877 4.082661942383674 -0.012103692871447747 -0.67422275585462 0.086065722851013 0.7333961190630939
1643091452206091.0 -8.063961412506242 0.1128667628869369 4.012271881207769 -0.011392252643888772 -0.6704875839832627 0.084857570473129 0.7369639129817572
1643091452239424.0 -8.1067891748094 0.12968573235399 4.099572180420726 -0.012642429043762443 -0.6727877843863498 0.08507881522093914 0.7348185907888976
1643091452272758.0 -8.126389398456388 0.11886421415126533 4.034727769642561 -0.010844188897325155 -0.6695823070623633 0.08401449123671505 0.7378912541143429
1643091452306091.0 -8.17060342679626 0.1339362473481966 4.122002190623507 -0.011507286095330145 -0.6718528486021359 0.08509895657078549 0.7356898122051707
1643091452339424.0 -8.188767574831616 0.11901561872242387 4.058435675054168 -0.01089527188257782 -0.6691315768594988 0.0845214097828554 0.7382413949301706
1643091452372757.0 -8.235745772922273 0.13748374015661363 4.141336839444937 -0.011806151389785868 -0.671284435334748 0.08546215708582451 0.7361616951274413
1643091452406091.0 -8.261390148271541 0.11856297485620473 4.074365269757689 -0.011356366091360343 -0.6678626087930861 0.08347512752483682 0.7395015022364758
1643091452439424.0 -8.29635864324714 0.13822949835042148 4.162204002487386 -0.011470400760985553 -0.6705645824429683 0.08415911232234911 0.7369727366006045
1643091452472758.0 -8.325097705388968 0.12225793180757467 4.091521346476906 -0.009713171060407186 -0.6666642115574701 0.08383599862361268 0.7405646552943165
1643091452506091.0 -8.370118571602665 0.1333773953098008 4.185393174730565 -0.012017119561713217 -0.6693838960520481 0.08337353828459605 0.7381257627650774
1643091452539424.0 -8.392414916134856 0.11705703616321017 4.122599949714001 -0.012175210688994477 -0.6669061596647461 0.08386946740565548 0.7403065924892136
1643091452572757.0 -8.426281380201214 0.14208672040608444 4.1956981165428875 -0.011846003864653008 -0.667852931091364 0.08644573450635437 0.7391611932527096
1643091452606091.0 -8.447497873322703 0.11907035937938894 4.134987761812914 -0.01082495170182898 -0.665938264159421 0.08428993427298309 0.7411506295816299
1643091452639424.0 -8.483878630716175 0.13705172608051916 4.211277861586602 -0.011465031062905766 -0.6674947109744519 0.08440393785795998 0.7397265299811338
1643091452672758.0 -8.514757374735817 0.11953231510740168 4.150093533626744 -0.010293865527965726 -0.6649900882871398 0.08180660284383773 0.7422869381469033
1643091452706091.0 -8.544876969225905 0.1398892960975539 4.243510841852362 -0.009290342137351118 -0.6686015308658252 0.08314020675095714 0.7389001207796991
1643091452739424.0 -8.575072145377254 0.11454393474424229 4.174740729423859 -0.009570106859013178 -0.665773320232401 0.08209842909977937 0.7415619644107837
