#timestamp tx ty tz qx qy qz  qw
1643091519439424.0 0.0 0.0 0.0 0.0 0.0 0.0 1.0
1643091519472757.0 0.07563685212712659 -0.02394324628428702 -0.1062747321504498 0.0011586505715914346 -0.0011484758140081139 0.0016670961886543966 0.9999972796575275
1643091519506090.0 -0.03491748287467802 -0.0003374374076121183 -0.020858766799024785 0.003184614462652649 0.004966462851330432 -0.0017841053040979213 0.9999810045424536
1643091519539423.0 0.07425556794807162 -0.010951933425880845 -0.04079499210275611 0.0004002278860845698 -0.0017007942778509894 0.0018996420897900673 0.9999966692326501
1643091519572757.0 -0.02542936457173991 0.03286331830524448 0.07003737872206926 0.005857330632600455 0.0009237504843779217 0.0006708566132218919 0.9999821939986269
1643091519606090.0 0.07570522680195298 0.010495717256912057 0.041582382634701764 0.003842695135558228 -0.005088556854996958 0.002446187906554622 0.9999766779520183
1643091519639424.0 -0.005416020670432596 0.0487314687242596 0.14105160021183716 0.007167759972629342 -0.0036489261446942425 0.0003058147631373943 0.9999676069914946
1643091519672757.0 0.08669323867473275 0.01845888269485455 0.0829826021666043 0.0033847234185809794 -0.007833379037983286 0.0015338139858666834 0.9999624139110849
1643091519706090.0 -0.06523506737255592 0.031025416234986624 0.0829866400279271 0.006855233867101656 0.0061840664339198785 -0.0019573548536734827 0.9999554649347865
1643091519739424.0 0.1114835130967366 0.0397702360705668 0.13519245335567392 0.007559084015716422 -0.016116595909445777 0.003813547008434475 0.9998342724893708
1643091519772757.0 0.004939607564570946 0.06939865242323696 0.21915215561448712 0.010308920234275359 -0.011345073919672934 0.001151144287820264 0.999881838182987
1643091519806090.0 0.09735656213861953 0.04257489447133026 0.20267680171822172 0.005254080499757183 -0.01621031242874693 0.0021044458490583925 0.9998525849927742
1643091519839423.0 -0.027841768381451516 0.08988212793267226 0.24746577067674222 0.014008583237146974 -0.009412508033111767 0.000666938110133977 0.9998573495663128
1643091519872757.0 0.09560765954669158 0.04219637634619976 0.25947684579084584 0.007536309643707803 -0.0192942798563129 0.00252775932120426 0.9997822489095286
1643091519906090.0 -0.02736347385343315 0.08060939525724242 0.3167606308407422 0.013076173809680387 -0.011895281641717602 0.0013446002396277537 0.9998428416523063
1643091519939424.0 0.09161593863427339 0.042027550504445836 0.32420232964052276 0.005306247017945995 -0.020362564766863853 0.002965600136886463 0.9997741819603705
1643091519972757.0 -0.008976076611997527 0.08103894508648107 0.3864529707539249 0.011450876774127611 -0.016379174452174895 0.00037194606956834567 0.9998002109029035
1643091520006090.0 0.09882113154218143 0.05348423635222996 0.383175126238994 0.00852601733382645 -0.02285472283183659 0.0016554082047808797 0.9997010694684579
1643091520039423.0 -0.022097402498644246 0.08356257177211705 0.43904884608784656 0.013774806283362537 -0.014543479419617755 0.0010923770122664121 0.999798754065382
1643091520072757.0 0.09315124013301976 0.04953215072265255 0.4516502439787674 0.005978785621099966 -0.022711846409069123 0.0021008196756314656 0.9997219677049606
1643091520106090.0 -0.01083589841731718 0.09024495230646422 0.49855437680364645 0.011769868137198805 -0.017690872193282914 0.000841061445990528 0.999773872363505
1643091520139424.0 0.09984152786458819 0.07083096098253439 0.506340879386139 0.009130925478084438 -0.024540976528581535 0.002418178025813042 0.9996541997540813
1643091520172757.0 -0.02461774453904799 0.09353138616212894 0.5532698760530622 0.014464401448705949 -0.015097100134430467 0.0016726630034211677 0.9997800062297398
1643091520206090.0 0.09549710522377576 0.05487425293062978 0.5775521768346885 0.006866919282416121 -0.02430784553166969 0.002560491041554098 0.9996776570229043
1643091520239424.0 0.0007125509019943516 0.0820361237961345 0.6431733370688143 0.010102361570324597 -0.02048122879814288 0.0015690121585965721 0.9997379655482064
1643091520272757.0 0.07141174925856206 0.09202485156162 0.7351665049498253 0.008490086931110107 -0.028228418817742098 0.0030020187877549103 0.9995609349500161
1643091520306090.0 -0.09086272691292913 0.08436748079059468 0.7415848131818948 0.009165286647174345 -0.0012159584554640862 -0.00846086261204639 0.9999214633007784
1643091520339423.0 0.06626010426159379 0.10650850622474287 0.7978858995647703 0.012276793223129672 -0.028872106874924232 0.003918523202077897 0.9995000385035882
1643091520372757.0 -0.020406717101122577 0.1061180810399851 0.758290260522904 0.01364441954720446 -0.01246747701768544 -0.00413116678618901 0.9998206465626813
1643091520406090.0 0.032297947600981064 0.12503529167900357 0.8196961077508037 0.01598349326131844 -0.025900533915260694 0.002431542410008861 0.9995337802633676
1643091520439424.0 -0.01625654609469139 0.15110398895087873 0.827505092096419 0.01876516458730028 -0.01280815741993738 -0.005932374877303364 0.9997242753028621
1643091520472757.0 -0.010430853129091415 0.17334346853188629 0.8829893608401064 0.022252808311572576 -0.020210146816571788 -0.0014229832334694843 0.9995470662288086
1643091520506090.0 0.0459308294737727 0.14804122840392364 0.9053163466296341 0.01761338857267664 -0.020304504564610644 -0.002809053494938675 0.9996347357189206
1643091520539423.0 -0.0401910127713053 0.1378963380397498 0.9450266901287803 0.01933222533794332 -0.01628041464469116 -0.0017115165878871118 0.9996790904452535
1643091520572757.0 0.04801701122921638 0.11424507612306264 0.9842823513315723 0.012900832266563897 -0.021866247419641757 -0.0020885944633090734 0.9996754841066079
1643091520606090.0 -0.039633479032354924 0.1191435579322946 1.0124192318240377 0.014035624925753167 -0.01716359751959886 -0.0009129464410292442 0.999753759023653
1643091520639424.0 0.05027063828629417 0.11767663332451303 1.0440218672972625 0.010667665532588296 -0.022769484963286 -0.001608124052210495 0.9996825323089447
1643091520672757.0 -0.03217892609099118 0.13869869952931504 1.0655344475141828 0.016910020765513102 -0.019788265382430174 -0.0017964343748963583 0.999659566339662
1643091520706090.0 0.05119516658158076 0.12452251783639699 1.1010953216497894 0.012971411167461169 -0.02455281727516856 -0.002283771808819657 0.9996117676590757
1643091520739424.0 -0.024385499984418385 0.16166316825319077 1.1206811869433617 0.02114161587180347 -0.022070993887221554 -0.0017765031727577732 0.9995312638150128
1643091520772757.0 0.06411258902730092 0.14615067397801987 1.1511412290170544 0.016270685627013986 -0.02768304167400695 -0.0020620348358693823 0.9994821969426158
1643091520806090.0 -0.006066741883076547 0.1698422350281236 1.17372561674891 0.02216655607802369 -0.02682914394115766 -0.0016461452546556981 0.9993928812198059
1643091520839423.0 0.07828779336140916 0.1778163138907146 1.2004093268389562 0.021258571818220863 -0.032071533268780164 -0.0015724430745728806 0.9992582335416689
1643091520872757.0 0.0031389901030467802 0.19553013618722773 1.2306408650514393 0.025494194642308794 -0.030816147128917414 -0.002269907418730464 0.999197307160092
1643091520906090.0 0.09102367939323888 0.20301582239191454 1.2597455778669948 0.025347859529942195 -0.03666789680044652 -0.0016246650956314593 0.9990046605621062
1643091520939424.0 0.005283500114924201 0.18122791800421956 1.2949288474252876 0.024246912041656143 -0.03391504433699001 -0.0010557202022378998 0.9991299927831807
1643091520972757.0 0.06737025036422695 0.19288166961627276 1.3109871908108175 0.02448309984104092 -0.036634017666422936 -0.002171087490132987 0.9990264325586685
1643091521006090.0 0.014669792863578357 0.17931553779866538 1.3527092160502492 0.022139150614405047 -0.04007418527972558 -0.0015886902055446178 0.9989501457768899
1643091521039423.0 0.07789621328559729 0.21171508405238262 1.370709182085414 0.025990411661750364 -0.04276555670818122 -0.0024757700441302914 0.998743949280185
1643091521072757.0 -0.005933847048579095 0.21862949137244486 1.3983303896451298 0.02978926710591099 -0.041053188990676934 -0.002548607274154534 0.9987095372729504
1643091521106090.0 0.07658325500487623 0.19838230164565504 1.4316446152410778 0.024837519156182115 -0.046863847563120786 -0.0023262617822534665 0.9985897385512568
1643091521139424.0 -0.004436306610258718 0.19877056805127433 1.4606344233670707 0.02643716713446119 -0.04574434112524262 -0.0016643844446147527 0.9986019032994792
1643091521172757.0 0.06639402331110532 0.18827534275570856 1.4928915536844503 0.021559963977103122 -0.050442713741289155 -0.001735531880462105 0.99849270829226
1643091521206090.0 0.012019911957375591 0.18909726336930935 1.5156854101423385 0.024192517400108568 -0.054845675916383146 -0.0007766454227749985 0.9982014179297722
1643091521239424.0 0.09583570042854964 0.16302172402336054 1.584791761701785 0.01629998335329893 -0.06558029276350905 0.0011798387993220336 0.9977134577242818
1643091521272757.0 0.009700426836145502 0.15844813821185771 1.6231911446146172 0.014419742826884307 -0.06470664935902029 0.0007439948957279638 0.9977998632076126
1643091521306090.0 0.06628372638953872 0.15915435655099824 1.6520806231897074 0.014759260535769604 -0.06827564486315812 0.003166056573881036 0.9975522926808039
1643091521339423.0 -0.02778557870001595 0.13804966382860667 1.6730314779270403 0.012242137094233985 -0.06614280221415476 0.0018265624464684346 0.9977333929784321
1643091521372757.0 0.028388680647129964 0.12311701068057682 1.6937285259400545 0.007068405045471188 -0.06977744998871424 0.0032045476258823796 0.9975323934578261
1643091521406090.0 -0.059717070056831675 0.11758063316319473 1.710738635529605 0.006330398824323847 -0.07053595769354314 0.00024044302416010343 0.997489121198889
1643091521439424.0 0.015364888105402917 0.11429385411014469 1.749641139894768 0.005519304883639746 -0.07913135272278178 0.004028148242374326 0.9968407798197271
1643091521472757.0 -0.07380438755722471 0.11442385045319926 1.7629408930433803 0.006556704333378841 -0.08138195504812239 0.00035761602004999525 0.9966613562949113
1643091521506090.0 -0.006227506659996488 0.09780625654029032 1.8077409038357253 -0.0002559485851678584 -0.08897179382255782 0.00627189869987449 0.9960143662021229
1643091521539423.0 -0.11799385702184402 0.07321972428657002 1.8226555873817825 -0.005424632539128348 -0.08553227020806786 0.005132402560199803 0.9963074136825588
1643091521572757.0 -0.04544265346903808 0.06687890153091447 1.863273460053127 -0.008057914099907188 -0.09505880080275107 0.00845539814919094 0.995403134741116
1643091521606090.0 -0.14131152567856017 0.054798251531773506 1.8728753867779768 -0.00862400032320741 -0.09796979715581479 0.002229451937134232 0.9951495239448863
1643091521639424.0 -0.06916516234983887 0.064683103164517 1.9095758631441204 -0.008163880421322635 -0.10913503350263253 0.00413410630170399 0.9939848110931735
1643091521672757.0 -0.16698385384904613 0.05025146721261985 1.9034248380360497 -0.009168579277800206 -0.11018877127485154 -0.00038362904442498525 0.9938683135444663
1643091521706090.0 -0.09308674428534014 0.06898711300666983 1.9719339586722193 -0.008784864740533749 -0.12205954988803712 0.004693663814281112 0.9924728016185728
1643091521739424.0 -0.2035127135427182 0.05491358505440877 1.9492905418840025 -0.009257186712615549 -0.11920076709485404 -0.000982892444947472 0.9928265284230715
1643091521772757.0 -0.14022204171778968 0.05052108222593908 2.0104467971003315 -0.012903059386814412 -0.12822971258681137 0.0036864477448568405 0.9916537006290999
1643091521806090.0 -0.23248958626732188 0.034590601282005175 2.0057898130640273 -0.014983654174893567 -0.13004350718354274 0.0006151456109983795 0.9913948748822784
1643091521839423.0 -0.16160403368773477 0.03876085958764442 2.0656211087308387 -0.017636330479286717 -0.14100145940703943 0.00587446261224793 0.98983485439811
1643091521872757.0 -0.26309878115550617 0.029889843940518367 2.052345369320821 -0.01937955504531757 -0.13985754392333738 0.002381935067842198 0.9899791041427641
1643091521906090.0 -0.18643618123987854 0.030002729105184523 2.121249421495275 -0.022074652638614526 -0.15119722165086727 0.007251720260264983 0.988230500657215
1643091521939424.0 -0.27607601490644945 0.011825203634005783 2.11583165479638 -0.022381179719524222 -0.15437477087424759 0.0030337278984680833 0.9877541745833951
1643091521972757.0 -0.19291942592313951 0.02540959822335764 2.1774311788096927 -0.022651651520380203 -0.1673768035944493 0.009074369418040776 0.9855909720170785
1643091522006090.0 -0.2831476077374635 0.03231204865972628 2.160050476873588 -0.021552760539774483 -0.16902847349904088 0.0059197067773951026 0.9853577069934394
1643091522039423.0 -0.20158867782719903 0.03754881195644233 2.228970317033266 -0.024567812839368857 -0.18215902868634867 0.010277725755278409 0.9829083778224881
1643091522072757.0 -0.29096876812118905 0.016702315251978492 2.2259073107285143 -0.027757200216290846 -0.18445050914799022 0.008471822490036501 0.9824132408181891
1643091522106090.0 -0.2147753132515586 0.035063337380970366 2.2843153932096585 -0.024896382644618253 -0.19704132005837238 0.011698377035824941 0.980009202148426
1643091522139424.0 -0.30074778572604965 0.026312932202647885 2.2746010371282344 -0.026944076256648037 -0.1998949679410975 0.009759607168402289 0.9793981665361754
1643091522172757.0 -0.22596851378947583 0.039266955604733575 2.33334876536388 -0.026372712037171158 -0.21213751920606808 0.013120065072065937 0.9767957907860806
1643091522206090.0 -0.3136789595509404 0.027836150950238045 2.322430306405241 -0.02658448248829453 -0.21421521073253313 0.011107166208197114 0.976361480006493
1643091522239424.0 -0.24779574562924736 0.03567317175017334 2.3773244002601386 -0.02659826639360103 -0.22435157044598938 0.013236291328536594 0.9740552888081556
1643091522272757.0 -0.3328349621335508 0.03389680267120899 2.3633849742698185 -0.026254150380605513 -0.2288340601375757 0.011830496314149347 0.9730394297589927
1643091522306090.0 -0.26181461149041413 0.04068911782351204 2.424997549580184 -0.028180983735730244 -0.24122208836954206 0.016373699731837093 0.9699224908184235
1643091522339423.0 -0.34748282829827415 0.022584273564959415 2.4103716335825616 -0.03057282251378778 -0.243977053160767 0.015221228420431004 0.969179454105328
1643091522372757.0 -0.2881659607514587 0.020848154154528044 2.472468815909289 -0.03378379811137482 -0.2548069194153563 0.01660445539493062 0.9662589615958364
1643091522406090.0 -0.36893359373636436 -0.0037416294820910023 2.4797659175414237 -0.03990002559197705 -0.2574569579094685 0.022196039519218135 0.9652104633764715
1643091522439424.0 -0.30133956244939114 -0.013600841585508982 2.571354049611955 -0.05061802058774841 -0.2656582230530849 0.035370280122725514 0.9620875572421128
1643091522472757.0 -0.3792479272396404 -0.018020833454250634 2.5476550540747387 -0.048093944802596156 -0.272858458566824 0.030149081828203163 0.9603781895309669
1643091522506090.0 -0.3234638866216772 -0.01228952806695507 2.6234698751313563 -0.0547524315153761 -0.28089637755599145 0.03570793367813601 0.9575094463197289
1643091522539423.0 -0.4044373780441583 0.001488571570216941 2.591984663745485 -0.04522375988268882 -0.2884403177676802 0.02971667117722571 0.9559675277342308
1643091522572757.0 -0.3517827692915002 0.005555303564653303 2.6517019157056314 -0.04796478946293921 -0.2956831688875666 0.03493089021930196 0.9534414903479236
1643091522606090.0 -0.42683785813260755 0.013172850005310568 2.626903531111247 -0.04178707863964207 -0.3030759308600588 0.02958506961449658 0.9515900082745608
1643091522639424.0 -0.36444366112457355 0.015656398317260376 2.7095854748414543 -0.05005195662568157 -0.31125094715847423 0.03764300737299333 0.9482619118823714
1643091522672757.0 -0.4421662062850875 0.011028003435038815 2.675501292284339 -0.045123475709474795 -0.31777483300032827 0.031662912428563006 0.946562458281571
1643091522706090.0 -0.3829655805218707 0.02251369782614071 2.758549576643719 -0.050277011599276424 -0.3269538338628503 0.04076812025214573 0.9428209655062495
1643091522739424.0 -0.4601630544757882 0.01475845697007544 2.719074882170261 -0.045496512915809695 -0.3331195072764761 0.03481457646940253 0.9411426068612744
1643091522772757.0 -0.40393663559194787 0.024916968546386805 2.8049992809329134 -0.05187484546705207 -0.3421386543854896 0.04339756551296794 0.9372122453802039
1643091522806090.0 -0.48763517423835917 0.015156351933098902 2.7624035225495662 -0.04847020947635419 -0.34590382417751725 0.03819901212450868 0.9362382275283354
1643091522839423.0 -0.42933100969170856 0.03365692501876925 2.8494430519488447 -0.05114631897961742 -0.35690278471216325 0.044357343819262186 0.931684969487454
1643091522872757.0 -0.5148150348176647 0.02806085893967334 2.8092011482638712 -0.044737890405772265 -0.362122083804235 0.04005965498358443 0.9301942494048842
1643091522906090.0 -0.45669914442579296 0.04408790041871329 2.8934693196993004 -0.04956459240337266 -0.37237934971339437 0.04633997413719953 0.9255968765525738
1643091522939424.0 -0.5419791468741059 0.034687111092931884 2.8519580973113516 -0.04636519310827784 -0.3768610903918451 0.0408317456036786 0.9242070958219583
1643091522972757.0 -0.48504808445054237 0.047011801854642814 2.940210444560167 -0.05121922050323686 -0.387664941596526 0.047389572596713635 0.9191554345795404
1643091523006090.0 -0.5704006806431012 0.033182145198289346 2.8950354097357787 -0.04820680047943537 -0.39114223430014416 0.042882260415903074 0.9180658847140819
1643091523039423.0 -0.5107317450507545 0.05313188561259411 2.9787314893530956 -0.05031486269420264 -0.40179840267019534 0.04925168161448048 0.9130173766483796
1643091523072757.0 -0.5920418847547118 0.04173777985248953 2.9305127315139954 -0.04632602345423471 -0.40639981206829884 0.04424114892080283 0.9114470983243824
1643091523106090.0 -0.5409988052859807 0.05571122412544939 3.0159988885141455 -0.05092259430733259 -0.41635613292921414 0.05162718989594297 0.9063051876849706
1643091523139423.0 -0.62147065083207 0.040293094250238706 2.967467696649988 -0.049103680588262526 -0.4205419529845423 0.04691229217221831 0.9047278768645196
1643091523172757.0 -0.573700177649809 0.06412472875060102 3.0568663707662616 -0.05085880583814166 -0.43117890755843574 0.052606255995924646 0.899294564297774
1643091523206090.0 -0.6539433083293097 0.05234892008306713 3.0054887058699156 -0.047950135283460545 -0.4354812158123871 0.04713383771249624 0.8976832941206798
1643091523239424.0 -0.6038633696641463 0.06626147613307931 3.091807220541526 -0.049638186112482365 -0.4463158151668975 0.054713849941534 0.8918209675915596
1643091523272757.0 -0.6844194389723541 0.05049985018018874 3.0387744448261755 -0.047137769256895175 -0.45063506206158743 0.04985432409576422 0.8900677602964773
1643091523306090.0 -0.6394669890373992 0.06600387725314835 3.129278926900509 -0.051596672496330626 -0.46179605502018484 0.05407222363701816 0.883831647762202
1643091523339423.0 -0.715911616710889 0.05658357338131282 3.0731751721983995 -0.04880620530079004 -0.4654442965603274 0.05138486840435434 0.882235318054467
1643091523372757.0 -0.6725476127890079 0.07382531985946836 3.1652253851132865 -0.05038493924157174 -0.47691974902127116 0.05772103250549196 0.8756010468801478
1643091523406090.0 -0.7514349346897382 0.06174734459262242 3.1084098830867712 -0.04659404569406842 -0.4806889673421013 0.054288306510787 0.8739679006448888
1643091523439424.0 -0.7094847060787283 0.07922304408754666 3.1984307851734846 -0.04899711330843176 -0.4918386849344084 0.05898603915954035 0.8673030831685666
1643091523472757.0 -0.7879313043541907 0.06497358436012274 3.1406257813190734 -0.04765052430424884 -0.4945572341904991 0.05518094171653374 0.8660817705705685
1643091523506090.0 -0.7488992863470565 0.08408827430525127 3.232394095590051 -0.049676263199791154 -0.5053453021562473 0.060404984318208454 0.859365831490078
1643091523539423.0 -0.8246324105292033 0.07661044494549209 3.1746489828019704 -0.044066935293231746 -0.5090463066370114 0.05843515046355207 0.8576218841094145
1643091523572757.0 -0.806684814722483 0.0952603085326591 3.2701345170336 -0.04532652331772743 -0.5194340206517023 0.06076255956757913 0.851141419405924
1643091523606090.0 -0.8717253752005435 0.0914331211031452 3.2377838946831785 -0.04513147724358872 -0.5271503904307396 0.059357180012640495 0.8464941469446065
1643091523639423.0 -0.8592778480606931 0.11163229184691417 3.3209635850918837 -0.046417227554132044 -0.5389640823667606 0.06194934404010747 0.8387642324740273
1643091523672757.0 -0.8744684056468951 0.11215306761131512 3.249146918340013 -0.04312848941197747 -0.5416345763183672 0.06427478837757175 0.8370428129531262
1643091523706090.0 -0.8965492817113337 0.1278176776185954 3.333934622149955 -0.043537433711033004 -0.5523459159468732 0.06567390156403437 0.8298827746471333
1643091523739424.0 -0.9375763785740356 0.09823846275744204 3.282522682432346 -0.04496397465400628 -0.5558582488303032 0.06311156143669348 0.8276574043670757
1643091523772757.0 -0.9433470067690932 0.12864721105514662 3.3464228647020198 -0.044208056712158585 -0.5653872257054049 0.06509812161512477 0.8210634368263285
1643091523806090.0 -0.9593799691896162 0.11718877441172568 3.300311988989694 -0.04140011593995223 -0.5698395952976575 0.06750044132584566 0.817931877635281
1643091523839423.0 -1.0137325090769993 0.13509501167352383 3.3674842040569923 -0.042003011347561035 -0.579626352858195 0.0673491293356496 0.8110074801675838
1643091523872757.0 -1.0307857249162256 0.11358759426486874 3.325526972910864 -0.04344979838502269 -0.5844579007861209 0.06740519982188456 0.8074513089133941
1643091523906090.0 -1.06809539043919 0.1432952768338819 3.371714734200569 -0.04214955722993676 -0.5927625271646567 0.06851418001127754 0.8013499911724414
1643091523939424.0 -1.0644996214723486 0.10183474079930248 3.359274051529447 -0.042386237126224115 -0.5990506388558602 0.06945812641186225 0.7965659468393179
1643091523972757.0 -1.0970709836373276 0.1109093508200173 3.368899139095551 -0.04127900625530262 -0.6061146487220948 0.0694552816754551 0.7912629399222799
1643091524006090.0 -1.1494598527789277 0.10955111401525212 3.3763087035806367 -0.0427553400077587 -0.6126829879141011 0.07004775336534418 0.7860565179870581
1643091524039423.0 -1.1535688320714823 0.10538485992097708 3.37956289197985 -0.04246872154273142 -0.6198674409337398 0.07125497570504194 0.7803098690892333
1643091524072757.0 -1.2052041593658787 0.13723117411363484 3.442693918346564 -0.041460186625109925 -0.6283548622425956 0.0728102029491288 0.7734015091578283
1643091524106090.0 -1.2341530143297592 0.11750487734429876 3.439575029382784 -0.04082850994944498 -0.6346957347540919 0.07241041128246048 0.7682780026775311
1643091524139423.0 -1.2669903803017288 0.1202377169093041 3.4501208793619274 -0.041139626549706154 -0.641941872083369 0.07475054619615401 0.7619911546972358
1643091524172757.0 -1.2965607305647264 0.14319930032426903 3.4740244049399402 -0.04232643088984481 -0.6477854201131658 0.07689438552521292 0.7567494804832287
1643091524206090.0 -1.3147846770459584 0.12585581652499123 3.455314467701874 -0.04186500654232702 -0.6528721235346808 0.07521608299818121 0.7525608629186998
1643091524239424.0 -1.347310277136676 0.14428681780623187 3.478051471631342 -0.040426917328337086 -0.6583567542335081 0.07508409495813471 0.7478598981057653
1643091524272757.0 -1.3724446032836461 0.11980458291524419 3.4717723293196747 -0.040259586332417295 -0.6629836242462916 0.0750928983300423 0.7437694107114035
1643091524306090.0 -1.4190332920682944 0.13941075836244862 3.4964842033837598 -0.0405076541251319 -0.668087063089575 0.07761017727588658 0.7389150603911321
1643091524339423.0 -1.4186845464655928 0.12583510900208678 3.4746784641010104 -0.03996230238891103 -0.6716105191378964 0.07708060283472795 0.7357995009768202
1643091524372757.0 -1.4645783412058073 0.14185332688746322 3.5090016944596183 -0.04105239423406575 -0.6769614978854137 0.0779466550664625 0.7307271380428797
1643091524406090.0 -1.4802231576616962 0.12704965281046643 3.4880907804456993 -0.04076847326962112 -0.6806197225733914 0.07743956981372115 0.7273911175278741
1643091524439424.0 -1.523750649041229 0.14571777609324071 3.5164194250170873 -0.03969086858783823 -0.685816684078971 0.07934049002581915 0.7223470062457037
1643091524472757.0 -1.512542962580621 0.12502534662116999 3.4907286005545046 -0.03792581210615942 -0.6895866016499806 0.07757915058230179 0.7190364573481984
1643091524506090.0 -1.6062500231065124 0.14908738168433316 3.531593222331583 -0.039701934501076466 -0.6942658697003949 0.08033104374586243 0.7141187450114489
1643091524539423.0 -1.6068557026094854 0.13698885665932609 3.5101337076380323 -0.03890359158455568 -0.6978092064887574 0.07953033022867957 0.7107909316212961
1643091524572757.0 -1.654465149787607 0.15464802191995658 3.5555198152210554 -0.03955404829996806 -0.7028233585757404 0.08233943638414187 0.7054750322437655
1643091524606090.0 -1.6573801322346025 0.12937682671651426 3.5223273633209913 0.039118944931524256 0.7055054795555411 -0.08093302496898314 -0.7029804918587145
1643091524639423.0 -1.6984592728398649 0.1509840450802447 3.570864196178851 0.03993025026011005 0.7102858178577747 -0.08440069496429511 -0.697693453282902
1643091524672757.0 -1.7088616822700045 0.13608713209721607 3.5280734125932725 0.036794801209028484 0.7124647935928792 -0.08289474842402401 -0.6958221907774729
1643091524706090.0 -1.7463947739669088 0.16243834428544068 3.5833112686138997 0.038444733967355704 0.7168747682737382 -0.08528859888543676 -0.6908968258306103
1643091524739424.0 -1.7716391300445034 0.13558800026985443 3.5365355491070627 0.03816302243407106 0.7190429400444881 -0.08161137176593423 -0.6891011668030739
1643091524772757.0 -1.8194460893155846 0.16095644402012324 3.570603423972356 0.03870239001648177 0.7228680176891712 -0.08482270461919371 -0.6846671182335435
1643091524806090.0 -1.8581017075469661 0.1473312538788831 3.541380496939091 0.03656847749343368 0.7245965683462269 -0.08409023063534424 -0.6830456739533446
1643091524839423.0 -1.8875173675003876 0.1614716844748757 3.5746642025198945 0.03846182749455749 0.7276655392112913 -0.0855876530012515 -0.6794838515548819
1643091524872757.0 -1.8922594858886068 0.13983223513768903 3.549155490405159 0.038603209959515446 0.7298297205669251 -0.08317541160696286 -0.6774512691419494
1643091524906090.0 -1.9469687198592542 0.17078907681777028 3.5817484664912826 0.03819400339175442 0.732205126056244 -0.08618087441076618 -0.6745292642781826
1643091524939424.0 -1.9430639376771084 0.14193491615440768 3.5474918360416448 0.03601227925755737 0.7333869851733279 -0.08486998856009052 -0.6735307942201773
1643091524972757.0 -2.025506836733656 0.15536865358845361 3.5799292205627555 0.0382560644204142 0.7355281582288338 -0.0868480992409625 -0.6708145866376138
1643091525006090.0 -2.060733393662356 0.13801181732003798 3.5608762740361652 0.03902660380865932 0.7367779954007149 -0.08499411826841205 -0.6696350569886863
1643091525039423.0 -2.0765186007672733 0.1511645187610384 3.578713865342713 0.039425095577982364 0.7388366936047268 -0.08644740094308839 -0.667152792763462
1643091525072757.0 -2.1168446202817432 0.1403897057977413 3.5527648213293337 0.03869373415832085 0.7394765602592681 -0.08487128037116556 -0.6666888911120128
1643091525106090.0 -2.1478261571735877 0.1553832810209231 3.582072170153575 0.03926126590584883 0.7416022628330832 -0.08745874690420274 -0.6639545197905257
1643091525139423.0 -2.174983473782781 0.1452120978132853 3.563720897900364 0.038491297744051994 0.7425735689881902 -0.0856997903049576 -0.6631428658892491
1643091525172757.0 -2.216910963379523 0.1611840192438074 3.5840767411066357 0.039112254392965645 0.743617410579397 -0.0881882930015274 -0.661608799228796
1643091525206090.0 -2.214680156931263 0.14195172672803333 3.557614340977367 0.03753826937763796 0.7439099801011593 -0.08629210102238441 -0.661621109955817
1643091525239424.0 -2.284476209587623 0.15697245093213796 3.5877263238899175 0.038563505745410086 0.7449982805987606 -0.087585909044423 -0.6601659840270295
1643091525272757.0 -2.2928245708212205 0.14133675564764314 3.5649175093850096 0.03713253126406491 0.7450599157515313 -0.08530695996699049 -0.6604768123435029
1643091525306090.0 -2.3397672056227963 0.159801421509639 3.5821394469298395 0.036746300192783105 0.745463940188307 -0.08739391094210461 -0.6597692987941388
1643091525339423.0 -2.3627745515083505 0.1498748279496525 3.5745456394852706 0.03878183275503515 0.74461366800838 -0.08540035130703136 -0.6608730852893785
1643091525372757.0 -2.382201972563058 0.14335347791548753 3.554512209850131 0.03670450428967443 0.7446331701122249 -0.08429295063089705 -0.6611118814598667
1643091525406090.0 -2.4604360599789263 0.15763140500458608 3.587768657042045 0.03768709314019335 0.7443680502363527 -0.08758182857887174 -0.6609276148722748
1643091525439424.0 -2.5013696345270184 0.15275561264662593 3.5714723791007716 0.03726830604698868 0.7425275413927593 -0.08557833247894689 -0.6632799353574137
1643091525472757.0 -2.53444103498943 0.16163642368211084 3.591944335685886 0.03735244261720562 0.7417900584135754 -0.0856703166757721 -0.6640880221100103
1643091525506090.0 -2.57919351825548 0.15397289242040196 3.570193552488048 0.03587737047084716 0.7399553431336533 -0.08334492873738121 -0.6665077098652467
1643091525539423.0 -2.6007756950085175 0.16200679051616107 3.5963912662993014 0.03719725913590047 0.7384205355168302 -0.0866143358895945 -0.66771957696193
1643091525572757.0 -2.6481271640717154 0.150005868708012 3.576236706369896 0.03682250669808196 0.7367428613279228 -0.08548960512932353 -0.66973546023609
1643091525606090.0 -2.6665783976044524 0.15868683363606004 3.6043830946402338 0.03960135250437227 0.7355068046246948 -0.08644310951157658 -0.6708122405327478
1643091525639423.0 -2.697892540418307 0.15128548281434406 3.572985932971434 0.03858239739065454 0.733250965170097 -0.08340992327517607 -0.6737189364920213
1643091525672757.0 -2.7184264699854417 0.17044594508077437 3.6040365833173724 0.037376035208800125 0.7322383539308006 -0.08587142065193507 -0.6745784788592061
1643091525706090.0 -2.7670632623737226 0.15457376682802973 3.579526126375845 0.03590368552140249 0.7297279299862434 -0.0846686642507121 -0.6775243839582252
1643091525739424.0 -2.7820716701973622 0.16256938187076603 3.616762788406167 0.03828162146418741 0.7284693085511008 -0.08705329694874113 -0.6784458028814888
1643091525772757.0 -2.807096476317373 0.14759896635911773 3.5857746571408544 0.037269740210123026 0.7262674681282142 -0.08410242092829391 -0.6812292668384877
1643091525806090.0 -2.8359554913724403 0.16746098307381158 3.6169927339771677 0.038407307304506484 0.7251722954645309 -0.08705313032255244 -0.681961709436362
1643091525839423.0 -2.88044938860407 0.16242872682984313 3.588336500263286 0.035985140267140274 0.7228083505726028 -0.08394058914889893 -0.6849869601063974
1643091525872757.0 -2.890983556960151 0.16824133972843477 3.619971185367258 0.03743059640491286 0.7208302458693655 -0.08599483911812068 -0.686736918140951
1643091525906090.0 -2.9369641370557162 0.1527720999498518 3.599102789854839 0.03712916045833735 0.718490750296245 -0.08303750532477952 -0.6895630789796064
1643091525939424.0 -2.944088480421638 0.16901041625614918 3.6318450412195866 0.038259626005798325 0.7170420238543701 -0.08608181583100386 -0.6906351120729111
1643091525972757.0 -2.993531058689831 0.15997789428287665 3.6070743829022476 0.03623609035667081 0.7147587473299637 -0.08381257679518034 -0.6933846918139427
1643091526006090.0 -3.023536231590622 0.17259168856060533 3.648390242278701 0.0391948220198316 0.7135068221065287 -0.08653742358590717 -0.6941779707347312
1643091526039423.0 -3.039543282738217 0.15536749981592635 3.605352564015387 0.03806996291805782 0.7106874918658987 -0.08334520660535535 -0.6975152638936918
1643091526072757.0 -3.0731389880502715 0.18156321928414668 3.6508974246445627 0.03852418206560124 0.7097274250107766 -0.08578876415322251 -0.698171295262711
1643091526106090.0 -3.1066661812114944 0.15588778316812713 3.6229988931958292 0.037642636661161785 0.7073689619011818 -0.08247402534487559 -0.7010065754238349
1643091526139423.0 -3.124714095106695 0.17347677059231176 3.6578357646029267 0.03898685477603131 0.706065951168186 -0.08574593830717366 -0.7018536398847411
1643091526172757.0 -3.153812664771462 0.15999385094110546 3.6277931816797993 0.03640218072264545 0.7042646144864669 -0.08366475190778722 -0.7040500289816571
1643091526206090.0 -3.1973141860492817 0.1694897437618701 3.6719557963117277 -0.03998515332039676 -0.7034639515079345 0.08513240108633482 0.70448004281744
1643091526239424.0 -3.212174181960093 0.1597750115797214 3.634700272912228 -0.03862831906073291 -0.7014591717752275 0.0813397665256055 0.7069983915685479
1643091526272757.0 -3.226959383508388 0.18435812190267445 3.6751371854153936 -0.03908999074575864 -0.7012331585365714 0.08459204583552529 0.7068155457923097
1643091526306090.0 -3.2723386281494506 0.16211561800951285 3.6392303701523616 -0.0373614464334708 -0.6988774936438367 0.08048052082466069 0.7097163214737979
1643091526339423.0 -3.3433180018247572 0.16936702941340342 3.680290063404181 -0.03985391431298925 -0.6985470944007343 0.08255028916832002 0.7096682831974747
1643091526372757.0 -3.3666769531677954 0.16173494202431613 3.6633422195455294 -0.038926756112196224 -0.6966894070988644 0.08104424780314512 0.7117165219333025
1643091526406090.0 -3.394422173006369 0.17118820772872498 3.6781427008090413 -0.038654631779685415 -0.6962228929972616 0.08222856444658946 0.712051940449258
1643091526439424.0 -3.4318414883211843 0.17221426338888918 3.6712867530670557 -0.03780561508061488 -0.6952739285251702 0.08108541133707654 0.7131550012794201
1643091526472757.0 -3.4446427336513623 0.17700748991923718 3.690140492744095 -0.03937755384475392 -0.6944626611732104 0.0827900284806505 0.7136643690654586
1643091526506090.0 -3.4537072612023527 0.16264758643709787 3.6725501336024338 -0.03855805557152599 -0.6936993549572269 0.08066845490121587 0.7146936977939018
1643091526539423.0 -3.4876608829779334 0.17183252439911292 3.7071979936289483 -0.04023953627847402 -0.6932646840833732 0.08284211659643098 0.7147741190339069
1643091526572757.0 -3.515842311854422 0.16518976638982705 3.6863213709703166 -0.038841617710627 -0.6921556874250937 0.08015352668117248 0.7162312791684599
1643091526606090.0 -3.5448156292742476 0.17829495147319344 3.7099089561723635 -0.039482963446153006 -0.6920685893850163 0.08159114206168683 0.7161180410527397
1643091526639423.0 -3.5763171728550547 0.18452230546623155 3.694074932428867 -0.03820519021186396 -0.6911024022639856 0.0805724081717094 0.7172349127498151
1643091526672757.0 -3.5790708447772044 0.18707093263663108 3.718533317750822 -0.040063747301774554 -0.6908485764511475 0.08268522960684538 0.717137569349442
1643091526706090.0 -3.6249581641448034 0.17806557436077927 3.697201048564699 -0.03866833719090438 -0.6896676153137279 0.08023663820324416 0.7186274570152522
1643091526739424.0 -3.6394331776301283 0.18052185598757137 3.7344319576166005 -0.040634082815097006 -0.6896449361033384 0.08224790814755012 0.718313312577562
1643091526772757.0 -3.666528435914078 0.17067792956978248 3.710830700935173 -0.03940356717011974 -0.6884544448288261 0.07991652436647145 0.7197855134850145
1643091526806090.0 -3.66971164709607 0.18085122023364533 3.7333832860930403 -0.04053026045768103 -0.688296583111495 0.08227589165621317 0.7196080803579463
1643091526839423.0 -3.719449931904128 0.1885238384766409 3.719514804357031 -0.03830231041660363 -0.6873245250047575 0.08023359692865956 0.7208886878482862
1643091526872757.0 -3.7383345662815994 0.1902530229979785 3.745616486147995 -0.04050098178678894 -0.6879115862104049 0.08140982743967282 0.7200762182075127
1643091526906090.0 -3.7554622162832314 0.18699770714738528 3.732656579147982 -0.03998821861775162 -0.6879747342317151 0.07999390778597727 0.7202032228112484
1643091526939424.0 -3.7369972494519574 0.1850045250102553 3.746640288783202 -0.04071039773678094 -0.6876465068505594 0.0822694314468852 0.7202198871051416
1643091526972757.0 -3.7739537401298864 0.17214107703405435 3.7249256919207747 -0.03917027525043192 -0.687408741917197 0.07926434623999372 0.720868971788749
1643091527006090.0 -3.7676150778049253 0.17623338575732822 3.753273183483804 -0.04054463573530785 -0.6873394939389518 0.08154755722917834 0.7206042939747104
1643091527039423.0 -3.798551178220107 0.16626214328456787 3.7256202609279176 -0.0396016560290098 -0.6868499003910449 0.07931294363233239 0.7213725668092363
1643091527072757.0 -3.8010384318086277 0.1846078687817433 3.7629103029429873 -0.040695622135187424 -0.6871134394180491 0.0819025865318788 0.7207710829587415
1643091527106090.0 -3.827687127977448 0.17480723376391646 3.734938617213047 -0.038817759200998926 -0.6866606121997509 0.07965078955114194 0.7215581313712405
1643091527139423.0 -3.834607743379163 0.18591298318504576 3.770225189938763 -0.040181127724409633 -0.6873348453484527 0.0823121823077014 0.7205421514306829
1643091527172757.0 -3.852635688788657 0.17430931919418904 3.736735184288914 -0.03874959760859543 -0.6869084247840165 0.07925376655422738 0.721369617555994
1643091527206090.0 -3.8425477916074215 0.1828768762261694 3.769069807711823 -0.040524324068045355 -0.6874136106165754 0.08181808017999172 0.7205040658133525
1643091527239424.0 -3.862310435186578 0.1700154328682013 3.72990566607799 -0.038845482810203905 -0.6864235734732547 0.07922768445530191 0.721828705622948
1643091527272757.0 -3.8694213846618792 0.18509697270678582 3.773569530838489 -0.03994545313226659 -0.687896537600361 0.08162667039128278 0.7200970774918656
1643091527306090.0 -3.893048399684433 0.1695434582745721 3.7371622881801954 -0.03890520597630721 -0.6868384791651032 0.07934369612734557 0.7214179553982287
1643091527339423.0 -3.8882133507979546 0.18108206901618906 3.7770461428523 -0.04057238110601293 -0.6881819531933571 0.08158162710137933 0.7197943590428144
1643091527372757.0 -3.8977626914207475 0.1652111304894319 3.7381620520246686 -0.03956257804494677 -0.6879725686926088 0.07933146605232559 0.7203020655523069
1643091527406090.0 -3.893627345212489 0.19122244134551497 3.7760702324512576 -0.039436373040162245 -0.6886753276433542 0.08256473532459432 0.7192733347327257
1643091527439424.0 -3.9102389515098155 0.16757670292478644 3.737029456099029 -0.03801570184326466 -0.688064910935931 0.08011518967989988 0.7202104144863826
1643091527472757.0 -3.9176575121272297 0.18533419078115707 3.781648382097686 -0.04027033564769962 -0.6893211468859518 0.0821731762483905 0.7186530634651944
1643091527506090.0 -3.922015752571764 0.16570315636013597 3.736833285626356 -0.039497865558553315 -0.688853889164013 0.07937011383764264 0.7194585624129661
1643091527539423.0 -3.92145265156116 0.19211591364115643 3.7804458009414734 -0.03941111416836095 -0.6899993621838482 0.08219470119473844 0.7180471261424274
1643091527572757.0 -3.935239769070086 0.17089957218246346 3.741343286272055 -0.03752538435566147 -0.6890732102777644 0.08007999673552152 0.7192754343986001
1643091527606090.0 -3.9420115311718766 0.18360418846836288 3.77894810096631 -0.03951885098431846 -0.6900679883787617 0.08176914744713881 0.7180238424714993
1643091527639423.0 -3.956118689781782 0.17172876739735454 3.7362912983680614 -0.03850611809506612 -0.6890321266382461 0.07896156582194665 0.7193865987440767
1643091527672757.0 -3.9809452588676457 0.18913783656450261 3.7756199507178048 -0.038866410813344084 -0.6900862671153395 0.0812321533858295 0.718102836163182
1643091527706090.0 -3.9975593551733373 0.1694306943797952 3.7454969324532783 -0.03822894661961075 -0.6896080169618104 0.07983850125935711 0.7187524916819518
1643091527739424.0 -3.987591514750771 0.18292485752942367 3.7721454737412143 -0.03904058923790513 -0.6902390750361188 0.08092121369802215 0.7179816215328073
1643091527772757.0 -4.010394603701304 0.1774605055070079 3.742635436660139 -0.038524802339377794 -0.6895477610707309 0.07956145299874717 0.7188252221533288
1643091527806090.0 -3.994592991883386 0.18530886024590756 3.777927506096341 -0.03911264667568099 -0.6907344577404756 0.08092993781074088 0.7175001428055218
1643091527839423.0 -3.9996465793629112 0.1644548101796142 3.741774284601659 -0.03858770665018933 -0.6895279462893267 0.0795996502329425 0.718836626685296
1643091527872757.0 -3.9990741495779454 0.18233779996951074 3.7749133290958334 -0.03894736383552571 -0.6905839983277701 0.08113901132287718 0.7176303400396612
1643091527906090.0 -4.007967310752777 0.16833396608829462 3.7321585074534998 -0.03872769346536693 -0.6890829601563404 0.07969510640902162 0.719245111068183
1643091527939423.0 -3.998846994390479 0.1833400534364487 3.7741568834203334 -0.039021711542986344 -0.6903900641982493 0.08093439027896167 0.7178359769158731
1643091527972757.0 -4.003552514948333 0.16360194463566338 3.7420699729084244 -0.03852403688713302 -0.6895394642783799 0.07972234824218151 0.7188153956165352
