1643091511106090.0 0.0 0.0 0.0 0.0 0.0 0.0 1.0
1643091511139424.0 0.0018290830895616476 0.013260250815662736 0.03230588146829881 -0.0001333715611758747 0.0018078044309646668 -0.00028555324108907706 0.9999983162558388
1643091511172757.0 0.00046689053730554123 0.018012860266063264 0.05896344659479292 -0.0003270905759083967 0.0038417370588195326 -0.0013464177970974889 0.9999916605788479
1643091511206090.0 -0.005720355690989141 0.01199724334821272 0.10222832659053344 -0.00047369303488297766 0.005210543627167853 -0.0019415154093731916 0.999984428062724
1643091511239424.0 0.01930483399110752 0.01708079350324199 0.12328034616513721 0.0005325892161918357 0.005491499089777392 -0.0006285573023609241 0.999984582232242
1643091511272757.0 -0.0077716329725364 0.013355015852274625 0.16505746963292414 0.0002771141576251076 0.008074633480325185 -0.0004882076207680286 0.9999672420410686
1643091511306090.0 0.0395474308741428 0.028339445562237903 0.19775625192448487 0.00016917992029480059 0.006885740981022432 0.0006174895184486206 0.9999760880421048
1643091511339424.0 0.006089069240140971 0.018476895779219453 0.22862836502797013 -0.0005367655069649296 0.010455275336148531 -0.000945123995477555 0.9999447513943303
1643091511372757.0 0.047177226344607255 0.04412183017121632 0.26915675137024214 0.0018661907572631805 0.009109248770614878 -0.0012691670462193912 0.9999559630973263
1643091511406090.0 0.027664005461563248 0.04803933462530671 0.3224246525525874 0.0026708683993802635 0.01256744927934036 -0.0005776137271987251 0.9999172926012364
1643091511439424.0 0.07105006679270531 0.055292422210275374 0.3312708316508803 0.003973420475147612 0.010828943109433756 -0.0004270507439964921 0.9999333795551194
1643091511472757.0 0.012090912534006902 0.028458462357676583 0.3826967859780739 0.0016830995189295946 0.01630052561939597 -0.0013828829440409945 0.9998647646933578
1643091511506090.0 0.08394362697274764 0.046479494532297966 0.41503213861291544 0.0011265026946129873 0.013679735235507945 -2.4900458082161733e-05 0.9999057931703028
1643091511539424.0 0.025631730734328655 0.038472610045997155 0.4281867505213259 0.0005057697907744725 0.017752427141066306 -0.0017901151208957007 0.9998406828167045
1643091511572757.0 0.08945003522254727 0.06448286126316051 0.4796732429702032 0.003066685904094512 0.01604110651617244 9.968167409867722e-05 0.9998666253070287
1643091511606090.0 0.05578562951245885 0.05087061813606688 0.5245978088885055 0.0033914939140732916 0.01777125113824663 -0.00029624499875021977 0.9998362829188151
1643091511639424.0 0.10873435412007285 0.06313476320155052 0.5510623547883414 0.0038355657206473226 0.016889919633576365 0.0006471570028850461 0.9998497888373971
1643091511672757.0 0.035838379584019725 0.04963214087180373 0.5708082129220212 0.0023028124660195897 0.022201186415232686 -0.001954766331792175 0.9997489601220352
1643091511706090.0 0.1064592044650881 0.06930801185736823 0.6132803979025455 0.0035897151355167136 0.020231057405659284 -0.0008261935283670696 0.9997885454763665
1643091511739424.0 0.06838172553782355 0.06859696822627617 0.6593278557253457 0.004471019817352836 0.02238263617889709 -0.0018731929709946713 0.9997377249696889
1643091511772757.0 0.13543870172526742 0.06580957330487283 0.7055456526430858 0.003459107318881286 0.020025129154025652 0.0010126513856429642 0.9997929802294535
1643091511806090.0 0.06580380635952736 0.06258368261964857 0.7233603640779925 0.0026490354156845177 0.0249536061649076 -0.0007911733869170851 0.9996847874182165
1643091511839424.0 0.13954343942146744 0.09103378270478703 0.7599471749094991 0.0036181122363036335 0.022155357719709667 0.0003264133526143216 0.9997479396540312
1643091511872757.0 0.08003014388519185 0.10086439992417512 0.8111407837391233 0.004383450744920864 0.025910022044802437 -0.002786516093950363 0.9996507847469849
1643091511906090.0 0.16002665341392638 0.12556081578845255 0.8309127348009092 0.007128912061066073 0.021523904497605394 -0.0015487052501482958 0.9997417174750945
1643091511939424.0 0.1018963526213131 0.10606161455487433 0.8868123903785581 0.006161903674059578 0.026146081244238832 -0.00202913717800941 0.9996370821358089
1643091511972757.0 0.1636212164498802 0.12046057734074123 0.9109792025174409 0.006738128308643586 0.023695168625748612 -0.000684928380484382 0.999696287621299
1643091512006090.0 0.11565503618209984 0.11934850339734172 0.9695418827353145 0.005732409156586929 0.027406196334408342 -0.0023837769315883947 0.9996051007749419
1643091512039424.0 0.17675703748404337 0.14099098577581043 0.9699281590377208 0.008049098152554657 0.024652842633648326 -0.0013531830539414652 0.9996627522642991
1643091512072757.0 0.12098679281011938 0.13206721539780525 1.0352182012223505 0.007629835266351605 0.029128944583987657 -0.0023031344322847046 0.9995438888678266
1643091512106090.0 0.17640221463533867 0.12664896884520147 1.055516041206539 0.006481040946281658 0.027504592425756272 -0.0013668705139332996 0.9995997324773271
1643091512139424.0 0.12823029823731444 0.12206913172562575 1.110009700640349 0.005300068853575646 0.030993770585567973 -0.0026462286084612706 0.999502022473786
1643091512172757.0 0.18572754775869407 0.13730492159564162 1.1102439064256655 0.0071844130468718525 0.029273740880325274 -0.00043811624194283773 0.9995455169016577
1643091512206090.0 0.14877049684024088 0.14575706291781323 1.189025395295824 0.00767333704068289 0.0321707771909504 -0.0022777130255577276 0.9994503354429191
1643091512239424.0 0.1968735672027059 0.1435135078097804 1.1790951538582186 0.008420726586391782 0.030763700303491178 -0.0016132849002746124 0.9994899116145319
1643091512272757.0 0.14851413975677744 0.13210550268968949 1.2489745682538906 0.005899091102183224 0.03393771868868623 -0.0021507117097119715 0.9994042257332703
1643091512306090.0 0.21181983924885858 0.13717488845729855 1.2616022379512508 0.0049073415654612785 0.03118339714186554 0.0009358653790714757 0.9995011945452816
1643091512339424.0 0.15371316960716205 0.1672561570204501 1.3243593322544043 0.006808031026748309 0.0359731165316219 -0.0006845017266760328 0.9993293336322753
1643091512372757.0 0.2153874096601744 0.17497281618442154 1.3191282181068638 0.009170204389189428 0.03250509441598957 -0.0006872947919759777 0.999429264037399
1643091512406090.0 0.15162388832289977 0.17014995605154246 1.3879854784291676 0.009230066550439906 0.03726692558932116 -0.00253381440887067 0.9992595067914719
1643091512439424.0 0.20665122518884937 0.17425706645437172 1.4204174701064576 0.0078554569380772 0.035417095910580815 -0.0021189086076355682 0.9993394975381825
1643091512472757.0 0.14702912322700606 0.1749034981657281 1.4674128975042813 0.007183378896325469 0.0396113395703907 -0.0031073086252407234 0.9991845102273046
1643091512506090.0 0.220621374092651 0.1898116769093509 1.4722778496758264 0.009513629235519775 0.035962941566462084 -0.0025652594317213512 0.9993045467407341
1643091512539424.0 0.15393962461802205 0.1790773149085554 1.5326784510752376 0.009824586548536992 0.04088490114360644 -0.003549055757314418 0.9991092565684994
1643091512572757.0 0.22330014539109175 0.1867719449478817 1.5609627633712282 0.009756404785282205 0.03863842546936288 -0.00239428349100553 0.9992027582275176
1643091512606090.0 0.16400356654185752 0.18389291172496497 1.613414873250638 0.008350881582406319 0.043294961557309775 -0.00347081093652801 0.9990214024494123
1643091512639424.0 0.2380661142235528 0.1962923075170663 1.620220482558446 0.009168161525593067 0.040195599662531355 -0.0028430192230143258 0.9991457230172723
1643091512672757.0 0.17262776320065232 0.19188905010638896 1.668171539569832 0.009515698238187905 0.04491898722549047 -0.004596504107472749 0.9989347367189039
1643091512706090.0 0.2434469491232364 0.19414430700416746 1.6895546535562393 0.009985299590370282 0.04240578164384076 -0.0037560357976266644 0.9990435103989977
1643091512739424.0 0.19044103561974526 0.19854707677125094 1.7556393891931534 0.009269419686487205 0.046563901330924834 -0.005517246840891674 0.9988570673218549
1643091512772757.0 0.26862240533777426 0.19845836865849317 1.7854478661894784 0.00827132989585017 0.043618296478250544 -0.00377199860115484 0.9990069075540181
1643091512806090.0 0.18815159557424735 0.20169743078677063 1.8226469343985205 0.009934596921658803 0.0497659720510646 -0.004071908724357975 0.9987031948327577
1643091512839424.0 0.25648810946307743 0.20323103466864723 1.836405020760528 0.011231583335224291 0.04794632963887757 -0.0025420486906675443 0.9987835295990809
1643091512872757.0 0.2031678376257254 0.20109241980689135 1.9003249890433684 0.011113244613354058 0.05156729614581122 -0.006743723683461795 0.9985849147434859
1643091512906090.0 0.2773860382455949 0.19798430642315246 1.9335593730082323 0.009802085928701137 0.049847026862347 -0.004716081122992678 0.9986976277148515
1643091512939424.0 0.2175135983654241 0.21939039790440762 1.9771588152096213 0.010633139954930546 0.05430757953264426 -0.005172439220780743 0.9984542398189872
1643091512972757.0 0.2897160149459603 0.22312970899133147 1.9722399845502614 0.01122696358514625 0.051386680430049535 -0.003765807567388723 0.9986086235640083
1643091513006090.0 0.21911844798996793 0.22580451041670202 2.0333407294781303 0.01149732839912759 0.05616707613949889 -0.006705347304078396 0.998332664653999
1643091513039424.0 0.28589840413831896 0.22691772663114196 2.0663474298269824 0.011767437414270328 0.05431474947176972 -0.005805057230060477 0.9984376478864746
1643091513072757.0 0.2269265406871293 0.21942721583881855 2.1199708689618455 0.011055576199179414 0.0586521110217414 -0.0063635413033406064 0.998196979282986
1643091513106090.0 0.2998658666860793 0.2196151891773992 2.1378063889758154 0.010939053610892329 0.05674852593786377 -0.0039908281932086115 0.9983205974036146
1643091513139424.0 0.23238059824801335 0.22046671727340159 2.1983000775751838 0.010237341069242473 0.06235043127188124 -0.006501433221019031 0.9979806370537031
1643091513172757.0 0.31461935435920135 0.23554466768352764 2.1903347615102016 0.012376762805192707 0.05867866926528378 -0.006916464127272066 0.9981762329567337
1643091513206090.0 0.24664997916619824 0.23589391200071064 2.247045344102728 0.013075183468901028 0.06333791855722833 -0.008661051728258675 0.9978688961146414
1643091513239424.0 0.3249107935096257 0.23214131323602624 2.279693004140426 0.011741465921996559 0.06077110525407266 -0.005953309719983091 0.998064912141279
1643091513272757.0 0.26278035251627574 0.2315708791249774 2.341603671948571 0.010223854117179163 0.06498189029030775 -0.006313381401986195 0.9978140948877011
1643091513306090.0 0.34033276403417434 0.24575520552631103 2.350195254116715 0.01148245637474033 0.0621077601522347 -0.0042389276947098166 0.9979943941808861
1643091513339424.0 0.2610514969101686 0.24651421419838732 2.3952963745581894 0.012622506886666501 0.0665710121036557 -0.007157144880581031 0.9976761738883761
1643091513372757.0 0.34959858258823395 0.23826517277031115 2.407237340118884 0.012159271947599817 0.06173538995323546 -0.005967369197639227 0.9980006434055467
1643091513406090.0 0.30093863042803487 0.23826998411134734 2.4545995672366887 0.012262861356732761 0.06317474737715116 -0.006491702667782091 0.9979060232915983
1643091513439424.0 0.36837665966586813 0.24717312577885125 2.4740550103948116 0.011791062800670361 0.058994260228246415 -0.004982159699317994 0.9981762500595188
1643091513472757.0 0.2896165381368931 0.24486487578774122 2.5368785857939535 0.009895880574987422 0.0629574831137628 -0.006153336361668557 0.9979481766701345
1643091513506090.0 0.36817255308178415 0.24842827407812126 2.532059336444051 0.012406681283559826 0.056032532536016026 -0.005910799648820001 0.9983343588220532
1643091513539423.0 0.2952145068901262 0.2490654906149774 2.5967676288496238 0.01291789054885424 0.058531856224140255 -0.00751311032964385 0.9981736838265668
1643091513572757.0 0.37566473833821307 0.25002979191324104 2.6040732760507406 0.011692834708483892 0.05194267981319559 -0.004909314793053289 0.9985695440271382
1643091513606090.0 0.29900695118010456 0.2608299787499752 2.659756172761756 0.011749501645883863 0.055228668338862245 -0.005828785197415261 0.9983875843918091
1643091513639424.0 0.38095599547519937 0.2564772143395494 2.6678061917615112 0.011673931914147862 0.04920810577314397 -0.005667494116128143 0.9987042410795733
1643091513672757.0 0.31172834649989933 0.2651700540435183 2.7274924399380565 0.01386617070212021 0.05175115685222854 -0.0059209849787445505 0.9985461877206268
1643091513706090.0 0.38748353482047454 0.265044820532022 2.7457122327698436 0.014275240550839481 0.046537910360943284 -0.005385935216023525 0.9987999960494099
1643091513739424.0 0.3147906929075129 0.27518469377029264 2.8203241409927693 0.012960529909685707 0.04955822191845392 -0.006932427116002532 0.998663080702908
1643091513772757.0 0.3970064542232967 0.2723449319585975 2.8198580653458607 0.01142580894997205 0.0439604743033542 -0.0054501989699384384 0.9989530634219262
1643091513806090.0 0.32566092712773337 0.28828571495235206 2.8689437063159775 0.01316645301793612 0.04688465704932234 -0.004591291419126492 0.9988029803176393
1643091513839424.0 0.3872393087523989 0.27941296282866335 3.1093567392074486 0.012233744020926475 0.04459861921093499 -0.0037463154143987515 0.9989230519877516
1643091513872757.0 0.36112117475875233 0.24946461838062614 3.214511646434233 0.009202280893693354 0.04547428020701862 -0.005125881091725526 0.9989099725245718
1643091513906090.0 0.43302356405668035 0.24217882900194151 3.2407002792496926 0.007203381627120554 0.04170216611683785 -0.003405926464391064 0.999098313630454
1643091513939424.0 0.36942567649870045 0.26335101432003044 3.269888667580665 0.009094940623730917 0.04545935283921101 -0.004414216287790027 0.998915033418286
1643091513972757.0 0.4407089824645384 0.27864570885386764 3.29623383058061 0.010699322287879249 0.04137580434150124 -0.0033184076280110635 0.9990808553307826
1643091514006090.0 0.3665034111194285 0.27699163235278995 3.3457546814183683 0.010891242175339936 0.04639947121564667 -0.004043722763123809 0.9988554040605684
1643091514039423.0 0.4364628372417271 0.27038881816102434 3.369886197840667 0.009354712119512902 0.04326796237372253 -0.0033333235809482396 0.999014144918425
1643091514072757.0 0.3667461307857989 0.2738555701468411 3.4238364886292634 0.008387609382180326 0.048720756704794546 -0.005181313383446309 0.9987637808143559
1643091514106090.0 0.45503784136768544 0.2824393322414158 3.4331964924448375 0.010643560071355536 0.04414012980802192 -0.004035591312331975 0.9989604985044694
1643091514139424.0 0.3866686031948942 0.28273535267865657 3.4741717824901754 0.012625886634536357 0.049078896773472935 -0.004730107026643687 0.9987038975420628
1643091514172757.0 0.47209606485683775 0.2846532589714938 3.498551115780125 0.013637450557482486 0.04492905684831928 -0.003233032538587049 0.9988918596593013
1643091514206090.0 0.40558835826853573 0.2842612256357404 3.5453806825258765 0.012620172944543146 0.04915618377266861 -0.005090408316335524 0.9986983972025442
1643091514239424.0 0.47652921010016647 0.2898258718868425 3.56661079160286 0.01169001558252361 0.047489706651698084 -0.0037211390142005475 0.9987963878700469
1643091514272757.0 0.4089069929412556 0.2931040683211233 3.6150115487455685 0.01229206483083413 0.051980849468118394 -0.005785359694447995 0.9985556699773794
1643091514306090.0 0.49516597563960113 0.29552049928081603 3.6390878546048935 0.013743647088032525 0.048136869873722704 -0.004757039692685045 0.9987348619612925
1643091514339424.0 0.4240645119196144 0.2829863902264378 3.6916493144403635 0.01209917336829351 0.0531626243877946 -0.005192265592927324 0.9984990664742851
1643091514372757.0 0.5198661246624561 0.2871961112581205 3.718136680505114 0.011580966093466337 0.048319868175556696 -0.0022470234073409985 0.9987622452063581
1643091514406090.0 0.4488790137003697 0.2967387278707636 3.768925267042691 0.011767935240602314 0.05184068910036479 -0.004061149570414732 0.9985777714920051
1643091514439424.0 0.5334806162759383 0.30138918647410035 3.7907601353411917 0.012222359482976515 0.047676074619394146 -0.002327598517582463 0.9987853563817883
1643091514472757.0 0.4505258997476164 0.30431382532672585 3.8457263560713844 0.01322558420667508 0.05244218499203285 -0.004918985034450822 0.9985242634717918
1643091514506090.0 0.5432263731430963 0.2986315980239181 3.859169612119966 0.012598583485931176 0.04717639185550711 -0.002431275331213918 0.998804161307865
1643091514539423.0 0.46329446386397927 0.30556556217746067 3.907608579447219 0.0122080452257308 0.052054521498517324 -0.003992936316906241 0.9985616390002653
1643091514572757.0 0.557845277667179 0.3089082669087223 3.918836119407712 0.012193527361924271 0.04730502787829194 -0.0025114209829574614 0.9988029059792298
1643091514606090.0 0.47428622587025554 0.30786062456283647 3.977305048771217 0.012544894161762458 0.051975162498523665 -0.004924889604477675 0.9985574362930285
1643091514639424.0 0.5629344013380551 0.3114694167225089 3.9901911615772865 0.014196017427827532 0.04713099162356829 -0.004184053569759831 0.9987790728752247
1643091514672757.0 0.4689425429689952 0.3067506322821313 4.056537346500198 0.012669485965011574 0.05469778430379623 -0.006870239367291628 0.9983989364621108
1643091514706090.0 0.5800689727961804 0.3154871053273447 4.074279736385088 0.01249204596378147 0.047616967255510165 -0.005605669370991525 0.9987718206316845
1643091514739424.0 0.499600205554208 0.31436860013681156 4.118076207875415 0.01199923349019596 0.0519249920152118 -0.005143953518005057 0.9985656479881894
1643091514772757.0 0.593368560694396 0.3258570514085618 4.12689452965493 0.014356087129339154 0.04748699541387607 -0.002694604028908989 0.9987650510195201
1643091514806090.0 0.5070368270653226 0.3257506156998286 4.1913478080112885 0.014891952884911937 0.0524393217465927 -0.006501718704843255 0.9984919002815765
1643091514839424.0 0.6055791898723455 0.327427321911646 4.220205164535893 0.013252046171279846 0.04844495868070939 -0.006100276660891329 0.99871930785149
1643091514872757.0 0.5186508112080835 0.3230597007967794 4.268937960771909 0.01170534120019335 0.053199557250707914 -0.006538211947096866 0.9984938877530751
1643091514906090.0 0.6194496803654812 0.3270077095165615 4.280576075354478 0.01325973733094762 0.048627976620232036 -0.0030359010948482323 0.9987243276101162
1643091514939424.0 0.5317032546711329 0.3305136250111508 4.331575172069312 0.014919187033855218 0.05338506356657951 -0.005843800014974222 0.9984454431002358
1643091514972757.0 0.6390713243737293 0.3293679587985805 4.349580635974978 0.014535349238500124 0.04804142371504367 -0.004617200060945904 0.9987289055061657
1643091515006090.0 0.5416884736247555 0.3319995777307127 4.404861150230327 0.01329409486237906 0.05386479862588284 -0.005662557920004314 0.9984436819112963
1643091515039423.0 0.6438284938044853 0.33520916388023525 4.423400543772745 0.013580368763793631 0.04873740376970355 -0.0039862642712276365 0.998711344060529
1643091515072757.0 0.5461329527674806 0.33945246078792113 4.479010571332273 0.013904747727094666 0.05476103890573809 -0.005653231956883512 0.9983866623593545
1643091515106090.0 0.6575198313919624 0.3394836827675458 4.493194781746943 0.014197600647321583 0.047965013180658655 -0.003397723797748632 0.9987423296924149
1643091515139424.0 0.5718924773982917 0.3379535182366287 4.551415995452332 0.0130135994772745 0.05252881015642062 -0.004227605957592881 0.998525662003768
1643091515172757.0 0.6780590429712635 0.340341503051214 4.582642401168874 0.012682081163541916 0.047491978625485716 -0.0013966577098240927 0.9987901311741317
1643091515206090.0 0.5846305098519607 0.3443584318018672 4.636037727192877 0.013341006114943824 0.05214344821182995 -0.002697768745196484 0.9985468443734719
1643091515239424.0 0.6778529913057928 0.3482249000717878 4.656802116082176 0.014048109127629636 0.0471519448495814 -0.0019328633338243984 0.9987870687820167
1643091515272757.0 0.5782674550336393 0.35395828570414256 4.710022221880142 0.015150401716124645 0.05342787722938859 -0.004120305297047527 0.9984482712423617
1643091515306090.0 0.6713725361727058 0.3455741793458404 4.742751213800908 0.013586287684163787 0.04700820382848673 -0.002961522348248362 0.9987977127252362
1643091515339424.0 0.5861762873737976 0.34907867302787493 4.780411512218404 0.01435065062940065 0.05150009391735285 -0.002129204750011288 0.9985676069451429
1643091515372757.0 0.6721699514320641 0.3576365354224672 4.787839478082185 0.014792740747694487 0.0470366397731436 -0.001050387985024776 0.9987830725563503
1643091515406090.0 0.592881368552685 0.3555216693982712 4.835081060411505 0.01687437478869874 0.05059938704804071 -0.002216704501543463 0.9985740051328225
1643091515439424.0 0.6861624070719837 0.34985238569856 4.869001237707315 0.015509334447537102 0.046146921578588664 -0.0012503033925248316 0.9988134755374701
1643091515472757.0 0.6090722012335124 0.3553245467850489 4.9109869724107735 0.013953337722470885 0.05120476283507205 -0.0027209808039182774 0.9985869881451848
1643091515506090.0 0.7242354890986754 0.37735363988716675 4.9284805764303785 0.014661503394186563 0.04321022769478869 -0.002039853281006 0.998956333149442
1643091515539423.0 0.6279721257002242 0.36719626165561214 4.973926992783415 0.01498022100246749 0.04956170784200626 -0.00315017030725506 0.9986537470622819
1643091515572757.0 0.7321379533900598 0.3814701428009515 4.989711588431138 0.017290640088179675 0.04221943976260233 -0.0023015344700137975 0.9989560829238473
1643091515606090.0 0.6404820647957965 0.3669698938343725 5.039083285782455 0.016846916155858305 0.04795767407462276 -0.0038935240138529073 0.998699696297212
1643091515639424.0 0.7422973125659361 0.3847645743184613 5.052481309163034 0.016762068932047614 0.04134462375542673 -0.002116273593622135 0.9990020903470204
1643091515672757.0 0.6476594222704074 0.37205310339114145 5.101773520444651 0.01527331485492239 0.04721039445369857 -0.0020329800013686363 0.998766124526249
1643091515706090.0 0.7495291829425886 0.38681428632080034 5.116188323056553 0.016898822435223157 0.040080307345262994 -0.0011373043595818606 0.9990529041558338
1643091515739424.0 0.6565495753091178 0.3751463320391052 5.161313086796487 0.01685948543622953 0.045287470835124334 -0.0028081730483513535 0.9988277713902002
1643091515772757.0 0.7591014522960347 0.3913849874514705 5.177675743501123 0.018123869034295404 0.0382565138608021 -0.001932997583138571 0.9991017105574334
1643091515806090.0 0.6651139210648641 0.3825289902465553 5.218028161391756 0.016652277177509844 0.043816456631391824 -0.00272665911078422 0.9988970843501178
1643091515839424.0 0.7704750833633961 0.393945148850813 5.239517504084538 0.01743851075688131 0.036143313751721584 -0.0017739924279307074 0.9991928803611905
1643091515872757.0 0.6741260130883536 0.3904195787249776 5.27880314289965 0.01911006703922581 0.041826462560635935 -0.001866371405533023 0.9989403731080232
1643091515906090.0 0.7822945857690965 0.40073589220517447 5.302840388711674 0.01912494073437724 0.03447099024314377 -0.0020682991461622997 0.9992205510357588
1643091515939424.0 0.6864120101415295 0.39078341166657565 5.343883033537915 0.018001729697756073 0.0401648918979213 -0.002961401029351405 0.9990265007949792
1643091515972757.0 0.7909508476160441 0.40040123155212154 5.368260762981084 0.01842831257321657 0.03295277861507238 -0.002736904498102509 0.999283253652846
1643091516006090.0 0.6947833178790195 0.395720743192619 5.413104394418467 0.018962245174516883 0.03888803760447019 -0.0024468116289507974 0.9990606422545467
1643091516039423.0 0.7988580751661443 0.4042207884605969 5.430599757589045 0.019410370238495477 0.031693161092228854 -0.0010324425821121783 0.9993086185606033
1643091516072757.0 0.7013254205188376 0.39960612568532106 5.463211298293151 0.018340384796131728 0.0382189913782077 -0.0018168960992366301 0.9990994134079586
1643091516106090.0 0.8088869942814131 0.40658439307778094 5.488138741085693 0.01940941876771914 0.030634854764752712 -0.002041082943330385 0.9993400893174756
1643091516139424.0 0.7105116107762086 0.40139041810360526 5.537039607494582 0.020777294265094733 0.03715382385040933 -0.002229017295326835 0.9990910513552864
1643091516172757.0 0.8189116188640102 0.40574570967548623 5.560398572917757 0.020078352378677132 0.029831169984369056 -0.0018889522017555482 0.9993514861762607
1643091516206090.0 0.7261023829675259 0.39301538971614525 5.60412635452664 0.01715872990665385 0.03547413383545665 -0.002550753573992862 0.9992200245555628
1643091516239424.0 0.8295751234859208 0.40691508918201796 5.619362241423434 0.017692391750259343 0.028401646031589164 -0.002262670897874643 0.9994374448144615
1643091516272757.0 0.7379849903495902 0.41194632633056055 5.670733631947706 0.019961323282861432 0.03442669520914753 -0.0035001426627996293 0.9992017299980589
1643091516306090.0 0.8394904598869152 0.41386013664055815 5.687955263184679 0.01977982118844618 0.027799435929568912 -0.002397064175104856 0.9994149309066237
1643091516339424.0 0.7423481204315021 0.406954617462501 5.724376057140195 0.017892837858693507 0.034131923830820254 -0.003950603879461146 0.9992493436865281
1643091516372757.0 0.8435357055695152 0.4143031685434021 5.747703254551962 0.01776108684364749 0.027575599942273783 -0.001218756475160406 0.9994611771922961
1643091516406090.0 0.7453330628815966 0.4228135215006736 5.787999489010174 0.020228064920388665 0.03411935421853151 -0.0019613354112425064 0.9992111129389483
1643091516439424.0 0.8514146661686038 0.42015978551414523 5.813941119176473 0.02128536614252141 0.026791435898575307 -0.0007169014984102193 0.9994141474898747
1643091516472757.0 0.7533796707107902 0.4151662956112543 5.851119612960502 0.02055136194228972 0.03390590061568847 -0.0013585418939043965 0.999212783039568
1643091516506090.0 0.8579850296821095 0.42504034637030885 5.866727183889608 0.019952844176763403 0.026692454645113967 -0.00025553911410032575 0.9994445115032837
1643091516539423.0 0.7618397091412417 0.42957990924770895 5.903146430536197 0.020576212888775612 0.03317318241782237 -0.001387254990742347 0.9992368262604318
1643091516572757.0 0.8664542062118815 0.4410308492734424 5.923106996480485 0.023454705957777832 0.025822466307158502 -0.00022202091398232262 0.9993913286140537
1643091516606090.0 0.7686790958428124 0.43590858651749864 5.9575366396425435 0.02340444507628927 0.0322595561531733 -0.0017828797264256523 0.9992038702523887
1643091516639424.0 0.8738797887247044 0.43767266252979653 5.988426547085851 0.021498129774373743 0.025501107862780526 -5.195458132632613e-05 0.9994436058201066
1643091516672757.0 0.780941789317507 0.4456531591082326 6.021021027155255 0.021948668820095822 0.03102641053819021 -0.0010098085963077981 0.9992770376991259
1643091516706090.0 0.880913841659671 0.4553481749427071 6.05063666780938 0.02289038797365497 0.024488600090755666 0.0007335152487359086 0.9994377422127857
1643091516739424.0 0.7883648132655011 0.45630712228578374 6.09397732432588 0.02358942065966325 0.030844498549228657 -0.0010012417980408866 0.99924529203647
1643091516772757.0 0.8918831702363421 0.45293074320661514 6.128596526852164 0.02328192813012355 0.02334771065210263 -0.000786401173355779 0.9994559609122574
1643091516806090.0 0.7917976150569417 0.4469043443458515 6.16126115982312 0.022422889328259657 0.030526921772369316 -0.0011750263896587129 0.9992817122284685
1643091516839424.0 0.8931472696599878 0.44631629445290605 6.18821741050569 0.021590707172981588 0.023974884912785193 -0.0001856411268292609 0.9994793703696747
1643091516872757.0 0.7997737642335182 0.45912012420849174 6.215879487549435 0.02322769642578531 0.029490403583092854 -0.002888366801764269 0.9992909724161808
1643091516906090.0 0.8962262264964739 0.46765252930370776 6.242093096502594 0.024442987804579205 0.023536147233647626 -0.0011946242450750618 0.9994234152717728
1643091516939424.0 0.7988759195978538 0.4651214977253098 6.2666303916989206 0.024562277645293788 0.02882222976695698 -0.003249819942037949 0.9992774450864388
1643091516972757.0 0.903057231531961 0.45459099155898264 6.311286727242702 0.02336410175078492 0.02275081271606014 -0.0018151920225673744 0.9994664698468173
1643091517006090.0 0.8129225354780101 0.4535702961205755 6.34014395639246 0.022940530610301203 0.028450454842366486 -0.003789439669486142 0.9993247439254027
1643091517039423.0 0.9209252626382722 0.44785487241050864 6.372836828254414 0.0221884236600395 0.022077326893294485 -0.001735499319909603 0.9995085059842361
1643091517072757.0 0.8871748447806066 0.42739037552892273 6.523822318629595 0.01729914482762445 0.023899146458242537 -0.002857011869854623 0.9995606074020604
1643091517106090.0 0.9903275901138977 0.4316625023893191 6.635968077966767 0.015926584020940267 0.017124428101981413 -0.0020966292411723876 0.9997243130130572
1643091517139424.0 0.8925126741891024 0.4347318444054339 6.697515507867421 0.016206806233775472 0.025040115577225564 -0.0023089750902193385 0.9995524001660007
1643091517172757.0 0.9660665765066233 0.43548713844033693 6.701843396866887 0.014943128296616532 0.020358574137264995 -0.0014500333293210213 0.9996800131937981
1643091517206090.0 0.8506510659634738 0.43710511682350234 6.7199470905619965 0.015268897592929547 0.028604658097332297 -0.002765332945322778 0.9994703533547821
1643091517239424.0 0.9678407584061091 0.4394145297863649 6.755430262395253 0.016503500178462922 0.020208090584653098 -0.0018547467483182754 0.9996578552041101
1643091517272757.0 0.8815693108772902 0.43252132635700996 6.795596543461271 0.01662893638647239 0.02616704308074028 -0.0022348470493028425 0.9995167681383497
1643091517306090.0 0.9789891807885275 0.4421395699828625 6.821745089803052 0.01699209128530948 0.01970430147854154 -0.001227983568006647 0.9996606931321002
1643091517339424.0 0.8812525203353501 0.45144256614627376 6.8617669922214075 0.01680055916677732 0.02726060998575044 -0.0026805764636130556 0.9994835740844925
1643091517372757.0 0.98685237645695 0.44589511098498685 6.889524256376789 0.015988581941458028 0.020348934629110603 -0.0015838885592323378 0.999663832197601
1643091517406090.0 0.9029267516824486 0.46097539529558995 6.910200980318256 0.01857428676797281 0.026004303839078813 -0.0021412950019263407 0.9994869618502389
1643091517439424.0 0.9999861989391318 0.4624897816094809 6.945915946559552 0.01911113887720515 0.019592585297043195 -0.000756729199149456 0.9996250908881356
1643091517472757.0 0.9096660856332945 0.4618846875268836 6.9894216771978765 0.0191434332921882 0.026365391975822557 -0.0007698457264581998 0.9994687600947346
1643091517506090.0 1.0045990287346267 0.4544139455443878 7.020982789731336 0.017387423625952463 0.020293634076065676 -0.0002357225468798372 0.9996428313905518
1643091517539423.0 0.9079486856915784 0.46954393102302 7.044860778883635 0.01935308192511605 0.026882350887669156 -0.0021359512510209662 0.9994489657521314
1643091517572757.0 1.0077841175285345 0.47214947317212935 7.065345908470535 0.020554433421446514 0.021065146240172236 -0.0008834514066622598 0.9995664031940127
1643091517606090.0 0.9122699688216344 0.47555259972724023 7.1031217797612705 0.02190674775002302 0.028089496930354237 -0.0007804025781217185 0.9993650311758123
1643091517639424.0 1.0200769056846168 0.4613816332186756 7.143283252998451 0.019982875193992937 0.02157085749000729 0.00027313395555586957 0.9995675606000674
1643091517672757.0 0.9384690679383777 0.45952512320112693 7.19345008229688 0.01911466174155011 0.02731570559609713 -0.0008700756920638597 0.9994437077207418
1643091517706090.0 1.0426032282050977 0.45839831866375585 7.230586487094511 0.018807193310740888 0.02076164048002872 0.0012466330351788297 0.9996067675193212
1643091517739424.0 0.9458893587375666 0.44463941745648144 7.268365327779384 0.018039045065136452 0.027417514772995522 0.0003870745931911787 0.9994612163111033
1643091517772757.0 1.0397097111969287 0.45327444854285615 7.283581353690085 0.019808143377584155 0.02100016695930342 0.0008911255366626219 0.9995828311545233
1643091517806090.0 0.9279505096985151 0.4542943273833355 7.318425476456154 0.019725399694366274 0.029394590074140872 0.0009355020113782323 0.9993727990681242
1643091517839424.0 1.0279156428020686 0.4684166858557865 7.333297818671304 0.019803583968671795 0.022771702427957348 0.0016737974298000617 0.9995431286506312
1643091517872757.0 0.9288465964127309 0.469055372405279 7.391747842563526 0.020321118609347138 0.030163149113387567 0.00018919655017296744 0.9993383815198403
1643091517906090.0 1.0397296377922847 0.4637813950226872 7.430014450474194 0.019817179938253104 0.022319720422353553 0.0011923237186912993 0.9995537443397992
1643091517939424.0 0.9337144770149857 0.4705761396970876 7.456803252412081 0.02127296950354842 0.029580878244763454 0.0015093246880211004 0.9993348559665853
1643091517972757.0 1.032055391207636 0.47095698030002336 7.4722950666194565 0.02008668480501501 0.02354324649794496 0.003300301328077238 0.9995155569819936
1643091518006090.0 0.941794747916439 0.470949714569412 7.5142420635604905 0.020069663226747192 0.030562776988798872 0.0015877425827894793 0.9993300777792035
1643091518039423.0 1.0499735314171368 0.4653959122311589 7.538455584048075 0.01966493216375762 0.023773721301654165 0.002471718264722517 0.9995208808360564
1643091518072757.0 0.9534704560446716 0.47270240263595326 7.5772040075436 0.020879255246024395 0.03066192602636399 0.001841779181249281 0.9993100173830806
1643091518106090.0 1.0577420058236027 0.4769960020789909 7.6037800674954505 0.021104359926346534 0.023535887651075952 0.0018224787829967603 0.9994985475505508
1643091518139424.0 0.9607995523457293 0.4775357820708424 7.639276145823043 0.02160182936722433 0.03070912935558836 0.0006902986334703996 0.9992946681685076
1643091518172757.0 1.0730510092292058 0.4739280095419217 7.665647771410485 0.02102618688592719 0.023211362102967554 0.0013403827597616234 0.9995085469911802
1643091518206090.0 0.9684355798462049 0.47731675549481534 7.701205665391289 0.02165231250639777 0.03144653602464519 0.0011356649328475624 0.9992702352218524
1643091518239424.0 1.0674363830420885 0.48101003910804857 7.718758635302651 0.021929018499089858 0.02558791344453165 0.002956400748590575 0.9994276544742172
1643091518272757.0 0.9698904591585916 0.4728221658231196 7.774857417007202 0.021958531682361605 0.032440588930245415 0.002127506994266072 0.9992301560652594
1643091518306090.0 1.073727245124043 0.47727364345271606 7.794577367903873 0.022427317128441072 0.025529509197023723 0.0025510021714778754 0.9994192073371917
1643091518339423.0 0.977462099067189 0.47270458397779047 7.8483692934942555 0.02084081477634309 0.03222415500988029 0.0011772417337964376 0.9992626673579164
1643091518372757.0 1.0813689418382613 0.48276550195941786 7.871371640543743 0.020041783468314606 0.025506941712102035 0.0019433975979770474 0.9994718335429372
1643091518406090.0 0.9947364421980098 0.46477022006149676 7.927609818457595 0.01802347001488898 0.030770818770059126 0.0015589999352526153 0.9993627373281658
1643091518439424.0 1.101876603798225 0.4587574826550521 7.967635781872047 0.017894444008584663 0.023829791598035582 0.0011529125289486165 0.9995552014264737
1643091518472757.0 1.005888279199523 0.4653183185795972 8.000241893145272 0.019898030839777155 0.030781835444916365 0.0013702680859451594 0.9993271082787227
1643091518506090.0 1.108502407264996 0.4867125421583025 7.999250824129728 0.02244654700853265 0.024630391323202383 0.0018900398724869363 0.9994428068178489
1643091518539423.0 1.0153191182265786 0.48127412008046044 8.047055270388068 0.021675404829566994 0.031866732836528154 -7.770162668934002e-05 0.9992570650869859
1643091518572757.0 1.117984992940138 0.4997189020697033 8.05460484871237 0.02323809077287164 0.026288767379792712 -0.0014583668660508497 0.999383192280602
1643091518606090.0 1.0233734284914486 0.5015416308718648 8.109869054706225 0.023852419828822035 0.03429975724727127 -0.0026698683283241766 0.9991233460009817
1643091518639424.0 1.123288288907679 0.5083275991770974 8.123220375757302 0.024317468658768913 0.028973052468995883 -0.0011057694695558668 0.9992837435996539
1643091518672757.0 1.0251425266077625 0.4979842679654708 8.182789932008976 0.02315577323910194 0.03794694375503981 -0.0013881327038193178 0.9990104667684657
1643091518706090.0 1.1337804730239225 0.5093385229410309 8.189534482273059 0.023803724994481915 0.031719556161738036 -0.0009585758991153936 0.999212856985705
1643091518739424.0 1.0406044544339326 0.4980846774487999 8.239987024775367 0.022792193375943404 0.039914892139449216 -0.0012373697208989082 0.9989423337824779
1643091518772757.0 1.1413140594965812 0.5105642986882049 8.248977591361196 0.02443676777047374 0.03467048055615232 -0.0009508913901172967 0.9990995435713609
1643091518806090.0 1.0375423682571243 0.5084054531794967 8.304072171047936 0.025233457657643062 0.04451860678064865 -0.000512303589032229 0.9986896934533682
1643091518839423.0 1.1488744411132255 0.5180633536342274 8.313709417060592 0.026100128968515112 0.03866792397294852 -0.0006370431358429602 0.9989109915800768
1643091518872757.0 1.0474958056753823 0.5041621388062472 8.374946377572229 0.02399229432882444 0.0490282500735392 -7.26759487149593e-05 0.9985091863502169
1643091518906090.0 1.156619017525805 0.5178632551591468 8.387517782283483 0.024615053929399375 0.04340268554194964 -0.00012656243752951475 0.9987543691968255
1643091518939424.0 1.0496860229092562 0.49601388065434365 8.456919277839274 0.022219800053641697 0.05366148273110681 0.00030221994728113315 0.9983118923561808
1643091518972757.0 1.1680997401685034 0.5123049170015641 8.457478130511435 0.024684672796289466 0.04664128007858964 0.0007287717180170449 0.9986063923355156
1643091519006090.0 1.060547188120927 0.5024981444544707 8.513800033528128 0.02330358742868502 0.05712786295616175 0.0016543906853948931 0.9980934891474224
1643091519039423.0 1.1767864749788552 0.507327021998919 8.510936902005058 0.023013263008275504 0.050024587439846176 0.0020813312553443846 0.9984806449988856
1643091519072757.0 1.062859303551304 0.4995775218165225 8.565259338442468 0.023157379545960474 0.0609720528693389 0.0014899905496910098 0.9978696931311345
1643091519106090.0 1.1951845750693113 0.5202864315696923 8.569121817437127 0.025236412155444 0.051473197418128586 0.0005168646474924371 0.9983553306814218
1643091519139424.0 1.0841937198163516 0.5118285367147621 8.621683288544281 0.025007865001737562 0.061883768795006844 0.001059024802621015 0.9977694544904891
1643091519172757.0 1.2075240189922944 0.5175948914384741 8.633469116411323 0.026549426569273723 0.05347247014450834 -0.00018826016412576074 0.9982163029341876
1643091519206090.0 1.08834034586354 0.5082924849197838 8.682505142504754 0.026514406555943778 0.06526059686310089 0.0004420295896682261 0.9975158371434009
1643091519239424.0 1.2185534371481828 0.5236312891157114 8.691986004991799 0.02634541537826096 0.05660296244157904 -0.0012038405915702722 0.9980483828448469
1643091519272757.0 1.1020001692018966 0.5109403313024453 8.745785712985057 0.02405991948006751 0.06705838384141277 0.0013580620057515118 0.997457993651251
1643091519306090.0 1.2329100678885065 0.511195009403937 8.76063194520417 0.024258451786845367 0.05725288392934652 0.0009729272719653638 0.9980644709692864
1643091519339423.0 1.1156506508086266 0.49966527462579047 8.805838695884113 0.02448674956799756 0.06781941568682441 0.0016259903989340066 0.9973957499943112
1643091519372757.0 1.2203052160159584 0.5121517370046111 8.813162051317542 0.02598363412624192 0.061672744009530954 6.772602832393026e-05 0.9977581464548979
1643091519406090.0 1.1049479120404049 0.5099819454504019 8.865186009584656 0.024966590416363496 0.07148842309914033 7.522423426698257e-05 0.9971289129631606
1643091519439424.0 1.2254620128226017 0.5141694176718794 8.87475150161122 0.025853850178266895 0.06176350872149417 -0.0007569830601549317 0.9977556185750177
1643091519472757.0 1.1235066119200303 0.5119133004843295 8.931819290732792 0.02651214438960512 0.06873781851153839 7.257630706389965e-05 0.9972824139825285
1643091519506090.0 1.2397659386071787 0.5189463590907031 8.936948007955126 0.026980675866138636 0.059585169330136724 -0.0012263086561441073 0.9978577788907521
1643091519539423.0 1.1318107588418225 0.5123086477747049 8.98865852210205 0.02560461224839832 0.06751901549297372 -0.00039913248921874994 0.997389305673429
1643091519572757.0 1.2488646441567466 0.5193230894527834 8.998570383580155 0.026724004966119548 0.05800467091709371 -0.001241485678616211 0.9979577868946563
1643091519606090.0 1.1466760039723443 0.509609843346376 9.049403312867675 0.026754280430460704 0.0645975082999483 0.00018336063819631644 0.9975526736864387
1643091519639424.0 1.2578732925615488 0.5202988104345617 9.060025116317158 0.027527490456696314 0.05588226403927429 -0.000943132731746349 0.998057373268517
1643091519672757.0 1.1463029000050649 0.5119681557414658 9.114536873104596 0.025973683698676708 0.064195184947821 0.00038267486831684513 0.9975992178949327
1643091519706090.0 1.266891701937384 0.5209631941746801 9.121037781829624 0.026137240789044284 0.053182707377944435 -0.0012915881597651393 0.9982418424810257
1643091519739424.0 1.1689125512446366 0.5133513552496317 9.173844938862771 0.025928663871686703 0.058543401393578824 -0.0004000955323352699 0.9979480018852007
1643091519772757.0 1.2774377025320975 0.49787293115925596 9.351725826072927 0.02092881423159266 0.04901971821328881 -0.0006376320964106912 0.9985783120949798
1643091519806090.0 1.2202651233505226 0.45974338632656087 9.49377964190818 0.01360228381201817 0.05063464650749682 -0.00028615375541012734 0.9986245683760171
1643091519839423.0 1.331783420389862 0.4163186144750109 9.555789959332014 0.007546929073978294 0.03976147570487325 0.0002436485757729272 0.9991806691218033
1643091519872757.0 1.2393399375419507 0.43791539040475297 9.559472827716396 0.013021029266602311 0.04550777983100885 0.0007089513776085794 0.9988788676109004
1643091519906090.0 1.337790709444202 0.47022542267598155 9.539829795485288 0.01752681913580208 0.03731809160162662 -0.00038077658722205526 0.9991496512832221
1643091519939424.0 1.2324544613514485 0.47621389658666247 9.569329020524126 0.017450240496886815 0.04571316385891155 0.0008626235640726011 0.9988018079865473
1643091519972757.0 1.339286895541714 0.47586110220282135 9.596793604027683 0.016278496755710966 0.03755120707370984 -0.0025407725429400434 0.9991588771889918
1643091520006090.0 1.2422023873865544 0.469056134791304 9.64431301454486 0.017650163465671748 0.044870058051844054 -0.0005553593764065299 0.9988367440157687
1643091520039423.0 1.3397115713955317 0.46728324662070825 9.664862704086781 0.016606479716834995 0.038354903143958737 -0.0019474047561947095 0.9991242834857671
1643091520072757.0 1.2479187197341686 0.46498035213485084 9.706777356351132 0.015311062449616344 0.04442947437371108 0.00010432180381235134 0.998895180832554
1643091520106090.0 1.3516612749341321 0.4726132531349402 9.727264734929324 0.014393696369921802 0.03698910100570156 -0.002183633469135281 0.9992096174759693
1643091520139424.0 1.2595858736308194 0.4717729085586994 9.770772997011871 0.015965670483617404 0.04313876660538141 -5.785163822876652e-05 0.9989415102171713
1643091520172757.0 1.3513606018747764 0.47346901514635387 9.793867817923635 0.01633120998802283 0.038074110377851786 -0.0015731826254890573 0.9991402197868371
1643091520206090.0 1.2490763210153584 0.4673619118855929 9.832994195386647 0.015763080195204747 0.04597647765673911 0.001239835708835598 0.998817376507064
1643091520239424.0 1.3555802724651842 0.4720721232398936 9.850991763162206 0.014798754276962344 0.038379688300337965 -0.0010310801159660143 0.9991531080227962
1643091520272757.0 1.263545511682996 0.4713724921136767 9.888127712297079 0.014213082015223531 0.04446429216458234 0.0012511248580166494 0.99890907980082
1643091520306090.0 1.3733952179084752 0.47726955560357476 9.909938783638603 0.014949753858683967 0.036150294618117015 -0.0021287896871778626 0.9992322699518145
1643091520339423.0 1.2785877142466648 0.47295800987037695 9.944850202214305 0.014943224459143768 0.042355743492507945 0.00015615218310739175 0.9989908241082378
1643091520372757.0 1.3761013398915352 0.47855073252037966 9.96709052768838 0.015684833370345812 0.0362877385725739 -0.001526436583448934 0.9992171215620705
1643091520406090.0 1.2755161550853948 0.47106876761891203 10.011290029314745 0.014022045040331523 0.04379426687366175 0.0013809017044690464 0.9989412082562056
1643091520439424.0 1.3810875498246926 0.47906657345606046 10.03179994785094 0.01506263924169163 0.03585445599783746 -0.0002706232600288173 0.9992434646507451
1643091520472757.0 1.2827160955197616 0.47431835700903857 10.067819645068589 0.014086103596011012 0.04308464102964727 0.001121117224386741 0.9989714903284267
1643091520506090.0 1.3959511208211997 0.4839373939326276 10.085071486697894 0.016405102581437136 0.03405021351706494 -0.0009530451623935841 0.9992850180372231
1643091520539423.0 1.3006466152180909 0.47751675544551647 10.118575926986543 0.016292348389389786 0.04071666999134508 0.00016138549591564126 0.999037880224517
1643091520572757.0 1.390624474673293 0.4832032848117255 10.142717876588277 0.018287601466346882 0.036666885616565 -0.0003875461377479255 0.9991601237738529
1643091520606090.0 1.291173581466411 0.48011919685618737 10.184597613455416 0.016018762830799445 0.0432254383076164 0.0021694027776137923 0.9989345596244398
1643091520639424.0 1.39627395330457 0.48449138930831354 10.203488719014079 0.01528148410283075 0.03656048786754795 -3.676563738524101e-05 0.9992145943783997
1643091520672757.0 1.3122400102410672 0.4825758067280885 10.248167274590664 0.014890616293456565 0.040435692207399745 0.00017083510438597316 0.999071166212636
1643091520706090.0 1.4185987947170138 0.48076200959164667 10.268407047035774 0.015682267770138075 0.03279104218989791 -0.0008619996229110693 0.99933881691163
1643091520739424.0 1.3247048655638547 0.4724968396138673 10.303142166574645 0.013977244211646263 0.0375059600325418 0.002154341088823771 0.9991963262646427
1643091520772757.0 1.4198018866611515 0.47855528398303904 10.323626574462867 0.015025990535475552 0.03221632379969552 0.001431660187315171 0.9993669388359658
1643091520806090.0 1.3250965363771792 0.4773192182562644 10.365102061280664 0.014303901530530655 0.03751374403813452 0.002777644541788532 0.9991898728970613
1643091520839423.0 1.4286924324686943 0.4807876004944306 10.384003150768288 0.014236360043801138 0.03052344487538327 0.00021093121971471154 0.9994326394878563
1643091520872757.0 1.3390995661192764 0.48432278751169683 10.419154240140088 0.014130455961048857 0.03426056301794113 0.0015407783494747792 0.9993118482426316
1643091520906090.0 1.4386067181700415 0.48914382826270575 10.440667788947126 0.015994938385308723 0.027711101398322734 -0.0006127053140211739 0.9994878095292309
1643091520939424.0 1.345819765409019 0.48924971899631226 10.477473815352987 0.016713283178316368 0.03132932275280893 0.0011024012895250956 0.9993687629762342
1643091520972757.0 1.4461081571300176 0.49070671139379607 10.49521819529883 0.016586132798307774 0.023811951340539643 -1.7340540153201586e-05 0.9995788567549126
1643091521006090.0 1.3564029181617978 0.49328564096083594 10.519941713118923 0.016159209267941295 0.0257875105595587 0.002838275237024204 0.9995328050887846
1643091521039423.0 1.4555731567953036 0.5008330191212395 10.545319216358326 0.017203045503761043 0.018607701108685634 -4.531275867750457e-05 0.9996788517476997
1643091521072757.0 1.359485727124391 0.4936387727912412 10.579340695680242 0.017305582817511978 0.022703834825787108 0.003009979313874468 0.9995879114475523
1643091521106090.0 1.460347749536011 0.49361382188533304 10.602351302752796 0.01747546209851969 0.014842555234324881 0.0003720018918335093 0.999737049625126
1643091521139424.0 1.3867937642078598 0.4883778410182665 10.656395513603142 0.015187544696516193 0.015229523412110618 0.0016654118240600154 0.9997672861752317
1643091521172757.0 1.4713798905423519 0.46990841138067635 10.694695897070895 0.011036425932833407 0.007609320998393979 0.004707767557272383 0.9998990611362725
1643091521206090.0 1.3827647413368804 0.47926598623301075 10.71794657828275 0.012753465860278274 0.011440602258140028 0.0033648057314160087 0.9998475582862177
1643091521239424.0 1.456975942005002 0.4776556512813123 10.745315557358943 0.010321670275163976 0.0073546796310940315 0.004777603942931108 0.9999082689481167
1643091521272757.0 1.3745677824128397 0.48038720115356737 10.77824368111788 0.010109426939687922 0.009000318677445508 0.005654656497653161 0.9998924035167729
1643091521306090.0 1.453715082845015 0.4571641660660993 10.805484964127098 0.005558290360115567 0.0038205940793421297 0.00814294961943626 0.9999440988578556
1643091521339423.0 1.3628008927655686 0.457254689991631 10.83761942847453 0.006117202424943039 0.0054112938540207605 0.009004260499470541 0.9999261077830578
1643091521372757.0 1.4426251149824172 0.45586681136813784 10.858641930940717 0.0016075884722895647 -0.0016097209398692974 0.010100015854062231 0.9999464056325954
1643091521406090.0 1.3600888645664364 0.4566313137757147 10.89362100390718 0.002851748051232556 -0.0044447681725485015 0.009937319534077844 0.9999366786199125
1643091521439424.0 1.4447255156236014 0.445550934060358 10.915460783989587 0.0008578561992360954 -0.013118636452550809 0.010735644425869741 0.9998559453236894
1643091521472757.0 1.3656038853488657 0.45808832334731314 10.944159453583316 0.005076617493724919 -0.017810993936737757 0.00985466475994989 0.9997799167978305
1643091521506090.0 1.453695265187631 0.45952987402799184 10.9629288662532 0.0019735491857089025 -0.02888959913550873 0.010133325482503546 0.9995292951585095
1643091521539423.0 1.3629698833262949 0.46263028099998676 10.98439602275506 0.003130150151799785 -0.03141209238032488 0.011828530713111267 0.9994316227103714
1643091521572757.0 1.453372515245886 0.46210844514806776 11.01213335541438 0.0024379456104602105 -0.0432395485129913 0.011155603192428445 0.9989994746660311
1643091521606090.0 1.3787901831248297 0.47361736140512456 11.034921992085653 0.006887744601551312 -0.04980128324328865 0.010321581912299968 0.9986820595707392
1643091521639424.0 1.462674544865455 0.47337184354212564 11.062152948370054 0.0054405400037129134 -0.060992270839854645 0.010749837546145983 0.9980655211031975
1643091521672757.0 1.386284212064226 0.4850507154170868 11.083820040819068 0.00941414433565693 -0.06773195482018987 0.009965178697649998 0.9976093681377431
1643091521706090.0 1.4632588127220583 0.4769065232672769 11.114991054516922 0.005724843684680909 -0.07747722292416392 0.01140733587334453 0.9969124228241004
1643091521739424.0 1.3700457246551427 0.4746263826015482 11.127866411416248 0.005875364368028579 -0.08057870672051805 0.011918819618642445 0.9966596680189732
1643091521772757.0 1.4409118609991216 0.4756226504398976 11.156345318441442 0.004381848145524445 -0.08804823558741105 0.013255421452664945 0.9960183740367873
1643091521806090.0 1.3552756850124192 0.47709348266746165 11.171665603173551 0.006703049925919285 -0.0931470192458157 0.014356594481565624 0.9955262880116237
1643091521839423.0 1.4352545788704498 0.48141616821212296 11.212120863857084 0.005601916196944439 -0.10401289201635065 0.013887835370423308 0.9944632043761304
1643091521872757.0 1.3438325458391924 0.4808038998491664 11.2226377112052 0.005692540351355443 -0.1068829508321753 0.014240110596376416 0.9941533327691247
1643091521906090.0 1.4354232593635845 0.47274857713853424 11.269126051506973 0.001730777121566885 -0.12022465915868707 0.013691905859402968 0.9926507781967786
1643091521939424.0 1.3478846001944846 0.46772231318737584 11.280078178475529 0.004198593816840777 -0.1249223032064403 0.015423379505188219 0.9920377560033682
1643091521972757.0 1.4323535157119558 0.47747783396913485 11.323576886866105 0.003946446893050002 -0.13603336690188322 0.01567760278774499 0.9905723403250708
1643091522006090.0 1.343621882944425 0.4760839588943499 11.329580695060534 0.003610311233675281 -0.13955019038968602 0.01555275074378443 0.9900862699579771
1643091522039423.0 1.4256358873769128 0.4739646878970173 11.380794246735844 -0.0008475031702897994 -0.1512346688477955 0.016906118663285823 0.9883529429452906
1643091522072757.0 1.330536146987601 0.4522167465316595 11.390753061690432 -0.0036111897693054725 -0.1546024839034318 0.018293819209647216 0.987800773161301
1643091522106090.0 1.4095765734225112 0.43574778254776464 11.447104832760196 -0.009482907438941054 -0.1668170845509018 0.020494774542069064 0.9857292219392257
1643091522139424.0 1.332561301254304 0.41859326918742107 11.464614114755943 -0.012818972819647143 -0.17163361075532002 0.02208916222644378 0.984829755088195
1643091522172757.0 1.4076027618503584 0.4038575479316549 11.528067176304772 -0.01988796954070913 -0.18117210785338245 0.028617115321261846 0.9828337584323199
1643091522206090.0 1.3163719949917 0.41383291952303497 11.516167488498038 -0.014273466785233262 -0.18421187267888622 0.025038969377463867 0.9824638945643668
1643091522239424.0 1.3886644419259377 0.40925226126191605 11.570923294988006 -0.018252531581665416 -0.1935687786996098 0.028365008017509487 0.9805067053945977
1643091522272757.0 1.2959553723396657 0.4163742432683939 11.557008359942113 -0.015518845974336374 -0.19732420609152604 0.027374888014496248 0.979833117737999
1643091522306090.0 1.3695902038321701 0.40988152806913636 11.613548692584564 -0.020400835336822153 -0.2085322391883806 0.03170564613639893 0.9772885260452582
1643091522339423.0 1.2841620152489364 0.41776273704604827 11.600839072451398 -0.016593534721574058 -0.2129993282541682 0.03048378921045885 0.976435701602563
1643091522372757.0 1.3623956327740157 0.4166151170441276 11.666117606382059 -0.01932136357633363 -0.22645764374283261 0.032403968484920845 0.9732900920724631
1643091522406090.0 1.280916101344077 0.4236198522021701 11.658294950072507 -0.015792429327120626 -0.23239952493294896 0.03011548565681551 0.9720257802705347
1643091522439424.0 1.353135542452753 0.4215001143793244 11.72106482980749 -0.01914262021511472 -0.24437334112932205 0.03380312619502671 0.9689027706101552
1643091522472757.0 1.2614223363289452 0.4263993036089946 11.703761760832993 -0.017075863363528333 -0.24670063172634538 0.03204575813824146 0.9684112156421762
1643091522506090.0 1.3290521700373161 0.4249576661761749 11.763830170427793 -0.020889666120211016 -0.25625555496853325 0.03377888671273805 0.965792782748765
1643091522539423.0 1.239077357395508 0.42574836375888087 11.745526245868241 -0.018709150441480377 -0.2600034249686161 0.0342500529686846 0.9648186982879164
1643091522572757.0 1.3116427061641003 0.422669189519491 11.817672326700901 -0.021204375747563422 -0.2728473148139555 0.03679658840922967 0.9611195182335089
1643091522606090.0 1.2232114242626757 0.4274804112285292 11.795654960869227 -0.017903063629602162 -0.2765397143888131 0.03498734426979351 0.9601984963638378
1643091522639424.0 1.2958959668455496 0.4367366184481797 11.858233390747921 -0.020021885372317024 -0.2874300874307499 0.03658236588716523 0.956893306200742
1643091522672757.0 1.2031567091844717 0.43952449713434516 11.822788869855076 -0.01909081666095409 -0.2884230990795752 0.03942001678578601 0.956500767858113
1643091522706090.0 1.2725561713638025 0.43644533391826285 11.89990548076165 -0.02110152349112284 -0.3011475157067311 0.04031453783930251 0.9524912795027686
1643091522739424.0 1.183417196562019 0.432163290888326 11.865318770025327 -0.021087679201190136 -0.3031543970591909 0.04089026430150348 0.9518301884343338
1643091522772757.0 1.2494367646128237 0.4427488112501872 11.943551365641481 -0.021502407251023918 -0.31609420787993625 0.04258767292202315 0.9475275132376123
1643091522806090.0 1.158153432162388 0.437367448840622 11.909920228285193 -0.021676321068853664 -0.3180134678786277 0.04228882140355393 0.9468945173233538
1643091522839423.0 1.2272980015956607 0.4465811741916187 11.9893181388905 -0.02111550663535685 -0.3308627411414764 0.043565652030678394 0.9424362131555761
1643091522872757.0 1.141038856546786 0.44370020881070016 11.949024771624257 -0.0195250008428642 -0.33308536871680955 0.04550433381796608 0.9415955963643077
1643091522906090.0 1.2053127958671366 0.45181867110718893 12.034734207150972 -0.019762591900682462 -0.3467068973737453 0.04498004350163482 0.9366859468153824
1643091522939424.0 1.1096018384327455 0.438720343066627 11.994889260714672 -0.020851716101363597 -0.3483083487976588 0.04394487769462173 0.936117165646417
1643091522972757.0 1.1726810689611116 0.45225886621919925 12.071140820929669 -0.021635429644189647 -0.3599835906856236 0.04679200366416139 0.931533268871429
1643091523006090.0 1.084837140993359 0.4387309315302835 12.034775763415448 -0.020734031948171992 -0.36247974089017604 0.04667716786434425 0.9305910913841411
1643091523039423.0 1.1466202565040196 0.457664295602286 12.116906351870155 -0.020343242492702383 -0.37491051799406117 0.04803658827306553 0.9255921035582529
1643091523072757.0 1.0586871061004854 0.44423308119408744 12.077104474672904 -0.02030930260922109 -0.3775994458819375 0.04820942049017946 0.9244901527183411
1643091523106090.0 1.1171807403744782 0.4592548606552344 12.160254996456413 -0.02142648561128401 -0.3898643274185 0.05043050769912343 0.9192407061341871
1643091523139423.0 1.0318824071063126 0.4495394084558659 12.117368569355472 -0.020662936472366503 -0.39280510352429654 0.050050572918967785 0.9180262163206935
1643091523172757.0 1.084956377683013 0.46509661437744415 12.199323530881923 -0.02139899344950017 -0.4044124215978914 0.05112516744478968 0.9128958832147398
1643091523206090.0 1.0030330443766016 0.4554891897545358 12.153380273545139 -0.02081484549855883 -0.40688395081419776 0.050890601603529546 0.911823633958416
1643091523239424.0 1.0532895610576858 0.46553369467906364 12.239083647521563 -0.020128088388206816 -0.4193455599683458 0.05377424287410809 0.9060091016076977
1643091523272757.0 0.9762046905592604 0.4565021955103081 12.189120347909057 -0.01795473244214175 -0.42259567550385346 0.0525218978804448 0.9046170310531464
1643091523306090.0 1.0228964369750218 0.47262707281709676 12.281613133881887 -0.019291977156583727 -0.43572992798093524 0.05275528514936116 0.8983229538244741
1643091523339423.0 0.942275205669158 0.4621543207367012 12.230647707769926 -0.019510449041625768 -0.4380718732632593 0.05276499660171334 0.8971779262595765
1643091523372757.0 0.988459119186228 0.4779523869634259 12.322102435855538 -0.01869902468847871 -0.4510979242394348 0.05622827058437967 0.8905051323881646
1643091523406090.0 0.9080172421817015 0.4651278112170975 12.266327510141512 -0.017152215806307203 -0.4534976879821577 0.05588162395349662 0.8893384578393602
1643091523439424.0 0.9506739344596269 0.4804561760326104 12.354945461670797 -0.017913171626452947 -0.4656919960361295 0.057466700644219056 0.8828973108053023
1643091523472757.0 0.8753226675966003 0.4682222903026187 12.298474349719745 -0.017468360363497044 -0.46774810786068094 0.05580723461578137 0.8819252329667765
1643091523506090.0 0.9145051493455995 0.4862309800694861 12.38733618530844 -0.017402820689193344 -0.47908337624917724 0.058234603826086466 0.8756626013202617
1643091523539423.0 0.8484988158213593 0.4785112874276385 12.326045737497052 -0.015581382783068339 -0.4813761157726359 0.05962209011800141 0.8743451618463833
1643091523572757.0 0.8837762903272297 0.489208164209318 12.416892586483621 -0.016315041986664672 -0.49285734695988953 0.06165726310893253 0.8677694606625359
1643091523606090.0 0.8067890584201943 0.4733259938399536 12.35994070271694 -0.016554221063133638 -0.4952856692262319 0.05829373375142556 0.8666140457143735
1643091523639423.0 0.8385095304795159 0.4898075645985616 12.45268901918323 -0.01793212315242409 -0.5069989595351737 0.06054559866957471 0.8596305744162664
1643091523672757.0 0.7659757788553944 0.4818864844254092 12.392134333793194 -0.016246951216770483 -0.5095303080213538 0.06332457647255009 0.8579655586318115
1643091523706090.0 0.7944913953530305 0.49815049535654354 12.484237213204832 -0.016334651107349055 -0.5212817467355232 0.06645504897138199 0.8506363771669856
1643091523739424.0 0.7269686828697325 0.48473930391524406 12.42229365436575 -0.015366308942757083 -0.524555804075884 0.06252457974264872 0.8489380200508065
1643091523772757.0 0.7515049085192742 0.5027421159216621 12.512184662057912 -0.016727794453711867 -0.5356364161541132 0.06553111923803531 0.8417359936427232
1643091523806090.0 0.69349825784291 0.49857293026014193 12.445715648803487 -0.01348622069410084 -0.5388175633370975 0.0669465607622646 0.8396498754200867
1643091523839423.0 0.7108252672026668 0.5050807620595493 12.534764761911594 -0.015237770610233835 -0.5497887130700995 0.06867880251062475 0.8323361120444434
1643091523872757.0 0.6503270911304152 0.4933823143510758 12.469258130978941 -0.013999929783758639 -0.553842624277959 0.06599286263612363 0.829883902470727
1643091523906090.0 0.6648752110264788 0.5060736322200632 12.560045230150202 -0.015298106122818714 -0.564959425159187 0.0686920019229989 0.8221120512099716
1643091523939424.0 0.6110976434648457 0.49994579903996067 12.482106388267807 -0.012988928465001028 -0.5675444535573776 0.07009758664614384 0.8202505161961041
1643091523972757.0 0.6266531598544475 0.511139524207627 12.577451479386351 -0.012319734432543502 -0.5792243503731509 0.07071657247333796 0.8120015655501754
1643091524006090.0 0.5669158930498592 0.49984370318565235 12.513106517049094 -0.010079358666757991 -0.5833530866420087 0.06715969638820428 0.8093745474223614
1643091524039423.0 0.5737170287953516 0.5114697250523181 12.605370955122696 -0.011809527996441043 -0.5942862083951661 0.07063942084158442 0.8010583685243942
1643091524072757.0 0.516001161610696 0.5014966749850319 12.528045253411232 -0.011002078380683601 -0.5963639213918944 0.07009025785516763 0.7995726253988338
1643091524106090.0 0.5253968242526442 0.5142950219847889 12.623288707713929 -0.011108806840222854 -0.6072650266800249 0.07177635488958561 0.7911725075232704
1643091524139423.0 0.4708152744484409 0.5022831865556874 12.553665883555434 -0.0099979942080977 -0.6110953810788833 0.0723641924677692 0.7881788496174946
1643091524172757.0 0.47961756924869847 0.5158135017393973 12.641625790978221 -0.010961913740780354 -0.6206015785225233 0.0738716138446507 0.7805616579428424
1643091524206090.0 0.4267178231121602 0.5078248905897831 12.563683569552067 -0.010115509280639135 -0.6228378628923176 0.07270816609666426 0.7788993488266529
1643091524239424.0 0.42756441622623037 0.5167387037908768 12.655300403037078 -0.010740212837283132 -0.6311571884499579 0.07315248314917185 0.7721230248511336
1643091524272757.0 0.3815450910021406 0.5115773384523389 12.575851931498232 -0.009319066543567378 -0.6325764543484256 0.07414052386805312 0.7708847949747754
1643091524306090.0 0.38260139796473536 0.520114730490583 12.670250379118231 -0.009224659081503118 -0.6414318079822511 0.07516921108292932 0.7634328595748423
1643091524339423.0 0.33444716650608824 0.5032690900262847 12.589153483180594 -0.00897014864897519 -0.6419621334311307 0.07494905614228527 0.763011660891986
1643091524372757.0 0.33001052634100453 0.519208841871566 12.685234615924925 -0.009793152959365501 -0.6503536561114835 0.07606580541048479 0.7557500971781578
1643091524406090.0 0.27821299740653554 0.5110031662511499 12.611016091830042 -0.009442536105599302 -0.6516999256011631 0.07528474186157974 0.7546722819384373
1643091524439424.0 0.2623164105712295 0.5331703634680705 12.728211379004385 -0.005043424939335748 -0.6662468394293934 0.07240136770369725 0.7421911847831794
1643091524472757.0 0.15394469856555526 0.5273409773913377 12.6871552199037 -0.003906705119074959 -0.6689854692824183 0.06938384318426041 0.7400196361239864
1643091524506090.0 0.16179865824674708 0.5411303022627075 12.726408141944242 -0.003881786528251223 -0.6746885923216906 0.07071406968147426 0.7346970501325074
1643091524539423.0 0.12055320217505047 0.5244583384120532 12.679328328535016 -0.0035150692296639524 -0.6767486064365524 0.07004476388824048 0.7328660853296021
1643091524572757.0 0.126286987777886 0.5373190322700775 12.74972346046683 -0.004154128380380439 -0.6834426298686495 0.07240047112906954 0.7263932039026193
1643091524606090.0 0.06767431517785939 0.5260140471564622 12.694277654989092 -0.003674290564495601 -0.6846396766919453 0.07193726401819553 0.7253137546838422
1643091524639423.0 0.07069252797089551 0.5374170892474628 12.766629988134952 -0.004151174939490248 -0.6911291973040852 0.07420069132266197 0.7189001723380457
1643091524672757.0 0.01660769677317788 0.5237385825428155 12.703739718614932 -0.0021573389972762806 -0.6917650024856096 0.07374987141922942 0.7183435693943272
1643091524706090.0 0.01664147585404262 0.5291841140068629 12.77355532965046 -0.0029518330376498507 -0.6975499532020897 0.07354292525207608 0.712745948858952
1643091524739424.0 -0.040962630690157466 0.5213495017661294 12.713082828050677 -0.0030005100960765127 -0.6985420905882258 0.07132959203690795 0.7119986193214439
1643091524772757.0 -0.04011775037688255 0.5457561659776898 12.780982252675692 -0.0026091641126641243 -0.7043518656078673 0.07395429262845522 0.7059832889517815
1643091524806090.0 -0.08650251236212378 0.5326560769525533 12.710035894913279 -0.0008448949929176616 -0.7040200286790521 0.07437088129418842 0.7062747747065042
1643091524839423.0 -0.10234596271209982 0.5397394051807056 12.786173778312168 0.0025949684955994287 0.7092885414612262 -0.07493836762756878 -0.7009188770090506
1643091524872757.0 -0.15241229522416677 0.5253616453615092 12.727596212471424 0.0028995104678278976 0.7098014472557533 -0.07240735559997227 -0.7006644511945104
1643091524906090.0 -0.1592886963337334 0.5451277003035891 12.798002708443038 0.0023914532694342292 0.7141285174494503 -0.07484167393295392 -0.695998179135279
1643091524939424.0 -0.20251828158442958 0.5303143662997347 12.728929690342598 0.00049187385005895 0.7132252633418983 -0.07456245876252011 -0.6969576181765164
1643091524972757.0 -0.20930525725387883 0.5399951163923269 12.809062879800356 0.0015177464651854166 0.7178284574190128 -0.07678483608648222 -0.6919711634976418
1643091525006090.0 -0.2579828062982693 0.5279134435431896 12.74277779823149 0.00135994574775706 0.7173470142479794 -0.0742636196375698 -0.692745499079856
1643091525039423.0 -0.2668116373413949 0.5463055210823998 12.821478390290544 0.0021666001849024188 0.7219275510079356 -0.07608027298175042 -0.6877700989446586
1643091525072757.0 -0.31263030241923034 0.5304211623615674 12.747162194594248 0.0018137942451262447 0.720313444776965 -0.07452781522831874 -0.6896309565131715
1643091525106090.0 -0.32782623308975994 0.5410096055452508 12.828011942449068 0.0022732701062606604 0.7247100840423175 -0.07634660608836644 -0.684807507310769
1643091525139423.0 -0.3759789831607778 0.5225514174229917 12.756178030081504 0.0014171831435681507 0.7237183361638824 -0.07397952144663587 -0.6861171852523781
1643091525172757.0 -0.39474518604584624 0.5423576008723953 12.82407213399724 0.0013235820655687056 0.7266514037307032 -0.07646683310123081 -0.6827362660809684
1643091525206090.0 -0.4385337513822719 0.5237761093254524 12.749521092577947 0.0005748721735785373 0.7246632037183294 -0.07468037992799505 -0.6850443427636501
1643091525239424.0 -0.45226819997481466 0.5375672097599632 12.825159492906051 0.0012973213340295936 0.7276843913465754 -0.07676999562884654 -0.6816011379971921
1643091525272757.0 -0.4920660143229759 0.5247599818456526 12.753620397744811 -0.00013132716496101337 0.725650936030552 -0.07483559838362146 -0.6839812387819749
1643091525306090.0 -0.5082300934729733 0.5413067815051056 12.83235384900251 -0.00046911119425910135 0.7285401309222976 -0.07669452717676023 -0.6806959725689159
1643091525339423.0 -0.5572092095860566 0.5177391288507018 12.756235876371884 0.00046227193717863086 0.7254215896013684 -0.073631999561608 -0.6843549022878695
1643091525372757.0 -0.5672770415981776 0.5367604164638037 12.831556282913425 0.00024936058836364617 0.7280947673550361 -0.07522546650431249 -0.6813362435381826
1643091525406090.0 -0.607096606489484 0.5105634575560328 12.753612333099314 -0.0003586205215081055 0.7246107313343304 -0.07584675310317834 -0.6849718457499943
1643091525439424.0 -0.6440911637251482 0.5259150464118723 12.822499246327155 0.0004684373966210756 0.7251957510125189 -0.07787950005985168 -0.6841240287771083
1643091525472757.0 -0.6725108289061315 0.5088659085948743 12.749923151697459 -0.0001485685228292638 0.7213470933207566 -0.07527810972947899 -0.6884704460473566
1643091525506090.0 -0.6942100526161977 0.5278168305525692 12.833868776689018 -0.0002652082776871513 0.7225811930420707 -0.07611394585260797 -0.6870829763378026
1643091525539423.0 -0.7265944352073088 0.5090081463864345 12.762803091175094 -0.001382471130203916 0.7183008610604744 -0.07521232690498812 -0.6916538640497083
1643091525572757.0 -0.7476108819055325 0.5229654193299986 12.853129619042134 -0.0012624928837320823 0.7200636882504771 -0.07648702467212189 -0.6896784946854908
1643091525606090.0 -0.7840204069660726 0.508184616249773 12.774824957243865 -5.724163736182165e-05 0.7156183864163292 -0.07484554748529955 -0.6944699171079408
1643091525639423.0 -0.8118638954287557 0.5287836853421307 12.845979108522448 0.0012797542405478515 0.7158902388178741 -0.07622277516086619 -0.6940386277010431
1643091525672757.0 -0.8411603263668231 0.5133186882652445 12.766011153622518 -0.0005736521419833781 0.7114444912589294 -0.07518636220955176 -0.6987083924773175
1643091525706090.0 -0.8623046235079226 0.5289022545383787 12.846632027224928 -0.0015355279800150308 0.7121311617505134 -0.07776226265015361 -0.6977247889570896
1643091525739424.0 -0.8925923568421607 0.506222868537567 12.777065209590578 -0.0014611256512490189 0.7076950131916988 -0.07635311682197676 -0.7023786976887909
1643091525772757.0 -0.9092370384529229 0.5203118412150562 12.873311191225437 -0.000510727685430612 0.709259055680604 -0.07724106297791251 -0.7007033247261865
1643091525806090.0 -0.9448134242263028 0.5032861597375867 12.797741854128168 0.0007708275153393676 -0.7050097332336107 0.07578519993738764 0.7051363593953051
1643091525839423.0 -0.980324270234087 0.5175760911510217 12.875588275667296 -0.00015139312418574726 0.7052456048774055 -0.0773142937699807 -0.7047347826381735
1643091525872757.0 -1.009397897154483 0.5041379374122559 12.792205348425751 0.0008987559458566907 -0.6996297103364969 0.07676598396304433 0.710369231004838
1643091525906090.0 -1.0348113310532914 0.5175512165558572 12.885307447839333 7.998972390860267e-05 -0.7006457018891474 0.07717142289469678 0.7093237381579133
1643091525939424.0 -1.0631217956474086 0.5006456445229007 12.812878744088843 0.0005105122895204524 -0.6960029905490859 0.07598462102172733 0.7140069424677297
1643091525972757.0 -1.0944819147930405 0.5193851988871568 12.896809168469566 4.8254016630077675e-05 -0.6963810780435 0.07838943494626212 0.713378222476218
1643091526006090.0 -1.1199496527782284 0.5060230457729753 12.82010789911473 0.0005023490254005838 -0.6919631646385219 0.07738750877926195 0.7177728748802354
1643091526039423.0 -1.148938864485112 0.52099380411228 12.911176272773048 -0.00018912039223532593 -0.6932287518456125 0.07772922985036415 0.7165138021524226
1643091526072757.0 -1.1808126138684343 0.5049081813347769 12.829934403072055 0.0001992030828433885 -0.6879784472416858 0.07690391031919486 0.721644930022146
1643091526106090.0 -1.2024130081466595 0.5221111488287726 12.92313651492372 -4.496534091166611e-06 -0.6892439098835705 0.0781803598106357 0.7202990101395873
1643091526139423.0 -1.2294625624979238 0.5039974948160586 12.844958595298495 0.0003018947325910977 -0.684404943698811 0.07750115250773275 0.7249712775415112
1643091526172757.0 -1.242011339891409 0.520569277605965 12.941821413994791 0.0006456784525230907 -0.686681938929625 0.0789327632605391 0.7226597517028622
1643091526206090.0 -1.2677183636204827 0.5008911457416046 12.86450240661913 0.0002149193431764424 -0.682507263317112 0.07627878106243294 0.7268874306855855
1643091526239424.0 -1.2913877213302458 0.5234300303049445 12.95238818925643 -0.0013622498120741172 -0.6836745205104766 0.07738864610870899 0.7256709252365569
1643091526272757.0 -1.326117878903395 0.5097158026142463 12.874684047241837 0.0004094819975461913 -0.6797241815868504 0.07543333423856995 0.729578427159296
1643091526306090.0 -1.34079363107303 0.5240736001605215 12.9615716200863 -0.0005063506892656676 -0.6807680475363117 0.07782020620728712 0.7283533651795899
1643091526339423.0 -1.3697292160797814 0.5090681618480198 12.8848792758882 0.0006122539424286337 -0.6771557945565473 0.07573680887194435 0.7319314112848933
1643091526372757.0 -1.3853579995775462 0.5222570459636882 12.972991417640417 -0.000514704425346516 -0.6785715020690741 0.0774629035888193 0.7304381905586976
1643091526406090.0 -1.413073380305373 0.5085858769580617 12.896678266239627 0.0011738733850374925 -0.6751058042046444 0.07571089305301401 0.7338246628613618
1643091526439424.0 -1.4289439098338446 0.5210317214187298 12.985756670784824 7.009837681375323e-05 -0.6773345164671006 0.07749577677707617 0.7315820886750948
1643091526472757.0 -1.4663907676472303 0.5005777586689929 12.903710492971749 3.7277636873009004e-05 -0.6731776953677506 0.0762907750310366 0.73553484398423
1643091526506090.0 -1.4746115303349097 0.5173677314983672 12.99290048332484 -0.0006868785860486755 -0.6754473965411384 0.07764978918366001 0.7333081568776794
1643091526539423.0 -1.5077366733363273 0.5018396741129025 12.91677388179503 0.00023939919766494247 -0.6719015007742165 0.07529683412729476 0.7368030284382567
1643091526572757.0 -1.514103733942575 0.5175891522686886 13.004208530692123 -0.0002843811033549251 -0.6740583562268769 0.07668647544942143 0.734686624358477
1643091526606090.0 -1.5438495714902938 0.5046848687904267 12.926127852108976 0.0013379227233782157 -0.6707520196439798 0.07459560769648046 0.7379196659655447
1643091526639423.0 -1.5508350367238648 0.5199779035632699 13.014744504655209 0.0001741862853205263 -0.6731959664129182 0.077050885454564 0.7354388632069853
1643091526672757.0 -1.5863466564853097 0.5059703134202735 12.935275977911969 0.0008845754422464229 -0.6694977463321219 0.07607010037456453 0.7389081979593273
1643091526706090.0 -1.5922516185241662 0.5187137558886613 13.02364109787235 -0.0004200259331514658 -0.6717290126744939 0.07792383229794692 0.7366870661750257
1643091526739424.0 -1.6228317535281134 0.5025244717434645 12.947667346487886 0.0006733985171901292 -0.668301423339668 0.07573288344221404 0.7400251917753469
1643091526772757.0 -1.6251989912426872 0.5208310215603698 13.031684586355395 -3.3795801051136946e-05 -0.6703271927138517 0.07750324995174025 0.7380072491602835
1643091526806090.0 -1.657976929816457 0.5080800240212068 12.956499105155977 0.0009100125586545181 -0.6671638290342565 0.07554394060560289 0.7410699765496301
1643091526839423.0 -1.663376373616265 0.5160362634010032 13.043227830682994 -9.639865559438484e-05 -0.6692756539275417 0.07702974053361804 0.7390104930516778
1643091526872757.0 -1.678479001182501 0.5020156996168872 12.966339265817838 0.000605176119802493 -0.6668684909124343 0.07494457466896597 0.7413968979687765
1643091526906090.0 -1.6856843698731456 0.5175014012191153 13.051523412698177 -0.0009210567647423606 -0.6696759002209502 0.0766988001649982 0.738681686771065
1643091526939424.0 -1.714630770450687 0.5059716747750197 12.966264623010755 8.724824283215232e-05 -0.6663863887380715 0.0754333525825908 0.7417809532540766
1643091526972757.0 -1.7224521203521543 0.5154181400201746 13.056489511617213 -0.0007447205726123794 -0.6693716316342195 0.07710491100914439 0.7389153516153818
1643091527006090.0 -1.7440175314961406 0.5019313954493672 12.974937501565455 0.00035371309033095704 -0.665977395305445 0.0759476296632034 0.7420956416647154
1643091527039423.0 -1.744472217559045 0.516319348836707 13.063221238783687 -0.0005537052018952761 -0.66895013562092 0.07783785510624995 0.7392203174803574
1643091527072757.0 -1.766939640036053 0.5025227675096388 12.978466883155832 9.150271926348999e-05 -0.6654455566811606 0.0765025725801354 0.7425156962039077
1643091527106090.0 -1.7667425414340767 0.5165028561879069 13.067365928095084 -1.1730052693789691e-05 -0.6687044940149816 0.07748063652386807 0.7394802570119298
1643091527139423.0 -1.7917932133435561 0.504342097161029 12.985129909098951 0.001530057439716246 -0.6656526338049473 0.07594734678664668 0.7423854999586378
1643091527172757.0 -1.7900537150657096 0.5158227177568178 13.070729635337843 4.726586714022159e-05 -0.6685833311329488 0.07769621874563985 0.7395671874074304
1643091527206090.0 -1.809432311286002 0.5019050894996011 12.985164111618772 0.000473264909574312 -0.6655318191404705 0.07619529909039248 0.7424698311234116
1643091527239424.0 -1.802389727248058 0.5166802896134804 13.071894900193675 0.00014146689951417978 -0.6687598394608432 0.07694846272116547 0.7394857613208472
1643091527272757.0 -1.8251928380206284 0.5101190176938373 12.990103380258018 0.0023438549677954855 -0.6659944962593036 0.0753828163758242 0.7421342656766734
1643091527306090.0 -1.8212867536957245 0.5210644529313269 13.077127466076549 0.001493138604926561 -0.6691578504773381 0.07721983500923045 0.7390958251558468
1643091527339423.0 -1.8391417690769971 0.5050003884001939 12.995497542247914 0.0014388085278371396 -0.6666260181440763 0.07614254871410811 0.7414917356509872
1643091527372757.0 -1.8328676388323297 0.5162709266891296 13.08006868522006 0.00011473046671571472 -0.6699052243387926 0.07719376609520016 0.7384227107264183
1643091527406090.0 -1.8523098208340028 0.5098052253190144 12.996198417882919 0.0016875712515211831 -0.6669614832199696 0.07677704248013736 0.7411240231919974
1643091527439424.0 -1.843428688936385 0.5207143866848661 13.08159443664479 0.0014614165580485283 -0.6702746137296697 0.07831234042846294 0.7379681455102262
1643091527472757.0 -1.8586454983668406 0.5026885871196447 12.996963968759008 0.0014373596434055793 -0.667523637028375 0.07706932746080794 0.7405879061734703
1643091527506090.0 -1.8534274970547273 0.5151280755915676 13.08322423763907 1.1090145146138605e-05 -0.6709295998483271 0.07800703726451316 0.7374065188629575
1643091527539423.0 -1.8680549685160615 0.5095378112730297 12.999059873185878 0.001192323436434943 -0.66819768296568 0.07733746659155971 0.7399522627205884
1643091527572757.0 -1.861449134929252 0.5206298784997935 13.082610395154273 0.0011728806903002432 -0.6709666513778282 0.07858608522639725 0.7373103853184897
1643091527606090.0 -1.878219779014629 0.506438673104251 13.00241279445944 0.0020754727027162186 -0.668432922841143 0.0772324889389852 0.739748783525459
1643091527639423.0 -1.8714458113491137 0.5169535871885065 13.086209283273709 0.0002909790016944129 -0.6711196117703243 0.07863715125663809 0.7371665893613942
1643091527672757.0 -1.8818264326016578 0.5102552216580652 13.002943730240275 0.0013955311694287835 -0.6684607085186045 0.07787068119157477 0.7396583607790292
1643091527706090.0 -1.8743693588304982 0.5222664970583725 13.088458097985743 0.001198121550052968 -0.6719520137581814 0.07890352219914229 0.7363784963560829
1643091527739424.0 -1.8900994200512486 0.5071166223875387 13.001576862240489 0.0014756137538451193 -0.6686143826208312 0.07815936190041044 0.7394888397156071
1643091527772757.0 -1.8802838617787467 0.5174882818921867 13.08615628792454 0.0004169765054355901 -0.6715505675338018 0.07894846239610452 0.7367406610612133
1643091527806090.0 -1.890290550696214 0.5092311238427147 13.004509596249738 0.0017175194847877113 -0.6691376176807801 0.07756843006155083 0.7390771525281349
1643091527839423.0 -1.8834008999512541 0.5202242783398479 13.091386742236743 0.0012154938084614874 -0.6723258011093316 0.0787697564305393 0.7360515370606671
1643091527872757.0 -1.8972842061609032 0.507761932380963 13.00212065154789 0.0018583734756092737 -0.6689122243856925 0.0775834222571881 0.7392792402781732
1643091527906090.0 -1.8884178060278578 0.5164687869052728 13.088140722076286 0.0005643288419544495 -0.6717728252828165 0.07852489651325817 0.7365831883583026
1643091527939423.0 -1.8958295925354103 0.5078072938042306 13.003324572808856 0.00165588515257763 -0.6688276002369745 0.07721102079413626 0.7393952647086257
1643091527972757.0 -1.8845673593231487 0.5177916956532809 13.08936103270041 0.0009832997379449306 -0.6720117735321205 0.07788860503167178 0.7364323285693396
