#timestamp tx ty tz qx qy qz  qw
1504645591.3978183 0.0 0.0 0.0 0.0 0.0 0.0 1.0
1504645591.4296772 2.273165242665955e-05 0.002161742428409807 -0.0008649509263515487 0.0014009370425011128 0.00013776733006957552 0.0014203223717842402 0.9999980005379641
1504645591.4615364 -0.0015181452249561343 0.003735814218340078 -0.0066474814959626635 0.0012533156290112243 0.0010134505686042626 0.0009110394890330904 0.9999982860609955
1504645591.4933963 -0.0016489066045955228 0.005754463334485658 -0.0051371315376625235 0.0027386894068804142 0.0008837297944180903 0.0018012454815893916 0.9999942370417433
1504645591.5252552 0.0077258799450932395 0.0026151874587829627 -0.008964801280567597 0.00163360558955885 -0.0012585655490264102 0.00015046811933081873 0.999997862350156
1504645591.5571153 0.001278170358108624 0.006221985263557593 -0.007089949361068771 0.001905696472970454 0.0002950717843353274 -0.0014345194188944907 0.9999971116996448
1504645591.5889742 0.009945062104717385 0.003191918559494876 -0.006372646005863329 0.0015517661959321928 -0.002600771747800193 -0.00031297664344268473 0.9999953650160633
1504645591.6208334 0.0034206846932145155 0.0006345344152772628 -0.005719355564593836 0.0005894201028956251 -8.257409215539806e-05 -0.0015902289447463122 0.9999985584676435
1504645591.6526933 0.005065801631866059 0.0008618119067072347 -0.004343948391709726 0.0006416058785032284 -0.0008370669834376531 -0.0006114406431008939 0.9999992569002748
1504645591.6845522 0.007777423546442209 0.002626297483516571 -0.005425016099889868 0.0009275636552937665 -0.0015126829746570617 -0.0046421976534456125 0.9999876506321614
1504645591.7164123 -0.0013245258208053304 0.012063940449397447 0.0012877214241042516 0.004298995501843277 0.000882843120523811 -0.00028945787583411066 0.9999903276731419
1504645591.7482712 0.007628040847565476 0.008205073466698277 -0.0029774216152418623 0.0035656267848260545 -0.002647064539927847 0.002052691859559176 0.9999880328339347
1504645591.7801304 0.0037627065740607245 0.0019296935263218551 -0.004782344384448173 0.0010923009889749376 -0.0008663597390077022 -0.0011089987795757964 0.9999984132092706
1504645591.8119903 0.004076487645353668 0.0033559558029071096 -0.005352113212307405 0.0011824159665643798 -0.0006042644021892048 -0.0010563588753427868 0.9999985604304342
1504645591.8438494 0.00359066521916277 0.0032158652287247484 -0.004321349515415928 0.0017810165394993526 -0.0008641637125410682 -0.0004358262349254545 0.9999979456262184
1504645591.8757083 0.0030741710243757186 -0.0025987054594198886 -0.0042003470841727435 0.0007136685760913214 -0.0002660151885988297 -0.0005752642544400788 0.9999995444919565
1504645591.9075673 0.013488064705438434 0.0022789539286724894 -0.008559021611067613 0.0025813487182702126 -0.0032817695020780145 -0.0029261593971004274 0.9999870020249827
1504645591.9394274 0.011538190055239489 -0.0022679196163518326 -0.009212677028755549 0.00020660669688495292 -0.0025578258482684673 -0.0024447491806081933 0.9999937190012979
1504645591.9712863 0.00039954395832416376 0.009957390342695844 -0.0024457275742584203 0.003134051000787589 6.456945470761475e-05 -0.00024404264645540828 0.9999950569869317
1504645592.0031452 0.004005169714409704 -0.0009602774036502145 -0.0075169524532833374 0.0005816431710966268 -0.00011263548869040185 -0.0016649395115103237 0.9999984384892265
1504645592.0350053 -0.0014763582958939696 0.0018022145667313547 -0.003042201913979098 0.0004068958626164958 0.0013672750777161825 0.0017351568290644088 0.9999974771095161
1504645592.0668643 -0.0002891839827827457 0.008949643423264172 -0.004250364544734151 0.003883544865611722 0.0004789296399221324 0.00030052593343302055 0.9999922991652685
1504645592.0987244 0.004763039008087011 -0.002389513264324477 -0.0027763271245395287 -0.0002887401488196116 -0.0012522893575728099 -0.0021364184079181703 0.9999968920536091
1504645592.1305833 0.007198607158629659 -0.002539053046124249 -0.0045010025788585935 0.00045227388062549955 -0.0015336116274275251 -1.7202662935874157e-05 0.9999987215930736
1504645592.1624422 -0.0023165528046674025 0.0006086714778886894 -0.00023709233205852735 0.0008216293879383722 0.0010175457788521643 -0.0009368571631228298 0.9999987059113591
1504645592.1943023 0.002946266827469048 -0.0006231947942140314 -0.004152023297631483 0.0004007515218600222 -0.0005592830262131129 6.624150860567986e-05 0.9999997611063599
1504645592.2261612 0.0005282100865197514 0.0058414358814644005 -0.0015303555496121873 0.00211095255934203 -0.0003516092701109388 -0.0005437984258818409 0.9999975622637713
1504645592.2580214 0.0022699880176404916 0.0041752970940982514 -0.001426472592175918 0.002101647272285338 -0.0007647420043743984 0.0004393396288927782 0.9999974026111769
1504645592.2898803 0.0006731541473601282 -0.005029400110582218 -0.0054868219779412005 -0.0005296968570967769 -0.00020805048042773561 -0.0018630318434367395 0.9999981026224938
1504645592.3217392 0.0015632452221675517 0.00324066772578585 -0.0006300262802867578 0.0014897771220381752 -0.00047475028603922276 -0.0015565249911931227 0.9999975662001606
1504645592.3535993 0.002681624963617187 0.00487714492611931 -0.0027329422171349462 0.0020908849455284046 -0.0006382706669983343 -0.0013418568804081828 0.9999967101099947
1504645592.3854582 0.0007757281652348859 0.0017602428522647871 -0.0010703167814660648 0.0008842048826820182 -0.00013451286043110914 -0.0005486171941387652 0.9999994495534437
1504645592.4173183 0.002670755484773471 0.008918711390879651 0.0007348262756821163 0.002896600897538465 -0.0010490178893216983 -0.001664134547296717 0.9999938699416696
1504645592.4491773 0.00046622982307996917 0.0072062632691406335 0.00018470531961325395 0.0016490899040952367 9.472824902456696e-05 -0.0019085633071755392 0.999996814452501
1504645592.4810362 0.004839835742000267 0.008504631322299502 -0.0007398949814212208 0.0026511659665040023 -0.001455906509543516 -0.0013688007505008172 0.999994489004694
1504645592.5128963 0.01023064483093892 0.004108999131047848 -0.0015750546390479849 0.0019003222414079686 -0.0031515251802902242 -0.0004759882561974298 0.999993115026097
1504645592.5447552 0.0062318241843234996 0.0014494012396410003 -0.0010904380904610863 0.001739558929462429 -0.001812146653853763 0.0009261703680615004 0.9999964161274205
1504645592.5766153 0.0076978352380775005 0.002586645221893477 -0.002427299900655252 0.0018625163601001706 -0.0021201081036894324 0.0007002258653402704 0.9999957729201532
1504645592.6084743 0.002289734596334174 0.005698177289834732 -0.006200061184242501 0.002113729120386131 -0.0010871127687770185 -0.00021272467860702785 0.9999971525375683
1504645592.6403334 0.008124927551551088 0.009646841671432435 0.002155774259778107 0.0030327643701010707 -0.002150514382970435 -0.0007905522011147987 0.9999927763015998
1504645592.6721923 0.0020426804882293344 0.0017039882454717831 0.0004384047762526902 0.0008731746461558256 -0.00025245793891663074 -1.279762117162375e-05 0.9999995868335383
1504645592.7040513 0.010876419989618056 0.004873518583134179 8.055901587243512e-05 0.0034325606914545202 -0.002396658563862474 0.003299491837673464 0.9999857933533061
1504645592.7359114 -0.001885926326401907 0.002489716258330087 0.0027170120923851212 0.0017532177374047022 0.00144505469539733 -0.0014804308380076921 0.9999963231777537
1504645592.7677703 -0.0015485646913722074 0.0048472661586570305 0.005105464243741219 0.002481914445571151 0.0005816196673715228 0.0008662188305606182 0.9999963757355249
1504645592.7996304 0.002821753278406774 -0.008972420656929459 -0.0029608323835574025 -0.0007698842182147923 0.0004012740578337019 0.0006563996537899325 0.9999994076982823
1504645592.8314893 0.0039911892916957206 -0.0024181176158758616 0.005480111124737388 0.0008772845930710271 -0.00040603901002266284 0.0016488932656108853 0.9999981733258635
1504645592.8633482 -0.001583808966181582 -0.006199871914707908 -0.00200918921501711 -0.0011355051100107672 0.00043550928074634587 0.00027486249647209755 0.9999992227049077
1504645592.8952084 0.010966855265061361 0.004423118738730166 -0.004514559117669848 0.0017701106974717374 -0.002609273409551638 0.0005395319989646407 0.9999948836397189
1504645592.9270673 0.011250007560287885 -0.0024077533534229757 -0.008724524650336206 0.0005849947796329926 -0.0021201255502272458 0.00046705238324492985 0.9999974723522207
1504645592.9589262 -0.0005574028449017699 0.0007854424053738767 -0.00213313746711979 0.0011764996494112885 0.00026767610754775624 0.0012378280557323843 0.9999985059887743
1504645592.9907863 0.007539714976266782 0.002125694351388861 -0.004308821432535613 0.0011160071297175286 -0.0020035003795972543 -0.0005070711096160518 0.9999972416927985
1504645593.0226452 0.009384528422912005 0.0036105098726724057 -0.007410348462323095 0.0016862224272745695 -0.002223287339951957 0.0001609555585363902 0.9999960938626901
1504645593.0545053 0.02494003025716878 0.002002503623630731 -0.015099600508581104 0.0019930412228860266 -0.006455786031025823 0.002147424349274295 0.9999748692752581
1504645593.0863643 0.008765383433504897 0.0023244911369432663 -0.006504671588110802 0.0017872726299909805 -0.0017026486434357695 -0.0002105107963874923 0.9999969311599649
1504645593.1182244 0.007388017718235832 -0.0055398142357040965 -6.059786627814629e-05 0.0008204090795701952 -0.0016593755195505127 0.0023841135077258204 0.9999954446919294
1504645593.1500833 0.003636552600329198 0.0027738099259536466 -0.00268744833378896 0.0016178687644210314 -0.0008726413687526397 -0.0005742648600468791 0.9999981456070671
1504645593.1819422 0.005711977071765786 0.006000646003490173 -0.003962440033472111 0.002765048617264947 -0.0013882049276135798 -0.00011139622287576635 0.9999952074805681
1504645593.2138023 0.010679356473466866 0.006432289499558556 -0.0033657615754062514 0.003203317374101907 -0.0030473883649165734 0.00036756396270862425 0.999990158490916
1504645593.2456613 0.010000368307914986 0.001527720619451035 -0.0010888232743920291 0.0014903199681477433 -0.00216173543641722 -0.0008713565819754681 0.9999961732846794
1504645593.2775214 0.003258531411205501 7.435417793544291e-05 0.0022555325485895538 0.001224820917493623 -0.0006442688200201241 -0.000908946481817759 0.9999986292729109
1504645593.3093803 0.015184421944212325 -0.005764286502680226 -0.004812382141953683 0.00046318022758101176 -0.0036337431239042233 0.0005586554064286377 0.9999931346159947
1504645593.3412392 0.0013963170172070585 0.0006865643773086906 -0.00045170492749105605 0.0009652686608395088 -0.0003093585046417928 0.0013474258004634388 0.9999985784977098
1504645593.3730993 0.000233148803467516 -0.002572701032800141 -0.007280924351169072 0.00015592810604725987 -3.518873746272575e-07 0.0014176640684788993 0.9999989829569282
1504645593.4049582 0.006980125238503047 0.006323340726076356 -0.008509975458724135 0.0030912786823390943 -0.0011957907180724658 0.0006999489785222294 0.9999942620595851
1504645593.4368174 0.013542756000595414 -0.006111878807184997 -0.006847566309851375 -0.00018141399306208022 -0.002456665153050243 -4.3713410458376434e-05 0.9999969649826077
1504645593.4686763 0.006884388291417008 -0.006995033454892452 -0.00272458509487085 -0.0006336497750874542 -0.0012983245669731718 0.0013958275701318734 0.9999979822513023
1504645593.5005362 0.012251070330134062 -0.005045056219830861 -0.010784377766495308 -0.0001825788320233244 -0.0022400067616109498 0.0004385973350398063 0.9999973783300913
1504645593.5323954 0.0009515120049744145 0.0008869788762149887 -0.0008667100228800457 0.0015019843371371826 -0.0005058244089275789 -0.00019205241079216118 0.999998725649483
1504645593.5642543 -0.0028581025194053897 -0.004948353186027622 -0.0006456304513868795 -0.000470983559077629 0.0011341172779013604 0.00020073031317480907 0.9999992258296146
1504645593.5961144 0.011148679596965241 -0.005822024457786708 -0.0033059001240923 -0.00048498615489610215 -0.0026397147427253812 0.001012272553132165 0.9999958859909299
1504645593.6279733 0.0012757301088993714 -0.005639040678108328 -0.002345439175837166 -0.00034024442064601923 -5.4483194828537885e-05 0.00023747106796386813 0.9999999124364
1504645593.6598332 0.002782489080517709 -0.0009432732564667796 -0.0022775466328116443 0.0018068623241946221 -0.00020282878930627955 0.0016337562634613197 0.999997012470285
1504645593.6916924 0.011985354846100554 -0.0037179849560540516 0.002663631213455859 0.00014182195435478057 -0.003451736655452244 0.0011986292007968365 0.9999933143219677
1504645593.7235513 0.01022500287472166 0.0016212687251260668 -0.005639813548246843 0.0014740682784688112 -0.002043119454821806 0.0003557284556166896 0.9999967631161961
1504645593.7554114 0.0036582846538644825 -0.0023493247557149336 -0.0010657419516402538 -0.00016772177503681922 -0.0009314062522343452 0.000700168906821137 0.9999993070574106
1504645593.7872703 0.0008813676933827014 -0.0020283261452178777 0.0010451070236790706 0.00046709085797586107 -0.00028311042975788053 0.002036478592076155 0.9999977772123091
1504645593.8191292 0.004039435207699536 0.005947675246714257 0.0035261970380639543 0.002385176503421166 -0.0005256833390288551 -0.0003863952567104876 0.9999969426397164
1504645593.8509893 0.00678873072800821 -0.0022549393345542594 -0.0035289801362854345 0.0001841508742129333 -0.0011828481396951992 2.6396327030301523e-05 0.999999283130727
1504645593.8828483 -0.0008639477009031996 -0.0008885664553183475 0.0019892416063485244 0.0014675609403289117 0.0008367603239173251 0.0012026975010770472 0.9999978498055722
1504645593.9147084 0.0046560166399727005 0.004125319351855427 -0.00046909462757716556 0.0008635627957002943 -0.00046680174091611875 -0.0024470079826586087 0.9999965242476422
1504645593.9465673 0.0022857544484262177 0.0028283163705318313 -0.0018746940074755576 0.0015323650242711876 -5.538885711125678e-05 0.0003862229080315491 0.9999987498099047
1504645593.9784262 0.0019010741512317316 0.0005391685453155287 -0.002946426845545026 0.001206724773716236 -7.494609742520579e-05 9.898033815483094e-06 0.9999992690499488
1504645594.0102863 0.008806046797923035 0.004093067806437414 -0.003310017715662686 0.0017519652445446142 -0.002339613484004026 -0.0014687352300084009 0.9999946498073635
1504645594.0421453 0.01944474752032666 0.001351615522739905 -0.008155315110561761 0.0021340588553030873 -0.004382208546472712 0.0006698477522743957 0.9999878965992769
1504645594.0740054 0.010400886516076872 0.0026380573694671705 -0.0058860233946207395 0.0013046181369537552 -0.0016676780570709024 -0.0014174691165622219 0.9999967537960903
1504645594.1058643 0.009694374291366416 0.006373545275689638 -0.0006428035408285113 0.0023325260060291088 -0.0012299676879377636 -0.0025611651474577333 0.9999932434446771
1504645594.1377232 0.001715562122535106 -0.004720810346442886 -0.0008199887423651181 -6.391672897944307e-05 0.0002340650578379051 -7.604875363005925e-05 0.9999999676723933
1504645594.1695833 -0.0021242590498107457 0.0008125580843375295 -0.00015178351746488665 0.0013161227727622928 0.0009476985405195128 0.00018824706693609312 0.9999986671247942
1504645594.2014422 0.005047641838974701 0.001008054677312322 0.0017245325202032765 0.0015857376705761274 -0.0004333854776239802 -0.0006437183094248167 0.9999984416186888
1504645594.2333014 0.003001197388072089 -0.00033988021899799403 0.0010323339504783235 0.001077424930689576 -0.00037711542931470984 -9.250904844512883e-05 0.9999993441905588
1504645594.2651603 0.005169173748581492 0.00262432092492375 -0.001161355457389722 0.002102435054217288 -0.001709778963606958 0.0016359216605250128 0.99999499007898
1504645594.2970202 0.008521973005546347 0.005138433811284086 0.0010888610759514253 0.002393985784799198 -0.002524056084300965 -0.0016696687260006316 0.9999925550619319
1504645594.3288794 0.00022180242655491555 0.005008286438336752 0.0015241609627123507 0.001669412288254885 0.0003353994930765611 -0.002095918488076874 0.9999963538410943
1504645594.3607383 0.007147687812770173 0.008113843477003719 -0.0030989821489835184 0.003202375164695742 -0.0014094214732751958 0.00025958449015435914 0.9999938454512146
1504645594.3925984 0.0019854259516991915 0.004200352096415586 0.000593069412869379 0.002158109689113064 -0.0007450846103275674 0.0001466206925317391 0.9999973829535084
1504645594.4244573 -0.002910647034581919 0.0014349323696145986 -0.0019954008971453004 0.0010492498675404968 0.0015450828355582005 -0.0005294842754118423 0.9999981157182992
1504645594.4563172 0.0006003756039854576 0.008054604504235612 -0.002597002026630201 0.0037005972650540875 -0.00011583041423438172 0.001279099065618139 0.999992328004959
1504645594.4881763 0.008781241547114066 0.006689254190976088 -0.0011156048158648417 0.003500144373750001 -0.0022176648932118862 -0.00038864940559774324 0.9999913399142134
1504645594.5200353 0.006150008531024763 0.006498395133937399 -0.0021845852792424006 0.002998502761906365 -0.0014765769651905352 -0.0015782840404369222 0.9999931688372378
1504645594.5518954 0.006891644933615303 0.0003322093210522951 -0.0018767668887080362 0.0008659325306076293 -0.002130910036850936 -2.448440954727894e-05 0.9999973543883909
1504645594.5837543 0.03073148789055156 0.0040376758130808935 -0.024540786015755777 0.0018890368174395281 -0.0071443359861271365 0.00794204463412206 0.9999411552337714
1504645594.6156144 0.03626436427373334 -0.01567617810763626 -0.04309417383420872 -0.006632004046959624 -0.012466865014062188 -0.004477645486340047 0.9998902662242196
1504645594.6474733 -0.0029752955737805497 -0.0057412884571287695 -0.014330899832798881 0.00011355739309148674 0.0004809739077006321 -0.0037243273574678938 0.9999929425523727
1504645594.6793323 0.009460092480621102 -0.006352952103995481 -0.0079400929614186 -0.002762005614944637 -0.0021808458503194783 -0.002916382344866459 0.9999895549206395
1504645594.7111924 0.013637126498724143 -0.010833144318437815 -0.00855425754703428 -0.0035306661760909 -0.0033518709281410096 -0.0054700648368102905 0.9999731885147297
1504645594.7430513 0.006955627197415533 -0.008336086315059835 -0.007802172787079409 -0.0016691122014725213 -0.001500770925477571 -0.002283846904385525 0.9999948728840591
1504645594.7749114 0.011068016834700335 -0.008135454192919184 -0.004362745754369879 -0.003455242873485571 -0.0034538994100925743 -0.0030576581774937528 0.9999833911630832
1504645594.8067703 0.03592045965194979 -0.019325475454715663 -0.016995087119881017 -0.006728087667940095 -0.011269545361892543 -0.0033451302587136746 0.9999082659360413
1504645594.8386292 0.07123225842202155 0.015901474576425545 -0.06667499140105437 0.00498652927113181 -0.011316463979837972 -0.011990060375645713 0.9998516443057988
1504645594.8704894 0.012268168401291078 0.044579002972754904 -0.07172395503632842 0.013739780635766979 -0.0009599131662895535 0.004316783741986507 0.9998958257603235
1504645594.9023483 0.0062629503628511204 0.006689652193659926 -0.02872223905190274 0.002125277767260553 -0.0011774041205363697 0.002710099265114241 0.9999933761160232
1504645594.9342072 -0.008189303653732332 0.009020492617183863 -0.000987379990744441 0.0033339865605387826 0.0007064872927560555 0.002719926279924851 0.9999904936599904
1504645594.9660673 0.006965031415010989 -0.0031616381328246814 -0.017137342164824522 0.0008074181168732127 -0.0022302244322141905 0.001573135052692774 0.9999959497023339
1504645594.9979262 0.042732040959263744 -0.00014589014156655798 -0.033100918427678434 -0.0017393156729034194 -0.009771764539599282 -0.011532754270452281 0.9998842347880629
1504645595.0297854 0.04882759828328385 0.001188308773498281 -0.031013509383507366 3.6069054498159244e-05 -0.010062818119659105 -0.008143349313083447 0.9999162086157415
1504645595.0616443 0.03890001461157766 0.008630460793813589 -0.02796873844336861 -0.0002956554191733631 -0.012577938900604435 0.0037115252306030517 0.999913962609458
1504645595.0935042 0.03498873824563807 0.014359798091723601 -0.023967952465414565 0.004211121852499536 -0.009513366854305153 -0.0013916069240286792 0.9999449113496242
1504645595.1253633 0.014653329984593344 -0.008240815456156719 -0.06212604490563124 7.482931866468246e-05 -0.0022423714405758245 0.0018001562565195205 0.9999958627956157
1504645595.1572232 0.020285066126100208 0.030025829279080922 -0.08332450207144614 0.008967895165169892 0.001669734175632973 0.019211468275809114 0.9997738285886347
1504645595.1890824 -0.006872005686459938 -0.01868793491170419 -0.06583982969196389 0.0017860621316683613 0.007034156339340753 0.00846516015005662 0.9999378339128335
1504645595.2209413 0.0055019142545837405 -0.010960431574163527 -0.015292550056963897 0.002151240716212155 0.0022403956493127894 0.005725078215446 0.9999787879100949
1504645595.2528014 0.02046290654163834 -0.025605235718400017 0.0013329248391770042 -0.007136141866476555 -0.004845718481126633 -0.00411196965950638 0.9999543420562674
1504645595.2846603 -0.01611006440727058 -0.031080707856193227 -0.012324642310656725 -0.009991758038175544 0.00730055284258046 0.004543039406405438 0.999913109971287
1504645595.3165202 -0.02253613561934251 -0.030819221873644314 -0.0778715481876688 -0.0060054477977474876 0.022935363034756046 0.02242096320274225 0.9994674602648521
1504645595.3483794 -0.057357419454214076 -0.023693289143243947 -0.0713417661219352 -0.00384433196582884 0.032514694665575834 -0.0012748876600453445 0.9994630510449073
1504645595.3802383 -0.10256468665054685 -0.03223177704720041 -0.046645162016502595 -0.007293679495754297 0.03739866523833312 -0.003814587463573046 0.9992665265084621
1504645595.4120984 -0.03340046065176286 -0.02577001042163364 -0.0076683125832748816 -0.0041166679903723745 0.009175786049499554 -0.009936963514023131 0.9999000523808127
1504645595.4439573 -0.004679001711111279 -0.033469281114411026 -0.02366959239935087 -0.0053156995058065365 0.0030914452909545846 -0.011467323105882173 0.999915339819108
1504645595.4758172 -0.04863436496292447 -0.0573619442140969 -0.09124156059241859 -0.011895150759564495 0.01766519840918188 0.0067035817032070075 0.9997507230034494
1504645595.5076764 0.010213669862928538 -0.022328997244066378 -0.02716287831095526 -0.0051239955808202045 0.004558536875004804 0.013085393309914671 0.999890862490888
1504645595.5395353 0.038456114215361825 -0.009105603718859748 -0.01211762761722903 0.002632704816122482 -0.004816752352914084 0.007891387360100192 0.9999537958164141
1504645595.5713954 0.025491448623576586 -0.029573758531202463 -0.03548913823799465 -0.0014196451493246347 -0.0042984160968433495 0.0006570629867932862 0.9999895381927452
1504645595.6032543 -0.09299841686342164 -0.032889923055316274 -0.0715847340292049 -0.004312461703911083 0.026221293206201767 0.0032032881077607325 0.9996417285217467
1504645595.6351142 -0.07893865772373611 -0.010097788758623329 -0.06893522363202331 0.00391674494896501 0.019708624244870816 -0.026957414608732057 0.9994346036819979
1504645595.6669734 -0.01899889147638092 -0.016874824505660132 -0.06789532839917421 -0.0006962034052202345 0.000229749848845611 -0.025839149798690675 0.9996658445968364
1504645595.6988323 0.016252476636181564 -0.06322725890718968 -0.020570190486220594 -0.012900026082261103 -0.0018650993833310683 -0.020413583451628737 0.9997066551454135
1504645595.7306912 0.003219204791411491 -0.09657668433695417 -0.032380529168827415 -0.01825149021620014 0.0011809961487702476 -0.006090158146547446 0.999814181899184
1504645595.7625513 0.098415617560938 -0.08523094280995124 -0.10852792306184107 -0.0074802677322633035 -0.015228299189102444 -0.016175850348004218 0.9997252054259609
1504645595.7944102 0.09292327320541376 -0.07723327788511898 -0.12868780696973442 -0.016720658621448427 -0.013676236737749682 -0.009217982511257305 0.999724166419108
1504645595.8262694 0.10151110723443732 -0.10491342744703486 -0.13943702562288104 -0.01812489900529651 -0.013084144010701 -0.035569737190867666 0.9991171537951532
1504645595.8581293 0.09820449977559836 -0.1692128757216304 -0.13522580403012957 -0.03375591561378116 -0.013894230770612442 -0.02589476914257333 0.9989979726923479
1504645595.8899884 0.06769119830068109 -0.17826272434840296 -0.1524202622663374 -0.03369907343239893 -0.007876894108889934 -0.01096336924986133 0.9993408485215074
1504645595.9218473 0.12252078294223379 -0.10072639858751149 -0.14830670897246484 -0.009433150021132005 -0.007469981307516001 -0.011264281250342303 0.9998641562871715
1504645595.9537072 0.08768385529047348 -0.05069337026739808 -0.17189375887033237 0.009608223535162063 0.002039315703028014 -0.022885202618196685 0.9996898472691848
1504645595.9855664 0.07073962635274639 -0.09857290979465634 -0.16788366826350384 0.0018135732024597505 0.00045819296346906425 -0.047383146960585175 0.9988750364262584
1504645596.0174253 0.07734666993966342 -0.07229528054355622 -0.12995028891851065 0.002222816535586512 -0.00015273710915964794 -0.03772796110364242 0.9992855631444831
1504645596.0492854 0.1045160826425437 -0.033569716346070054 -0.11118980751619738 -0.0004797687466535566 -0.007876118568779799 -0.019370913914208764 0.9997812282056353
1504645596.0811443 0.04877239575308018 0.00242231667647619 -0.06735237389558728 -0.0006704959713853911 -0.0027701743290291436 -0.00791824424750314 0.9999645883616959
1504645596.1130042 0.011749594838866463 -0.10208961668717492 -0.11602729274595774 -0.02671187062665059 0.007357633276900689 0.020487195836721848 0.9994061316636673
1504645596.1448634 -0.06876256947664038 -0.040670710216747334 -0.1793929755079405 -0.014329134223050849 0.025518920987106643 0.017339275481309823 0.9994212375719533
1504645596.1767232 -0.035252908622077535 0.017154951310834717 -0.09438608883369137 0.004817580941837628 0.01078284369153639 -0.028414228108897342 0.9995264643003547
1504645596.2085824 0.018761386032027393 0.027590595064063046 -0.04366399845991832 0.005955750259267085 0.0025431043920239767 -0.01488688943158765 0.9998682124069913
1504645596.2404413 0.014265404227729362 -0.03218250394212785 -0.03888903243874583 -0.00992486621981509 0.005903069910779284 -0.006896689350862789 0.9999095391444893
1504645596.2723012 0.03877235989076529 0.002205145982319053 -0.11097593804231821 0.008483327679162283 0.008748796926248751 -0.0220730705690123 0.9996820850947998
1504645596.3041604 0.10378403794072454 -0.004325392640126315 -0.11293908074740132 0.008074035662774181 -0.013070093683948245 -0.014477661719297888 0.9997771651274852
1504645596.3360202 0.077531721114109 -0.020930901438428722 -0.019058447871252288 -0.009019554791750633 -0.024141683179457682 -0.01798567475900168 0.9995060491403164
1504645596.3678794 0.0534824614471223 -0.03636057469995921 -0.0532942384468715 -0.008850938438164733 -0.022038572638037518 -0.0353636999599619 0.9990922734812754
1504645596.3997383 0.0029370925206868115 -0.04930646790758443 -0.1461160377380525 -0.004697038021939213 -0.0058447826398631796 -0.030104796978910567 0.9995186229123357
1504645596.4315982 -0.021224570486856362 0.03782823942710207 -0.10748022845765963 0.018019352003286783 -0.003416539116827267 -0.013255006547098746 0.9997439347229276
1504645596.4634573 -0.08673233624872657 -0.06439534550377873 -0.05403316706328252 -0.016248199590196088 0.00029860646810318624 -0.03106029469145128 0.9993853935984529
1504645596.4953163 0.006008384755108183 -0.028613526098374704 -0.06942267295832952 -0.006959656608948498 -0.012824643343912602 -0.017971255581212986 0.9997320269331286
1504645596.5271752 0.09326430715867161 -0.004056299010726224 -0.06365136769763902 0.004421329703351364 -0.03349625879507235 0.005945077778447169 0.9994113810341545
1504645596.5590353 0.05745735103822082 -0.012350884941159672 -0.13388433959827065 0.026807663045759884 -0.015483174805484976 0.04372582004249004 0.9985638052531143
1504645596.5908942 0.059038556385167085 -0.05740122778653897 -0.1923537806687455 0.018287031348572604 -0.016192773166937617 0.044396786256532865 0.9987153267832192
1504645596.6227534 0.06405423385250052 0.019326546656897647 -0.23776733983694134 0.037464661405219264 -0.012467438546409295 0.0292860822744048 0.9987909128075307
1504645596.6546133 0.04122570783083144 0.032820635340842313 -0.1449206371126405 0.037018482201695194 -0.011799506410245174 0.04430266440046494 0.9982623290252804
1504645596.6864724 0.1529332979873998 -0.0032112137803672587 -0.12234434986359073 0.022331523545597365 -0.03604170204651059 0.04530781289532457 0.9980728935605682
1504645596.7183323 0.1945556410401475 -0.1303887541605735 -0.16745272095090166 -0.015449721009932468 -0.036384246708762676 0.020395924727543726 0.9990102596903895
1504645596.7501912 0.0751607812346797 -0.04436926368500931 -0.18735605302925648 0.002221838054221082 -0.01934788103690676 -0.022682537606563056 0.9995530128126118
1504645596.7820504 -0.19228383121500006 -0.035653046759962316 -0.21185402698948277 0.00902392526375741 0.04225274606634891 -0.0014060043991833704 0.9990652117726431
1504645596.8139102 -0.12967549304052822 0.006619171975368644 -0.19119589093703765 0.02181653366097602 0.02792192220992443 0.003289996544485691 0.9993665899167631
1504645596.8457694 -0.09754523864053213 -0.04764332130099406 -0.17962911570114046 0.007373528556992693 0.027138595546238937 0.014958166175822131 0.9994925617397327
1504645596.8776283 -0.04739547593795444 -0.07083776131201656 -0.0767217611635221 -0.009185789079967508 0.011488586898593407 -0.005519896932664374 0.9998765745770347
1504645596.9094882 0.013416088955901257 -0.043192572540648295 -0.08191450162965389 -0.0015514643009837147 -0.006225713087724167 -0.019388449163313108 0.9997914389982112
1504645596.9413474 0.039913310565993704 0.041780593804588435 -0.120449748691603 0.01574937241944467 -0.022563520783780606 -0.0010612620373791775 0.9996207873594474
1504645596.9732072 0.06571954120718904 0.038417728595958836 -0.18713849886618933 0.022102321898202916 -0.03574422903861796 0.03228875936987221 0.9985946492323587
1504645597.0050664 0.07032028677649814 0.051675332820796255 -0.2977951686679687 0.03292624291769814 -0.044461839012015 0.032575601365723975 0.9979367903803606
1504645597.0369253 0.10329631032925636 0.000826273258393379 -0.22702237284601276 0.014455317945604238 -0.03851560114747665 0.025520905873018324 0.9988274503710641
1504645597.0687852 0.06819198343950518 -0.003134020706464761 -0.1962544445869316 0.005148766271788958 -0.01602406254258329 0.005691335561959891 0.9998421517044733
1504645597.1006444 0.11222268685787763 -0.00032987030003481634 -0.24179745360330904 0.008214960721234094 -0.009824687450053587 -0.027839599406296968 0.9995303630414407
1504645597.1325042 -0.03142815546385697 0.04274019298806536 -0.3308701192950869 0.017074568257107896 0.027926865157023632 -0.00021387845321943093 0.9994641081986596
1504645597.1643634 -0.11331114829738462 0.013888545713096211 -0.20810978303805572 0.013151008587904762 0.04129332716425567 0.05263352007884578 0.9976731051145643
1504645597.1962233 -0.03501985123667454 0.028320132483253168 -0.16154416393918558 0.03161195394952518 0.012891050317899094 0.05590234651404893 0.9978524103510588
1504645597.2280824 4.982064789536093e-05 0.044837998770299835 -0.17382930231380628 0.04572719038204306 -0.006832543927341801 0.04219556660834626 0.9980390145489534
1504645597.2599413 0.07977651937099865 0.08647584990831879 -0.2093115235962497 0.053324977408650776 -0.01998437075229215 0.07509804121699677 0.9955487712389444
1504645597.2918003 0.09029908695769423 -0.004885827070953126 -0.21089220068025594 0.020568449471523986 -0.01511659724190046 0.08426653255260273 0.9961162476667694
1504645597.3236594 0.047529222270022486 -0.04532953419019544 -0.24360884847746248 0.014196967501927149 -0.0021963573550479927 0.062463926377756336 0.9979438260892205
1504645597.3555193 -0.038053579110595856 -0.06459903793394053 -0.34355147475162034 0.011932491215772924 -0.00806813807312678 0.05098342388894318 0.9985956195026987
1504645597.3873782 -0.05538929344876439 0.04206797008161177 -0.3404450862806688 0.031040711129730433 -0.0032724623349889466 0.040571351302191354 0.9986890059955306
1504645597.4192374 -0.11037302813863172 0.06297326477742472 -0.3571991744114553 0.02466408043039551 0.009328083163976835 0.033135352523119034 0.9991029568638947
1504645597.4510972 -0.0211573543400495 0.10881001183695749 -0.26896836881578884 0.041055880633551374 0.00458849083018256 0.01201402024653775 0.999074083206456
1504645597.4829564 -0.027872224089096818 0.09096367405977127 -0.3344668542008763 0.04391798234616772 0.016619203957940025 0.0037622907441608256 0.998889812769558
1504645597.5148163 -0.060436290587744614 0.03195112858843272 -0.39514969709945724 0.038555682242130455 0.02347106308551048 0.021089949831935493 0.9987581201575116
1504645597.5466752 -0.03298737906483126 0.007957969708175288 -0.4174831752196623 0.030587023863745004 0.010357999683012098 0.024597511411543142 0.9991757143996668
1504645597.5785344 0.018211906155068007 0.0442427985626287 -0.49141406615412736 0.03384081092966423 -0.006221745859857066 0.06448594387571735 0.9973252490720045
1504645597.6103942 -0.010918444743068644 0.08746196997947238 -0.5313729544538601 0.04317869115319532 0.0009305183511556248 0.05684557056922535 0.997448402611661
1504645597.6422534 -0.11332446436985702 0.1862292103041907 -0.42168303525611783 0.06484825630404942 0.014551800459720685 0.051469867303678564 0.9964606372142587
1504645597.6741133 -0.2257876180770894 0.2245164798876388 -0.41076567682424076 0.06925819784283083 0.03317122235905725 0.047487326981863136 0.9959156218349459
1504645597.7059722 -0.20999854212286423 0.27154679306663065 -0.3136768267758564 0.07955331134908372 0.03924109788201387 0.03138959582018099 0.9955632075185662
1504645597.7378314 -0.029657661454670223 0.3939745509946677 -0.2971850236757408 0.09096674336632286 0.017919443832649925 0.030626731001329566 0.9952215574846771
1504645597.7696912 0.053568425415892 0.33305965051076525 -0.1340978522971293 0.0771426974740767 0.003258605310751222 0.046796207509436444 0.9959159104465526
1504645597.8015504 0.1442114580920013 0.11980886649985575 -0.15523146778670938 0.04144301242516843 -0.013142566687382973 0.04360330321156887 0.9981024504583861
1504645597.8334103 0.12992459778094495 0.0053171058712807705 -0.04994953229149018 0.03122214552569097 -0.006181214747520585 0.05807020780734087 0.9978050015800832
1504645597.8652694 0.10387535214888245 -0.017585906333619918 -0.07898835316565703 0.034579568869549264 0.0036493024571171728 0.10887922770532643 0.9934466517043903
1504645597.8971283 0.09566522967231403 -0.02524940941614304 -0.2898681800040783 0.03171389437938399 0.00804680923089027 0.09659422296869878 0.9947859236305912
1504645597.9289882 0.02563757962299265 -0.13162725784954743 -0.4371628238486861 0.009150010610209513 0.001750672759900628 0.07165295694951485 0.9973861169131599
1504645597.9608474 0.027688228312299314 -0.18414770149534512 -0.6621705542346819 0.006720810975796272 -0.012717940552437757 0.03757184280982506 0.9991903929260959
1504645597.9927073 0.023870951741183612 -0.07181216039121452 -0.8486405285414128 0.0352497709126315 -0.0047924913793635495 0.03681881641731533 0.9986885702933691
1504645598.0245664 0.008246275123882527 0.1120730128681222 -0.605555687052491 0.06717841166869704 0.001215405529181747 0.05113127217794757 0.996429213140871
1504645598.0564253 -0.07930971700704559 0.10041951799153756 -0.25111421651100596 0.06033102646379638 0.017784658632424524 0.05523988478417923 0.9964900542866363
1504645598.0882843 -0.005786064428672224 0.03370212393600304 -0.06594578435745028 0.049271580285846196 0.0005343724523009164 0.033623297314714216 0.9982191641618107
1504645598.1201434 0.07821051633704156 0.007485028620565422 -0.1407238874689136 0.04424007250861849 -0.00373175951322365 0.04127909781137596 0.9981607716391416
1504645598.1520033 -0.004277357435170486 -0.014344613798930268 -0.4525741779145864 0.043645209720116616 0.018913956843836354 0.02764638564715049 0.9984853705816854
1504645598.1838622 0.08363837969266064 -0.1286447953522522 -0.7939181232585372 0.03363939738151676 -0.004750455165424396 0.04071313771752826 0.9985931426445523
1504645598.2157223 0.18351551054167542 -0.027478227934719702 -0.7035192846216151 0.046527884274269335 -0.02676192281533265 0.0921528309724718 0.9942971443265566
1504645598.2475812 0.21188121731277634 0.09979423467158731 -0.6217065441569363 0.07106466961408488 -0.0351815566827642 0.1039272986753799 0.9914187749846464
1504645598.2794404 0.1083044000796853 0.17783718236174148 -0.3883527689360688 0.08358810706012351 -0.02045662533769503 0.09723514206230999 0.99153410530653
1504645598.3113003 0.013349374007814654 0.12137799940473921 -0.16193337196947777 0.0646708042830206 -0.00860293522509886 0.06079283307160532 0.9960160179565527
1504645598.3431592 -0.06681693887074343 0.029631982367264054 0.04259393134702334 0.04650786363415498 0.003035095839750232 0.013706199843187238 0.9988192763955294
1504645598.3750193 -0.03335246136317615 -0.19738569734380157 -0.12888619964265574 1.9836602600887176e-05 -0.007702775473325957 0.00498838365241439 0.9999578905559239
1504645598.4068782 0.02462276618630902 -0.41353926083354503 -0.2538639597698083 -0.0399487601436651 -0.012400296227244522 -0.01668810166096107 0.9989854035367153
1504645598.4387374 0.21650920628330403 -0.44528116001456486 -0.35757589788129723 -0.05169538374804937 -0.025426088089843448 -0.010256890898282233 0.998286480692136
1504645598.4705973 0.2487655752095554 -0.3391293178572112 -0.5077891385043315 -0.022038813413716975 -0.00909727346865241 -0.011378620679174835 0.9996509677433376
1504645598.5024562 0.0672293757544911 -0.1938232898127008 -0.48281440518839946 0.02004695531803345 0.014373035458607873 -0.027343141678076454 0.999321713982717
1504645598.5343163 -0.14338145187447715 -0.06849708246060277 -0.4189505186266274 0.060176463035499776 0.03980084931881188 -0.01989366610277048 0.9971955313473029
1504645598.5661752 -0.21653356020170494 0.03715127809060933 -0.31967485374680316 0.08468598763609418 0.04459256382354223 -0.03773230280086133 0.9946939529700011
1504645598.5980344 -0.16952713325082575 0.01647144342662415 -0.3261134882218916 0.08281980422379093 0.02778649553200749 -0.015561994442567879 0.9960555280823213
1504645598.6298943 -0.10623500501369693 -0.06269761107850422 -0.33759807244447093 0.05225077607817183 0.009344968019592824 0.02427078911853346 0.9982952753406705
1504645598.6617534 0.05363404940672156 -0.12906973064865973 -0.23828285889937173 0.021888320384558405 -0.026298842007484752 0.025928089160953915 0.9990780782963211
1504645598.6936133 0.060898848571340175 -0.162219969937542 -0.0718704433957913 0.014208376848598433 -0.03110807140179517 0.02406966965996912 0.9991251477785197
1504645598.7254722 0.03778971075072052 -0.3866431015899394 0.022307163707223607 -0.023841897491540587 -0.02320561618620348 -0.01708879581892004 0.9993002733707625
1504645598.7573314 0.06652488286073295 -0.49303006683466194 0.013071767172460728 -0.03216339327831934 -0.027853037982666532 -0.03896523837073885 0.9983343300751866
1504645598.7891912 0.07545372546850987 -0.5021936438694683 -0.08500382877673714 -0.02843595080068565 -0.030315186889757022 -0.04419712509413852 0.9981578032953072
1504645598.8210504 0.05457925871864625 -0.38512881518975106 -0.23397954723897185 0.0004262055771650881 -0.01598808624569985 -0.05109548408565663 0.9985656968637859
1504645598.8529093 0.04771754930712204 -0.319355295310641 -0.2918056963688767 0.014671615055071169 -0.016501821420115012 -0.052389013644633116 0.9983826044412216
1504645598.8847682 0.15987053445806768 -0.23992843435592634 -0.34587950161001296 0.037940934804185505 -0.04472844816005225 -0.0273388406088269 0.9979040230330486
1504645598.9166284 0.061917249292236846 -0.15933673256910347 -0.1183092185970465 0.031112455498949837 -0.035441008901185775 -0.010091197031891666 0.9988363818680993
1504645598.9484873 -0.010200044552290087 -0.02030037217108544 0.10126611400430661 0.04273299060692482 -0.018261305362862936 0.014880003606597046 0.9988087913774589
1504645598.9803462 -0.03876907812779699 0.13866900596555526 0.11843337717755814 0.06893297623319829 -0.012944442250983427 0.056876442884976265 0.995914532702077
1504645599.0122063 -0.014394222356530866 0.16057298979388515 0.12974837523527954 0.07780154884701071 -0.018291107793802722 0.05742858202739718 0.9951453724652515
1504645599.0440652 -0.04566707995048424 0.14599059138996756 0.057212631778197486 0.08050153514744457 -0.01296156203327006 0.042785787587904474 0.9957514133201344
1504645599.0759254 -0.03789882607391588 0.07228572350227837 -0.09543228302530689 0.06932380824845916 -0.0018122803946783743 0.026785048407304925 0.9972329148356066
1504645599.1077843 0.04268444779423831 0.01987384220982317 -0.06822531475667197 0.05756646745903024 -0.006094774808953148 0.043131443449517276 0.9973909133986922
1504645599.1396432 0.10033601827278504 -0.07712113567650601 -0.02026645500570739 0.03662442480654684 -0.017750285135413664 0.05201398964998433 0.9978166784364212
1504645599.1715033 0.12036250545806608 -0.141042734919095 -0.10570723509334481 0.02307069821961723 -0.026105253123092087 0.03927816684382523 0.998620791017505
1504645599.2033622 0.1712891525493823 -0.19786605325043108 -0.09121733992692829 0.018015636656335664 -0.037586610220263446 0.038821201261714906 0.9983764810434059
1504645599.2352223 0.05617438534443354 -0.1712921958646794 -0.09795835598292787 0.03362425154093188 -0.01468391439332712 0.056706960431763744 0.9977164492003687
1504645599.2670813 0.02627444545831533 -0.23737684229337233 -0.22041748966079652 0.027772721458188866 -0.016772256419886743 0.05470370284483125 0.9979753865965112
1504645599.2989404 0.015805097931321958 -0.11342966445792928 -0.12919446363339074 0.05258242254928663 -0.02670098904249574 0.05902346182917032 0.9965131092849212
1504645599.3308003 0.011607843369786458 -0.0554998522084934 -0.051082998817299136 0.05207052895679037 -0.022560401193657105 0.04610065105747566 0.9973236276576516
1504645599.3626592 0.08698260482382068 -0.03778882994315429 0.09556616787458122 0.03631060027083761 -0.03447935137106905 0.049222165882664544 0.9975319007544678
1504645599.3945193 0.15471790081772344 -0.034223312572465754 0.14055041495448933 0.02496231938170747 -0.04894225125445978 0.033196018760173855 0.9979376548621187
1504645599.4263783 0.13220376429864586 0.027327195384122555 0.16721993056934678 0.038296840049400996 -0.052183911375921974 0.015852824570727102 0.9977769687604893
1504645599.4582374 0.04794911471437861 0.03863037347495924 0.17656916545537377 0.04356720532335625 -0.03481172620869654 0.027662582592695113 0.9980605311618057
1504645599.4900973 0.06844356023805183 0.09741921401149162 0.12846071674128232 0.05823994152436386 -0.03357037085826303 0.049117338049724464 0.9965282868612343
1504645599.5219562 0.0605821928118128 0.08722145884082176 -0.0457841573782907 0.05774740972183834 -0.018367521939189457 0.05008895216516079 0.996904693378072
1504645599.5538154 9.00133900465021e-05 0.04793097733081255 -0.27348024421678974 0.05763754051539439 0.017317252204138912 0.056776379083780484 0.9965713569421757
1504645599.5856752 -0.04427300732415348 0.12144842657904273 -0.46560918417506747 0.06763410594812186 0.04329906101361617 0.053644656073066316 0.9953256099903889
1504645599.6175344 0.07161312810440232 0.12037444322899694 -0.5805331930903989 0.06027686568407544 0.03061602850883243 0.03547395585862639 0.997081218716605
1504645599.6493933 0.20001565332218266 0.14761477175970017 -0.584091118791061 0.05812442488247698 0.007532102705530108 0.057887374705534164 0.996601159195902
1504645599.6812522 0.19866552876682453 0.12056743692705076 -0.6036573447924533 0.05266303755172073 0.007645493581885096 0.052488157400478797 0.9972026595614444
1504645599.7131124 0.15807373306120165 0.04286032707653247 -0.47306387331608823 0.03644486362403226 0.004125968524930775 0.06050126602841707 0.9974940326177975
1504645599.7449713 0.09062568503985008 0.05770649402146574 -0.22635329296570444 0.04437887821631792 -0.006407887675338487 0.08043110654760904 0.9957511191273292
1504645599.7768314 0.026478362254643225 0.017817334319213937 -0.03918976325185387 0.04339775486185623 -0.014884779694158048 0.07601937573251466 0.9960502661611237
1504645599.8086903 -0.005287712822760468 -0.04984682361318717 0.10902995262209576 0.0409316513064743 -0.011930116729908577 0.053159865302692566 0.997675448709216
1504645599.8405492 0.05652296417771439 -0.021166072636955774 0.13348294450581147 0.03291753089430472 -0.030181889906687482 0.03822639634037389 0.9982706207759054
1504645599.8724093 0.05797090459687975 -0.033688602228743855 0.09395583816484204 0.02001312852624669 -0.027602147657224574 0.0564834578437776 0.9978212340501232
1504645599.9042683 0.06216490244800191 -0.031035831557201656 0.041674217808000104 0.017205004420485663 -0.018727505026480566 0.03792077752816543 0.9989570976823947
1504645599.9361272 0.11483497640798265 0.03756030346768732 0.027427775531203916 0.0356345099554111 -0.022005422856837594 0.03716522050929491 0.9984311140232084
1504645599.9679873 0.14880990041140132 0.0456496139705817 -0.04984903553572704 0.047813866309665616 -0.01983769276691079 0.03595097867964004 0.9980119374367138
1504645599.9998462 0.1293442248722976 0.04239551679716674 -0.17908394531716593 0.05449387050879194 -0.0072635638342561995 0.01501271431860576 0.9983748179547522
1504645600.0317063 0.20353931556097715 -0.078882221895459 -0.19706159402478152 0.034691098372149155 -0.01532752594853804 0.002716272521959111 0.999276846777517
1504645600.0635653 0.2086881593706892 -0.26394699495815654 -0.31145530682124084 -0.00382293243645792 -0.02115720331125789 0.019120930023003274 0.9995859882824928
1504645600.0954254 0.22079206585332153 -0.27758395866383156 -0.39087431865644645 -0.008128559707661048 -0.037250002417095925 0.022669848345194813 0.9990157365192057
1504645600.1272843 0.24615781112867818 -0.1397209153369405 -0.27627754996191073 0.018800563998137856 -0.050763292783044485 0.03947572679393427 0.9977531227178723
1504645600.1591432 0.164438412302958 -0.0724089454243439 -0.18854014656731535 0.027545219268165506 -0.042968050593438584 0.045331014023414516 0.9976673326772193
1504645600.1910033 0.056899886100383955 -0.05783447750653241 -0.06398884856444186 0.028966249154570568 -0.020439108637036574 0.05082472433783468 0.998078176619458
1504645600.2228622 0.038030896178663294 -0.06582223506490945 -0.05197722661044597 0.02402126120932591 -0.011145942521312669 0.0586103189890477 0.9979296455578553
1504645600.2547224 0.00634382710877071 -0.05816445715085595 -0.09390253298704158 0.027508665380014688 0.002649493558531777 0.04185281158407482 0.9987415059340438
1504645600.2865813 -0.008537410219374769 -0.0402746387776819 -0.08582382159965372 0.03311400685942507 0.012899555462144592 0.033372340214143696 0.9988109685657364
1504645600.3184402 0.07969549355992608 0.03954543062928848 0.011739761174370755 0.04805040841776575 -0.0008681571912552139 0.026828148201453936 0.9984841786518491
1504645600.3502994 0.2507737597689849 0.17212709881875454 0.024181847950247668 0.07133589234289472 -0.03491184846692406 0.031082084696257447 0.996356491076964
1504645600.3821592 0.28474489402230796 0.2002784559588485 -0.058053881682302744 0.07424821794342809 -0.0280186933624929 0.020536735987867327 0.9966345355392059
1504645600.4140184 0.40968652771359704 0.16904894705142237 -0.3905246706412484 0.05990117290152121 -0.012251296084723372 0.014131945375076251 0.9980290794106063
1504645600.4458773 0.552887635834474 0.10638084185394513 -0.6774826826290463 0.031319049967952935 -0.01323879191653236 0.030217404743964633 0.9989648442003527
1504645600.4777362 0.551929961957882 0.05599644430132845 -0.8324375818208455 0.013508308996202456 -0.01790642998149277 0.06947004583172267 0.9973318395025397
1504645600.5095963 0.4845135000275971 -0.10084592551944187 -0.949466911201907 0.0019524934987067062 -0.006646453974247744 0.08285869828118095 0.9965372288770018
1504645600.5414553 0.531084703968448 -0.09979883179762293 -1.113250440028284 0.018346560342842645 -0.013881425511587785 0.0561425952110831 0.9981576622720066
1504645600.5733154 0.7575463567301569 -0.02998343724519511 -1.0470950343621717 0.019540843449930862 -0.05450025225292805 0.04831975168104627 0.9971524856004295
1504645600.6051743 0.5971245427847759 0.14854262810438848 -0.7036046916417291 0.01917535768022431 -0.06573348135882075 0.07694255137087457 0.994681486142587
1504645600.6370332 0.382702625809057 0.13417748165909493 -0.571995376428177 0.008185615206037842 -0.029522227143613317 0.0866046141232312 0.9957715976170167
1504645600.6688933 0.22470909278374526 0.1668255577362424 -0.5184072471540702 0.021347370081582964 -0.007621955974250574 0.09729691265014889 0.994997239376309
1504645600.7007523 0.056285223262719015 0.1034779339827312 -0.5994137414684543 0.03332166145773736 0.01943396091687544 0.07174636071310819 0.9966767017268949
1504645600.7326124 -0.015427235452554755 0.08092088127259679 -0.44670332401943275 0.048525627049385886 0.02307982749173625 0.026819156175991378 0.9981950300138863
1504645600.7644713 0.09960747379299359 0.014333461531013569 -0.2867243855540815 0.03946747792202721 -0.007887703113229 0.01944022020972309 0.9990005906726329
1504645600.7963302 0.19547012898266558 -0.013828044534603396 0.030578927982744045 0.032841127568527764 -0.035812514185804854 0.031312506920667886 0.9983278274585269
1504645600.8281903 0.2613609138664599 -0.038160103472996365 -0.12509655528757585 0.03703216670622656 -0.022138198812917006 0.02033347980176223 0.9988618865396323
1504645600.8600492 0.4622729266935112 0.003601106944999036 -0.17183087709890685 0.05527483957380773 -0.04091480993693947 -0.008407359687859406 0.9975971064217223
1504645600.8919094 0.5868860244985329 -0.0042381654632927855 -0.019412661619310382 0.05015511505782703 -0.07235149613796779 -0.0274031903850447 0.9957403228738176
1504645600.9237683 0.837035552930352 -0.07983164977195535 -0.004795221774836768 0.025796734845747776 -0.09313964230703342 -0.014095707949748739 0.9952189942518236
1504645600.9556272 0.8537226159493558 -0.1262948096080156 -0.08646318616005896 0.011763059815271242 -0.08102307022795269 -0.014437319015985937 0.9965382362630393
1504645600.9874873 0.7453511751029018 -0.16586575933718983 -0.1957199193973957 0.005310483799747251 -0.06097104441226043 -0.01684345247021579 0.9979832807286776
1504645601.0193462 0.6218681395899497 -0.12022096833043537 -0.24230695124108154 0.014999403645736377 -0.04584964857232812 -0.003255173518429467 0.9988304317858118
1504645601.0512064 0.3503525327057016 -0.04565050382311323 -0.5211529735649122 0.03639877809298807 -0.001836791336242316 -0.0013225450900450216 0.999334781755048
1504645601.0830653 0.07250878185593583 0.033946145068429384 -0.6205512363319788 0.0590414450356742 0.044022490575091375 -0.015110057860418415 0.9971699023953341
1504645601.1149242 -0.2336532694776979 -0.11887975223118383 -0.4615630785754188 0.038579729936198785 0.08341333552514416 -0.04048947450751709 0.9949444317893964
1504645601.1467834 -0.4074448790197397 -0.2497698755959383 -0.20264182237231868 0.009614155145830696 0.10141635650456848 -0.05769778229507722 0.9931229815951296
1504645601.1786432 -0.46344933306648334 -0.3639806992185738 -0.1900189402479148 -0.008934631157008013 0.10703344023513663 -0.033019294850982726 0.9936668159926966
1504645601.2105024 -0.4408372766843067 -0.4108110113695188 -0.30047769652431194 -0.009101025570761168 0.11757342080759281 -0.0029808718067947577 0.993018014165117
1504645601.2423613 -0.6032559957044109 -0.4104710839724604 -0.5429235853214619 -0.0008778707112741316 0.15935585195643406 0.006796482074582526 0.987197421806633
1504645601.2742214 -0.7452903336323099 -0.5934033117261033 -0.7289871360097464 -0.033726824469234 0.19427320672614506 -0.00749207149869346 0.9803388655583437
1504645601.3060803 -0.8290057051919981 -0.49693740208348464 -0.9258436682569068 -0.018931834919175487 0.2084715740311752 -0.015620788895114323 0.9777203993994661
1504645601.3379393 -0.5549991497941582 -0.26993706809610374 -0.8005564546835227 0.004142457472724695 0.1578019503690839 -0.05264131248102101 0.9860579479554309
1504645601.3697994 -0.281090901387352 -0.013372000696913328 -0.5396983035328348 0.0398060691902443 0.1060600993717769 -0.0704077332833146 0.9910648229408489
1504645601.4016583 0.0554537650003321 0.27359831167384785 -0.38637975502871236 0.09644967601086597 0.029224296879975794 -0.10662603972624049 0.9891785926320729
1504645601.4335184 0.3121857158032272 0.5671145707169926 -0.29674002830055113 0.15150570828357496 -0.02023594542400451 -0.15182348522854658 0.9765173609328952
1504645601.4653773 0.2155073821318885 0.7531815273209482 -0.27451610184829545 0.17470083881546122 -0.018582275105304472 -0.14966410343773423 0.9730030689115344
1504645601.4972363 -0.026041871776738827 0.8640304302748724 -0.31405821524167715 0.18939010174396806 0.013518745678258767 -0.10978990888463902 0.9756509666800923
1504645601.5290964 -0.18787135545797454 0.7456761205349939 -0.29469511838203016 0.16866916303678167 0.036106304088590675 -0.05634847697351596 0.9833981377795561
1504645601.5609553 -0.25315445669586883 0.3858295225349097 -0.4157938633577366 0.11053999821180759 0.033852089303782196 -0.023811556328092755 0.9930095440781707
1504645601.5928154 -0.24266921629611835 0.04320781308695645 -0.6480081612904643 0.062035994124686696 0.013971365355745205 -0.026707639557085234 0.9976186838528772
1504645601.6246743 -0.1402548491798827 -0.14821563363351006 -0.6937548852173505 0.03233833971449142 -0.01724165671900879 -0.0443556744282551 0.9983433934293895
1504645601.6565332 -0.15379852753931378 -0.1653728913551689 -0.9837748109373812 0.03234772215430441 -0.022768038501221517 -0.09976604730403241 0.9942243092479506
1504645601.6883934 -0.23350253400409038 -0.17957696613052934 -0.9901971168605785 0.03087879926532813 -0.012917822027767856 -0.06079614184732925 0.997588822494754
1504645601.7202523 -0.10907515530174335 -0.18154429227306465 -0.7288241720402843 0.02273863354168651 -0.022655231233247294 -0.00011366591385319845 0.9994847082984737
1504645601.7521124 -0.021951761547555494 -0.017333659589255413 -0.46366123890214467 0.04539604101797104 -0.03136695191708557 0.006554286326401359 0.9984549840218524
1504645601.7839713 0.051029971464358094 0.1151964559742205 -0.1653352160214049 0.060329734777361206 -0.031273471111924946 0.02145799905857364 0.9974576920264373
1504645601.8158302 0.21854817043991187 0.18018972867547933 0.05772249375298814 0.05207288794598764 -0.03219483468841995 0.029168868603056165 0.9976978921821814
1504645601.8476903 0.3092272612631248 0.20525386418832434 0.21405492683164498 0.038922418595405864 -0.035219326153344936 0.03064760034258103 0.9981509750479783
1504645601.8795493 0.549141910729552 0.32776437937196656 0.2852325102426463 0.03815214233172812 -0.057357240546723996 0.04495427044072441 0.9966110949420074
1504645601.9114082 0.8245364850530805 0.366016885519241 0.3858599715248726 0.04898649763049642 -0.10320464368799426 0.04739697267447242 0.9923218487730816
1504645601.9432673 0.49115711738193724 0.6140850397360483 0.2879119327774662 0.09259143795714117 -0.0642225734578255 0.07196640307217232 0.9910212528015415
1504645601.9751272 0.18382582682619347 0.5702942262686107 0.0409477398716845 0.09171761175949499 -0.025186537024173977 0.06241247561121345 0.9935080276142433
1504645602.0069864 -0.15701683742496847 0.5032954882785186 -0.22221146625159374 0.09093168547993359 0.03469956979578191 0.07396054057687312 0.9925004820499297
1504645602.0388453 -0.1584937270405896 0.25231061914800584 -0.3274279975376826 0.0686841196145089 0.0403307519234333 0.05539232492619518 0.9952826796952418
1504645602.0707054 -0.029355259564216783 0.10451840764315919 -0.4462880922041792 0.05650150111625085 0.02151915889270268 0.021468330888152757 0.9979396860236784
1504645602.1025643 0.07858822093608465 0.040008637440209806 -0.46787142596496256 0.054631900195900966 0.015018474240262506 -0.007952874552034068 0.9983619347204897
1504645602.1344242 0.13969792189171046 -0.042212924814181374 -0.6766321421289423 0.0527830476157539 0.020309821836637834 -0.006730961523498417 0.9983767601353339
1504645602.1662834 -0.08870654255194005 -0.10487519814784727 -0.6785708079430143 0.04428988005535922 0.05428455217399347 -0.008333441514685572 0.9975079687263014
1504645602.1981423 -0.2283168435454789 -0.1073503051987618 -0.6366450513332913 0.050410944832676066 0.06364990723853604 -0.02194435175460163 0.9964566580517554
1504645602.2300024 -0.1528219616956723 -0.12840031836188462 -0.5633746560979518 0.049827921334283945 0.04249227382000951 -0.01788620178020267 0.9976931736295421
1504645602.2618613 0.0019145165855125822 -0.2135102283293071 -0.4791951770102841 0.035050132945161905 0.0061999659449507435 -0.008912568481447199 0.9993265806161024
1504645602.2937212 0.10551877973697657 -0.21630931812656398 -0.33276756766178844 0.028980119160244483 -0.027670720430071228 -0.0008536464128257894 0.9991965548440109
1504645602.3255804 -0.08279892694992837 -0.22814859962495007 -0.18368715706934927 0.0275380000412116 -0.012883403783518405 0.004029216293930648 0.9995296103051363
1504645602.3574393 -0.031521214175112104 -0.14204313208250233 -0.21025023591029848 0.030303795175279855 -0.017217175487414058 0.029554635987076555 0.9989553405222286
1504645602.3892994 0.12159166003010947 0.0084147754545997 -0.2943715054155291 0.046108301345757094 -0.026180961516576194 0.03808626281459903 0.9978667337805653
1504645602.4211583 0.17377202462912217 0.1649311789458311 -0.40430662693137254 0.05616684713547756 -0.012355156052217306 0.054046407677963565 0.9968809463616469
1504645602.4530182 0.4369334938192512 0.3844272615158253 -0.592653339080232 0.07746558436982078 -0.02520143635784185 0.0581833186783594 0.9949767194619763
1504645602.4848773 0.4304566275947847 0.3989612606701864 -0.3894700499151619 0.08978086512583137 -0.037237442490935226 0.06210433163966645 0.9933256370020769
1504645602.5167363 0.4041260849601593 0.42034453254835286 -0.305788393806569 0.10408414254558454 -0.043633996482677864 0.07226637990469884 0.9909793822057903
1504645602.5485964 0.4119477876867376 0.3192660716747761 -0.3834572588944029 0.08975724325818606 -0.031441281417985883 0.06406661812414875 0.9934035189929721
1504645602.5804553 0.47049789005993914 0.33412480590300203 -0.5565722023581188 0.08285634402433259 -0.03293300138774979 0.05606029082888145 0.9944382773539528
1504645602.6123154 0.47274071562653897 0.36816654024837303 -0.532274269129885 0.0870180056249695 -0.04360106007149874 0.0642680630276326 0.9931749243372844
1504645602.6441743 0.4138991654322448 0.3855189591525588 -0.5656999862254035 0.09515777145943005 -0.03441461769434245 0.05987724986825978 0.9930636170800141
1504645602.6760333 0.44061075158945506 0.45687913362039895 -0.5362315021021073 0.1020526809078155 -0.03715956004823475 0.046503716073837964 0.9929963855965807
1504645602.7078924 0.35642255159911224 0.5195061516043598 -0.5929087983493009 0.10540968904288861 -0.012447276365496434 0.024283755071931524 0.9940544059590344
1504645602.7397513 0.32042091677271184 0.712008116791974 -0.5734222196014415 0.13985796188499572 0.0031012382961679076 -0.001776959487034631 0.9901651252358805
1504645602.7716112 0.16231261251698048 0.6840087497146835 -0.9780880601918768 0.12325410693056882 0.04291885385080833 -0.0012117855304898855 0.9914458778393852
1504645602.8034704 0.2059732593491812 0.5297039424390766 -0.9730147622461826 0.10830384242110934 0.04610801194481162 -0.02193671384608162 0.9928056756168127
1504645602.8353302 0.1747214844790323 0.39516380264935275 -0.9002034914467311 0.09554186348770935 0.04556073229390517 -0.055549881347948395 0.9928293824602332
1504645602.8671894 0.2988126548228958 0.28995272786958715 -0.806523684577748 0.07699775969274526 0.012447491747482942 -0.06298400884735834 0.9949620191650586
1504645602.8990483 0.3562845509489004 0.2336694722862024 -0.7415315470281133 0.07062432129800843 -0.0046738076787931 -0.06623046992979706 0.9952908547835932
1504645602.9309082 0.38904772956798445 0.2379274534505007 -0.7138448634798996 0.07419888077869483 -0.02543922366898195 -0.052721613489296625 0.9955238839231301
1504645602.9627674 0.559146200174748 0.17800696476502748 -0.6689221816765459 0.0708755267117521 -0.06486222589860541 -0.0566788808418037 0.9937590532072302
1504645602.9946263 0.5152869623369565 0.21168216223686312 -0.4833336809309667 0.08766087925301318 -0.07168261047713165 -0.03670521361167276 0.9928896720670901
1504645603.0264864 0.4990485426425209 0.25267287546666395 -0.49659926182857694 0.09277071913000404 -0.05888025899497147 0.006998190073083327 0.9939203862022793
1504645603.0583453 0.33886489246307644 0.10893522932677004 -0.4828614367525984 0.0665370647202035 -0.03580690498092273 0.019799621890826666 0.9969446622290963
1504645603.0902052 0.2638145213647744 0.0023560582960435172 -0.5069996746852221 0.05584766258190332 -0.016147368983251146 0.0002174627704371158 0.998308696630957
1504645603.1220644 0.16273253978747249 -0.286647116359709 -0.680224654487278 0.005777024797978603 0.009093817090351803 -0.029681025789180016 0.9995013582698689
1504645603.1539242 0.10154427095589084 -0.7972998519660661 -0.8664084437940996 -0.07998562183960645 0.02460624288673798 -0.04022420784841416 0.9956800923052032
1504645603.1857834 -0.006275935860503159 -1.1555025019245218 -1.0359628662771865 -0.14935604707248534 0.049237855650275844 -0.01855653333706721 0.9873824283651976
1504645603.2176423 -0.16371609680597923 -1.236847650159992 -0.9323631860405881 -0.19441883833523563 0.08446740737652118 0.04792696089760829 0.9760991644349386
1504645603.2495024 -0.21056346725351846 -1.4025805975316132 -0.7971978065082502 -0.2587523029962333 0.10400220588674249 0.07150904403899408 0.9576623849172872
1504645603.2813613 -0.11090480709680399 -1.4071901647846705 -0.7936351440075552 -0.2657632291789686 0.07955392126925864 0.08137053372689299 0.957298237681472
1504645603.3132212 0.038208346552578945 -1.3361401205835746 -0.6942993191929887 -0.26587986441435535 0.05960314974953826 0.09344116534542088 0.9576137587032821
1504645603.3450804 0.32042272445319386 -1.3803198395220426 -0.721851163352773 -0.2693764460229018 0.030787512101241494 0.09703388332044117 0.9576392248203085
1504645603.3769393 0.5629412973372775 -1.2776441416586015 -0.8515378271939327 -0.22634161154353383 -0.018082754581922933 0.08822052394641011 0.9698760890058208
1504645603.4087994 0.7019772032207952 -1.2762623110103248 -0.8509425138395852 -0.19987519666521136 -0.05805734430528202 0.05292637798874546 0.9766668055397671
1504645603.4406583 1.0361087951949246 -1.2874651437400275 -1.0114393543026237 -0.13915493981151542 -0.12068927668081941 -0.007675043185190678 0.9828586342564324
1504645603.4725173 0.912762229244221 -0.9186112925081346 -0.8354698111485839 -0.07122227163454518 -0.1490606847771143 -0.053029417573764566 0.9848330727330292
1504645603.5043764 0.9240527344710885 -0.3825742020560103 -0.4979926117296638 0.0056608199997475964 -0.18552106014716233 -0.05317541539500824 0.9811841145046997
1504645603.5362363 0.8024515198099902 -0.087832759850961 -0.4047639633719012 0.03223845687752648 -0.1835649786393451 -0.035385720594245294 0.9818413473129549
1504645603.5680952 0.4728969507468532 0.1680302104367581 -0.4772678495973544 0.05798558928513241 -0.13165012309067903 0.002838020108402237 0.9895947969584972
1504645603.5999544 0.2459876660732014 0.33593129742281397 -0.45627694419316833 0.07095229336650599 -0.08368940615583453 0.06907530902000715 0.9915596084185295
1504645603.6318142 0.12446651954840313 0.6605134050432346 -0.527994225446692 0.12558793689301553 -0.04592314024957417 0.12093171718483532 0.9836128583316206
1504645603.6636734 0.0034217329136568796 0.7470430430706567 -0.6683656682663475 0.1288252682124667 -0.010149579203043756 0.17352278680644215 0.9763149485544679
1504645603.6955333 0.023744845027101384 0.5011999246007407 -0.3819521952138764 0.10307196757050403 0.01687956435586261 0.1912441194970215 0.9759697416242525
1504645603.7273922 0.13363418988506578 0.1866267927075013 -0.35746643177135407 0.058480369310063514 0.0160580637120551 0.1640229568851796 0.9845906025398682
1504645603.7592514 0.14108803127140773 -0.03562896100583533 -0.32879298012059677 0.03466338345198911 0.01423669745007817 0.11309473001761516 0.9928773077956904
1504645603.7911112 0.25858180952978066 -0.06522213916692474 -0.3313616323279793 0.03550789970712733 -0.011720917959360335 0.09942519378993249 0.9943422147230866
1504645603.8229704 0.19352691206388487 0.052855261597492105 -0.3533294625910969 0.05447294233918493 -0.0013383559385217105 0.09605038927364402 0.9938839117707233
1504645603.8548293 0.06846914227190988 0.13338576060401128 -0.4951958829753255 0.0657044689795022 0.016915085576668615 0.08357116441611213 0.9941894503132643
1504645603.8866892 0.23271698386638848 0.23997998796575587 -0.3930478563139412 0.09437245528337952 -0.035988168300458125 0.061491938780385884 0.9929841050546548
1504645603.9185483 0.1906661305335162 0.24161936456204786 -0.3889593303271438 0.10029343650557136 -0.03762109814050081 0.060188600667750655 0.9924228997349184
1504645603.9504082 0.17898284953870672 0.2923240700892568 -0.31030428998025517 0.101722535584539 -0.05116751358528935 0.0729553436429194 0.9908137711707963
