#timestamp tx ty tz qx qy qz  qw
2298849 0.0 0.0 0.0 0.0 0.0 0.0 1.0
2348824 0.0 0.0 0.0 0.0 0.0 0.0 1.0
2398799 0.0 0.0 0.0 0.0 0.0 0.0 1.0
2448774 -0.08211136835459928 0.030081809896246932 0.014670922627525484 0.00787404690345781 -0.005841123336150528 -0.013050080891688446 0.9998667791522301
2498749 0.0031525114864488254 0.002340256839217565 -0.0004231622255894377 0.0020064101627993215 -0.0012628247221990877 0.00015436255310090133 0.9999971778781087
2548724 -0.003268580044628261 -0.006914230553045449 -0.001135455288256013 -0.0007919821418724311 0.0005317999005806774 0.0009352335152641397 0.9999991076453142
2598699 -0.09371583048031357 0.021928524670899497 0.01381407583394635 0.005117031549465054 -0.003007134604247867 -0.011622373524684641 0.999914843155779
2648674 -0.09603432927052685 0.026695336889646527 0.01455278273348127 0.005497058285385893 -0.0023533837387318154 -0.013007647038139333 0.9998975172755039
2698649 0.0031410373090174437 -0.0012910943362341046 -0.005607905531302885 -0.0015085796411410705 -0.0026033970749084275 -0.0006814214089080673 0.9999952410766765
2748624 -0.03532124608544598 0.017041007225980155 -0.0029909762196741185 0.002735630132362241 0.006682497934567198 0.003154718559978658 0.999968953668033
2798599 -0.15721791018396705 0.03694054890907384 0.004095156447506203 0.00328849585831997 0.018782918879140947 0.006858291780448802 0.9997946547102677
2848573 -0.16313446398443507 0.035721597712446526 0.0058083772919856344 0.00220977169921442 0.02257144564367748 0.006625046925930643 0.9997208387864189
2898549 -0.038743488462318676 0.022348108198699975 -0.007073301889370232 0.003144577082771126 0.008674114002659125 0.0013192959077349075 0.9999565644764512
2948524 -0.036443781805780805 0.025010551454950153 -0.007194101175743289 0.004509318209397187 0.006165564004260477 0.0004238425939444452 0.9999707356854256
2998499 -0.15546192366484013 0.03385040514840823 0.00385128741404841 0.003678775224390377 0.017107910288718463 0.005432578754718062 0.9998321224618038
3048474 -0.16098584233166705 0.031165746987875956 0.004004198507310881 0.0028904871731485976 0.01967351722233711 0.006136640539033735 0.9997834462756918
3098449 -0.0372589419170874 0.017844624073089826 -0.009361315642086978 0.003107010259594587 0.006311648473016535 0.0010624367754888074 0.9999746900841531
3148423 -0.03837629008146654 0.01902274687366212 -0.009289063597279297 0.0040309098341523 0.004984793884447423 0.0010233020667982165 0.9999789280023448
3198399 -0.15635052015151651 0.02305106474036938 0.0020622263016668355 0.0018576227288502633 0.016984802173669565 0.006056003342528038 0.9998356817779779
3248374 -0.15025802622256154 0.04055545203065768 0.0014110830511704115 0.006002977398244613 0.024276848999689692 0.011454659250526866 0.9996216232387417
3298349 -0.20432112793473112 0.039027107220919365 0.019799907391090884 0.005797951520182398 0.0281913161767213 0.00760851043207537 0.9995567737849606
3348324 -0.13065034100915415 0.036567487248179896 0.022883608001182106 0.0057722974056504525 0.02490771210054898 0.005375477907357566 0.9996586370846022
3398299 -0.20183398641709505 0.0338362805990075 0.021234677574840717 0.00453998087882937 0.028501403793190886 0.006659463622099124 0.9995612588029327
3448274 -0.14929155608030129 0.03918266691731826 0.00867103316765319 0.006409601307338073 0.026283964336535705 0.010046571543038563 0.9995834815712329
3498249 -0.2054049468730992 0.03574581905550039 0.020683835124806454 0.005153192432473472 0.0288012485630222 0.008091778310924851 0.999539121701963
3548224 -0.14450385796748869 0.041481453003402086 0.015307444449419423 0.005675612737179207 0.026235830919617464 0.009472577487835364 0.9995947873372247
3598199 -0.20530819983411475 0.03941029811525927 0.022309397899064665 0.004834935068507457 0.02940518908688707 0.009150526230102853 0.9995139949632321
3648174 -0.14841049899710965 0.04577601542078997 0.008975013138299407 0.005420483098313247 0.028365999025647036 0.011210855793912716 0.9995200374052668
3698149 -0.20357879860836808 0.044608103811645455 0.021095435770870325 0.005261066810733474 0.02939101399617423 0.011337360349635383 0.9994898467381208
3748124 -0.1537197907297194 0.04814775030050262 0.016019104392324648 0.006516549672814335 0.030369554128982786 0.012094452783279879 0.9994443200970434
3798099 -0.20449161420722198 0.04058815381950923 0.02495284206760254 0.004837144761435539 0.029174205289846728 0.009797665630947517 0.9995146189648488
3848074 -0.14560267536097923 0.04608343820787568 0.00788524929505961 0.005506643657208387 0.02680261490754521 0.010097023123110603 0.9995745829270579
3898049 -0.20491679302926977 0.0451627474301001 0.02293091545802844 0.005238312562593618 0.028633728437278322 0.009052705196408085 0.9995352511071852
3948024 -0.14828289705361677 0.049076001161954604 0.010327304770831965 0.005243473977030824 0.02739167220094088 0.011123078125190106 0.9995491380656127
3997999 -0.2040081574971787 0.04843957284065416 0.02256976222398005 0.004696616326550122 0.02924422318786831 0.009716093431216995 0.9995140392879208
4047974 -0.1467122225335044 0.051737121787734236 0.00936150291737042 0.005316428947678791 0.02799038684301845 0.012559976323868818 0.9995151428679638
4097949 -0.203228862836437 0.04668145154449705 0.02183996342945727 0.004419097043483388 0.0292079622270631 0.010751927750065848 0.999505759149751
4147924 -0.14857474328105627 0.04972992749053861 0.011205108899858996 0.004436308423074716 0.028472968610085036 0.0121977801291359 0.9995102917859454
4197899 -0.20576996367306705 0.04813921118641776 0.023663886046167874 0.004345776999233677 0.030151315741128084 0.010037087450048998 0.9994855022744811
4247874 -0.14953351077687754 0.04762808128323104 0.009423972055547422 0.00455015219752297 0.029148012489303838 0.01171716262727553 0.999496071819629
4297849 -0.20556938192618143 0.04463449272065243 0.022581789849159407 0.0039412182055390006 0.03030696813688516 0.010174133972991503 0.999481086103837
4347823 -0.14564447613278972 0.04588278380499306 0.008980394592767163 0.0043573710043835895 0.028160516365634533 0.011681829040600007 0.9995256542511639
4397799 -0.20461242477608424 0.04167671545965514 0.02212986390192466 0.0034588779172322237 0.02963441071787567 0.011088991749085625 0.9994933076949273
4447774 -0.14988140409376102 0.0465746518690994 0.011511377578104004 0.004788450909928858 0.028147062756226977 0.012465626332935109 0.9995145930681592
4497749 -0.20255893916924395 0.04392105702770826 0.022776782920666847 0.004599582606864533 0.02863282256100654 0.011461251906274422 0.9995137042666167
4547724 -0.15254741031219435 0.045950744832113116 0.014435249831207786 0.005148502410145141 0.029895403375232027 0.012506158796732381 0.9994615319121171
4597699 -0.20462420707442894 0.04209171804060956 0.022588334530489848 0.004526781196723995 0.029152755634139355 0.011911553846805726 0.9994937418392813
4647674 -0.15133165367686022 0.04345434832769412 0.012775044787356717 0.005254788741675735 0.02835711251404467 0.012898530454110565 0.9995008200483232
4697649 -0.20391807148788596 0.039327357743775194 0.02198546164403458 0.004553943993695488 0.028880678218943644 0.010661666795786834 0.9995156311338266
4747624 -0.1496938705058276 0.04039368745711896 0.014820532320073201 0.004892118929898155 0.028246110792014865 0.011946510144515317 0.9995176363090688
4797599 -0.20374780252029054 0.03702647347709751 0.02200777089128133 0.00410119678785749 0.02933810449641677 0.009971090416512307 0.9995113972163451
4847574 -0.14897460781256774 0.041356887061594225 0.012225584265374685 0.005068554529390429 0.028225144841270887 0.011728459412059161 0.9995199318640381
4897549 -0.20779758703765433 0.04069916152667065 0.023137423309924833 0.004749342442644905 0.029984939258608984 0.011113413262610932 0.9994772829883002
4947524 -0.15125087125413295 0.04337313607553887 0.014563821912577293 0.004260765593281109 0.02849550458631875 0.012333255832027238 0.9995087507848603
4997499 -0.20998354550398832 0.04273655582311623 0.024414541494184636 0.00400331338608032 0.030946483502947274 0.011788949217333474 0.9994434998123134
5047473 -0.1786356976273158 0.04545886141338156 0.01953320499291683 0.003422331893639745 0.029993127757426633 0.0136944160473354 0.9994504304370772
5097448 -0.2356331991382773 0.04350434566198434 0.019157424765282968 0.003976380654498501 0.033803133860013976 0.01688891350810497 0.9992778898477881
5147424 -0.18342431959071284 0.044695403871641816 0.015416696906553637 0.0034096029568664284 0.029956058424791824 0.015158086372481415 0.9994304586057258
5197399 -0.23040206832218313 0.04304644787921711 0.018876887971539705 0.0037677394501576113 0.032947875558451425 0.015452448967554006 0.9993305076182383
5247374 -0.1811718267667963 0.043280944449437635 0.015579965795296634 0.0037872259370955743 0.029086710074243155 0.014521798443531434 0.9994642252660791
5297349 -0.23287540611164032 0.04188296244226033 0.01940880324556253 0.004180604005927649 0.03348133300577331 0.015575088193049917 0.999309231178258
5347324 -0.18180923387981432 0.04434647968153075 0.017390788564997785 0.004165970416946459 0.029323562788905706 0.014884672342496859 0.9994504589448677
5397299 -0.23159036043546066 0.04408747863742433 0.02130778368769965 0.004075602673335168 0.0328636918124056 0.017586248075659807 0.9992967983046527
5447274 -0.1826486477497734 0.0462053712222043 0.017970595346096716 0.0028442180248781134 0.028659553614456913 0.02067029986308041 0.9993714420144381
5497249 -0.23695007968625878 0.04494515955326689 0.022450401907701818 0.0021932711614805313 0.033784680192295954 0.025337687524904062 0.9991054931971932
5547224 -0.18330197468927062 0.04818054643769 0.02058888766255994 0.0005335535025916515 0.030788162060894794 0.024514469231789862 0.999225122380265
5597199 -0.23201121198587774 0.0463189108654986 0.027463929142028373 0.0004642500152246422 0.03559161211052134 0.02765831768376048 0.9989835029079318
5647174 -0.17634520916787608 0.047685521431483746 0.029054662968955404 -0.00040902981707629984 0.0332509900174596 0.026571102012409465 0.9990936797394495
5697149 -0.23105990152956368 0.04907673874828265 0.035538747339631624 0.0005018298243103923 0.04168820741132799 0.028065603758534695 0.9987362832176102
5747124 -0.17217626598110178 0.049739251551752066 0.03756063302727911 0.0013540058216598811 0.03973318883922612 0.026738031619295187 0.9988515996072825
5797099 -0.2103748057497181 0.0348126784856531 0.03778147101411107 -0.0027834901247361645 0.041898114720692964 0.02896918574729491 0.9986979455484606
5847074 -0.1606255824818841 0.03703584426381581 0.040373031596564996 0.0003401134933356518 0.042340122831733364 0.02817722585086186 0.998705783634377
5897049 -0.20708892116094604 0.02137282290296272 0.04010442345555763 -0.002111957109593713 0.04622400786370854 0.029874358556045717 0.9984820496308624
5947024 -0.16013512793476864 0.02680818111043223 0.04304985111845249 0.004969610119295052 0.04835028555065865 0.028472744538780022 0.9984121672339843
5996999 -0.2117416869051386 0.006232831290614865 0.04222305058397816 0.0019097005630305686 0.05381287186029841 0.029484946763796125 0.9981138040224886
6046974 -0.15546732468745902 0.02291156683625087 0.032515013678487074 0.01626570843056381 0.05047460150202729 0.031433892383538276 0.9980980171015688
6096949 -0.20534252544694012 0.020550008286647114 0.04665863190560046 0.02019302533339928 0.05117699386316866 0.03305192494697481 0.9979382382113202
6146924 -0.158657154893818 0.03011144328450611 0.04540747394918192 0.03053627200568625 0.051194928935072125 0.032563210794346535 0.9976904593340014
6196899 -0.21023227827817093 0.013134745935320042 0.05357275577729032 0.027208601116243347 0.05163838545621008 0.0330438866067938 0.9977480998381758
6246874 -0.1531181761323507 0.014034582432016482 0.04534922075364392 0.03456164834069337 0.04701916056725832 0.032167015008670974 0.9977775173599356
6296849 -0.20090853547557866 -0.013489189734260337 0.05578964506603255 0.0257867606390659 0.0449095455007414 0.033510563843531814 0.9980957959081629
6346824 -0.13190003984037016 -0.02464151045698154 0.05469594718031234 0.02572454160356716 0.02979429859982358 0.03560714385204243 0.9985903459562039
6396799 -0.17863112706127693 -0.03896564905414731 0.07032890493361232 0.021923434804296125 0.021892598264738473 0.0328978444467535 0.9989783826381619
6446774 -0.12896921692888835 -0.030885964964030874 0.08335834128176893 0.028651879237636006 0.010389536601429349 0.02809038618742863 0.9991406595415886
6496749 -0.2083630595632661 -0.023174764854276785 0.09342814397756863 0.031137790651976135 0.018780882454759836 0.027945828918854925 0.9989478200054156
6546724 -0.15805257364813508 -0.008691558573138103 0.09440629040224864 0.036028060324188996 0.007841910564321663 0.030613095922370423 0.9988510007333553
6596699 -0.22051403767559222 -0.0014592702011575983 0.10195610235845667 0.036804032829992825 0.009920848434546676 0.03144766786806696 0.998778295779122
6646674 -0.1737989193419905 0.0048861476460487704 0.10209869735615347 0.03519825406935422 0.00537714091350572 0.029478817467790918 0.9989310129267017
6696649 -0.23423016643346772 0.014496704054219012 0.10912293258256202 0.035269708268948784 0.010330009073223359 0.030653155682137036 0.9988542048957381
6746624 -0.18817800527897308 0.009460193137992613 0.12157004564847121 0.03137422235881664 0.00501853255706638 0.036152332026475865 0.9988410691353258
6796599 -0.26094100123714353 0.021925463329819008 0.11109416603021834 0.0314092427441114 0.010748862107588205 0.030157207731939376 0.9989937258338745
6846574 -0.22357711345982978 0.02975981405106463 0.07602450549407282 0.02957301544621291 0.005390866218845418 0.024009279623277237 0.9992596908766008
6896549 -0.27590393130391955 0.037707568884642 0.0728277365130653 0.02793835670408634 0.004518695467160241 0.02384823385449985 0.9993149110055206
6946524 -0.21915650769610928 0.03865179656452824 0.03257277238459412 0.027308129038893344 -0.004219119378044418 0.020799546128067403 0.9994017430447754
6996499 -0.2804511386013566 0.04532898120591056 0.06052174237680129 0.023535273168117366 -0.005411270289243801 0.023085017531990798 0.9994417897187942
7046474 -0.23341085245788218 0.051271803464758105 0.05668686498787425 0.01905769512942329 -0.010392860914634362 0.026612734534161256 0.9994101035405721
7096449 -0.2899148264073672 0.0496646489362272 0.04960546175865811 0.012477833657246867 -0.007496420867157677 0.03168260228640392 0.9993919751797922
7146424 -0.2418387061265719 0.05704722177659717 0.038988797731991154 0.007821233548973105 -0.010560983180764096 0.02935621925936424 0.9994826193240302
7196399 -0.30447868076271806 0.05234576714166071 0.03890520650686439 -0.000997957657711572 -0.002332921054532707 0.03210663872556144 0.9994812280926606
7246374 -0.2513869037586184 0.05582092922005126 0.03369489141050892 -0.007951944587166656 -0.0033536237752610915 0.03336964125605319 0.9994058168868636
7296349 -0.29659823188077833 0.06234711226265351 0.031868626538536254 -0.010353238350045296 -0.0010768695418740988 0.038628367233869976 0.9991994295697443
7346324 -0.2299259027104482 0.07317588625524475 0.035446262085707544 -0.010444075035789943 -0.0038227606833435637 0.037635308474038676 0.999229648956369
7396299 -0.2640877962810846 0.06523929301194965 0.036899647417863585 -0.014897906445363457 -0.00020436987111536117 0.04294110218803747 0.9989665021207557
7446274 -0.19285143598176147 0.07920708950297574 0.040960069323457984 -0.015458459096277076 0.001977118508857164 0.0367146992123988 0.9992042623540563
7496249 -0.23980398090350366 0.0652439460398217 0.049152245339676194 -0.023829498468171516 0.019139807341691944 0.030128464006960374 0.9990786247509551
7546224 -0.16656079063638615 0.06999029792117262 0.04499599274244697 -0.023610664720434427 0.025111083272123528 0.02613284093519186 0.9990640843474534
7596199 -0.2162386763850323 0.05312251183585417 0.05056476690767152 -0.033014860671874494 0.04217182264818797 0.03392817446638741 0.9979881939816347
7646174 -0.11956446780867629 0.07298635255274291 0.03665226161906484 -0.027315046515702452 0.03860814667936314 0.03364172481296812 0.9983143460831555
7696149 -0.13511325443755673 0.06758524868008997 0.03930185278310492 -0.031590463448552326 0.0429478641552154 0.03953482766105386 0.9977948291033691
7746124 -0.01234965029252288 0.07789925651768477 0.03491467251898983 -0.0276859867760163 0.03101367361267003 0.03851445369098353 0.9983928460491743
7796099 -0.04133429193849896 0.04423133721661469 0.028744991102617364 -0.03890729046370026 0.03938213352467308 0.04379889219331358 0.9975053520410085
7846074 0.04761723287160086 0.04697301150778213 0.026145785557171793 -0.033933844414062504 0.03636702507605406 0.04815737260626431 0.9976005218292848
7896049 0.05753513910219389 0.027724876992738033 0.04355528781086536 -0.032964223792114423 0.025418227781107083 0.04552433207190975 0.9980955910310684
7946024 0.132971452310013 0.02671705477942754 0.06558513650403691 -0.025039930474700118 0.018882270529769492 0.04834941814138667 0.9983380166591134
7995999 0.0968869437171195 -0.002236473918643661 0.06446049255488036 -0.02466489621077768 0.024144751823519602 0.04823737158844661 0.9982393650004644
8045974 0.17318421733222522 0.0010086060684332083 0.06445437849896556 -0.013968965265235783 0.019473468118162893 0.0496418821655551 0.998479511849858
8095949 0.11976943625059813 -0.013398330762193563 0.07062469411576137 -0.008626256724839194 0.02950823208295446 0.04899620018122676 0.998325710528411
8145924 0.18240312263785047 -0.010981757861080316 0.06383890310330768 0.0002776066096434401 0.028470567226181378 0.052448737481282065 0.9982176514533337
8195899 0.14101800751792243 -0.03126744257313079 0.07032755259462871 0.0002499629859884693 0.02856171469596327 0.052788215960401175 0.9981971599978884
8245874 0.2095168330138418 -0.03651579461699289 0.06757584572151121 0.005373338462525489 0.024345815030846332 0.05439295152472129 0.9982083025845259
8295849 0.1632745900246346 -0.05166155966201608 0.07137894740622008 0.006531108387326635 0.02585781987981227 0.051996763935847276 0.9982910669311311
8345824 0.25192876534141867 -0.06706400822595006 0.07163746446423287 0.009529807189003597 0.011859452950437801 0.05502845701437047 0.9983688722457618
8395799 0.20483331865796184 -0.08675147413114566 0.08407173780868804 0.01055046004496362 0.008461218887002782 0.055554195463328085 0.9983640753423614
8445774 0.2371781516986963 -0.10774901478130454 0.07224002348175125 0.012552847201645973 0.008808904632342898 0.05700325414652016 0.9982562087174904
8495749 0.16463941397481044 -0.12709441902370758 0.07293360046508557 0.012162299495198398 0.01356331864385093 0.05187967622969007 0.9984871626879621
8545724 0.21545909217686976 -0.13945204911073347 0.05922939242438342 0.012967730181221401 0.004273046751426551 0.052762725448490234 0.9985137324286805
8595699 0.1390155806456749 -0.1425034696869181 0.06153743316967955 0.014601166032683488 0.004730717369453769 0.04824567422385256 0.9987175682756073
8645674 0.15691370083772851 -0.1398632299029634 0.056684836595772614 0.0166039882425557 0.0021914729409544483 0.05118281266319346 0.9985488594498892
8695649 0.12233247642846969 -0.09834483099326202 0.06261369927148518 0.031076511065577368 -0.012768161017557195 0.05093334853157074 0.99813677345922
8745624 0.14972386571919788 -0.07535303096627648 0.060557784363760955 0.03315996158079188 -0.01679892155907648 0.054224228109221034 0.9978366330559184
8795599 0.08270647324898073 -0.0698792531795889 0.05794279314799444 0.03098584589864242 -0.015801359258232225 0.050220055964852024 0.9981323260862885
8845574 0.09918591309650956 -0.04369182467996673 0.056842793861050026 0.033121626344979456 -0.01482096831166707 0.0526152031450927 0.9979553783434251
8895549 0.03203824302045322 -0.03498483324725233 0.05458321705136325 0.030458778328777043 -0.01270016675015559 0.04944421938473543 0.9982315551797944
8945524 0.060936327571365655 -0.007941934342338414 0.05422713349980535 0.03306607476107582 -0.013451781384284166 0.05028342830961037 0.9980968195094685
8995499 0.002188895578659762 0.004519748069275246 0.06050742383971848 0.031581508261762856 -0.011002622536516779 0.04628973171545311 0.9983680740943905
9045474 0.03450033745768157 0.029228254201272633 0.06144451702163354 0.032768257726052595 -0.01180722037894272 0.04577346341410216 0.9983444400003437
9095449 -0.03013228439644511 0.041692355395087505 0.06864338197024482 0.029070199398691512 -0.0060148461029907885 0.046095611863503055 0.9984958385993438
9145424 0.013723193570942075 0.06621058467915839 0.07148971922931498 0.02784440027733217 -0.010907432338410834 0.047535340240847525 0.9984218090171937
9195399 -0.05651124915229113 0.06687107233771053 0.082656913623969 0.017889680152872095 -0.0032568505431083404 0.04906938623625699 0.9986298351255909
9245374 -0.022531201707259987 0.06839247910101322 0.0913604594155364 0.00826855671755425 -0.003275057128595858 0.046447896005704724 0.9988811230207808
9295349 -0.07108218075207742 0.06049390714800141 0.1044506601473159 -0.0028418541040242905 -0.003992208211412285 0.04599355885475355 0.9989297165880704
9345324 -0.020863893017930624 0.05772560292063746 0.10481184418422607 -0.014608062275828882 -0.010754310606437329 0.03999253638850296 0.9990353078611086
9395299 -0.0775704989608314 0.056842277699824605 0.09941771326535485 -0.025259384344946893 -0.005872188859571658 0.037746866802697135 0.9989507770391347
9445274 -0.024795312758721707 0.06750336289684741 0.10255330946338255 -0.029294826250343253 -0.009230609434820316 0.035703850438958885 0.998890306324101
9495249 -0.06983076897811752 0.0863111397209686 0.1054024503885784 -0.028267096931583448 -0.0071960462123087645 0.03946149294954533 0.9987952636672662
9545224 -0.02463067753924644 0.09016140937732829 0.08868841859112268 -0.037436867252277996 -0.005965662473515588 0.0323856911141693 0.9987562559767248
9595199 -0.07522694373028917 0.07905545389834738 0.07967197678219543 -0.04844261542695967 0.0002551084172022591 0.03528806855973851 0.9982023843628177
9645174 -0.00693161685832776 0.08838918828121407 0.06109483765092257 -0.052878088747168275 -0.0040758478524614795 0.03685399324754582 0.9979123600679771
9695149 -0.04399384960539677 0.0771079290872142 0.04432190307832678 -0.06041978462460798 0.0018020802260393961 0.03955054843111063 0.9973875657193512
9745124 0.02898135340455188 0.09397253409082555 0.039985693855316334 -0.05927997276777204 -0.0026271279267657565 0.0408721560422244 0.9974008471462056
9795099 -0.012183369437011865 0.08264121415753382 0.04471504745725617 -0.06386420155701011 0.004994123599535408 0.04306299810387441 0.9970165498542458
9845074 0.06701065272106546 0.09782042765957363 0.04695195595106707 -0.06272327428916105 0.0012784497717001607 0.04487452749956286 0.9970207787254581
9895049 0.033308112161230696 0.08571052825705137 0.04141856274344267 -0.06592683384531427 0.011114100827981852 0.046266297715935996 0.9966892991487257
9945024 0.11203198348848958 0.09522461176410554 0.022025689034484652 -0.06484078726799228 0.009919037654690734 0.046016824581359285 0.9967846993478182
9994999 0.09138716363486274 0.08136664769253055 0.030275776578822876 -0.06660723826113199 0.015029701268477998 0.04759237859238579 0.9965302551307332
10044974 0.16828137160331122 0.09186857525787363 0.021723009096204518 -0.06384093421445823 0.01590993829192631 0.04528903571727034 0.9968049519469555
10094949 0.1347377047907743 0.060059762723188075 0.0198068224672324 -0.06915337166653525 0.02595241791753599 0.04392789811148129 0.9963004682117191
10144924 0.20412182823196837 0.07116703859471478 -0.01038626076212687 -0.06093730881926464 0.027699157189245427 0.04195369947823738 0.9968747605316131
10194899 0.15259160910320949 0.05496046331735862 -0.025441155063952527 -0.05682446192270373 0.03922051902232467 0.04531846731042033 0.9965836482380438
10244874 0.22922323860250818 0.05857015227783657 -0.048430730524213234 -0.050529225810999605 0.03512233776988712 0.04740946381764057 0.9969782151426594
10294849 0.2644457374034454 0.050894127021046336 0.006500300992558257 -0.04121148426101382 0.012905001948342737 0.04426707093879884 0.9980859186063176
10344824 0.33439409877916165 0.05957278242042157 0.0364191303417729 -0.03254329900944181 0.0038433591338979 0.043137104263224736 0.998531598155979
10394799 0.3104454579455906 0.047658314317846284 -0.011656411062464192 -0.030920656675925848 0.011501221836108855 0.04947986163281908 0.9982301228573516
10444774 0.3673695485450018 0.05848701868395663 0.00087093655751329 -0.026189745274360594 0.011727147234360254 0.055513906439191164 0.9980454786491788
10494749 0.3224463787478154 0.046009213929451766 0.015539788098034114 -0.022754649306073658 0.01610039409302662 0.055463464207414555 0.9980715442207134
10544724 0.3735068125568275 0.04874233439944289 0.028087805326722254 -0.01556958756011022 0.014297116717177727 0.050377576830761155 0.9985065248406964
10594699 0.32690455017829895 0.04999490795374255 0.03805219276241476 -0.008631828714274677 0.017024618794583182 0.05509718963916059 0.9982985292896173
10644674 0.3874141136832997 0.05828709557696636 0.04168402299175933 0.001307096596086826 0.010296828291936882 0.054169696152827615 0.9984777968709796
10694649 0.3435332520237072 0.049988067267339585 0.03745487905514464 0.004158900068239687 0.010747093179635878 0.06149690280468145 0.9980407479075402
10744624 0.3870176503491476 0.05495113861093224 0.032148382077038254 0.013771897273463115 0.007438964051413949 0.06236465038631176 0.9979306824832695
10794599 0.33354253813645984 0.03661802557694161 0.03805131467852911 0.01258092715346517 0.009019455532810618 0.06456072432945369 0.9977937074204803
10844574 0.368273596174173 0.05257277299489011 0.04052507684770041 0.022624025781861245 0.007073088810236414 0.06017731260376887 0.9979062159942148
10894549 0.3069807024639946 0.035739032494612806 0.043953174926428105 0.016970852437735252 0.011333184077557507 0.06103020280102974 0.9979272836495985
10944524 0.34766413975030386 0.05329485421007876 0.0386380129289829 0.022069525261833662 0.007187807930949979 0.056344297582622514 0.9981415689178493
10994499 0.2854361884097986 0.04648702781782208 0.04193463202360224 0.0156325266839863 0.010892138456768207 0.057666444030799194 0.9981540796200534
11044474 0.33152449175677495 0.06786286715801916 0.04060439045253701 0.016093620759648455 0.006160268526715156 0.050693329357761205 0.9985655876411669
11094449 0.26998456082285993 0.05241785987833018 0.04543667568950574 0.006341029383994501 0.009060766743710317 0.05431224399270613 0.9984627554420065
11144424 0.30618585301842693 0.06903733800277335 0.038609547218153274 0.0045722247669317045 0.0027386044169235295 0.05142418684485032 0.9986626796941368
11194399 0.24021649876794784 0.051633362885343474 0.039651673273222166 -0.006280159311228766 0.00539342765412234 0.0548827869480855 0.9984584869858016
11244374 0.2865055528840074 0.07172002628788024 0.03288947532934118 -0.0063874235159321726 -0.003738492261786619 0.051995131621892614 0.998619913072065
11294349 0.23287386154356976 0.06741832751461099 0.02835197430262965 -0.011759095503848216 -0.0036743253786682703 0.051974875331158896 0.9985723986473157
11344324 0.2722004580570847 0.07915806398962535 0.01974437429929955 -0.011912859869234172 -0.009258537048325232 0.046325422480899 0.9988124541140979
11394299 0.21867958614081467 0.07623291275809321 0.016709857913812097 -0.016904958539489253 -0.006928595583272746 0.04485247934694974 0.9988265475228685
11444274 0.2599207245918502 0.08523318565744185 0.009763955554043071 -0.01845656568786244 -0.012301479386328602 0.03870321192115327 0.9990045496267289
11494249 0.2018783812418671 0.08011906465846037 0.009929308415677704 -0.024352275323460657 -0.009067089110269476 0.037763620945154966 0.9989487792248146
11544224 0.24810865192267556 0.09038543555491922 0.0046931859906039885 -0.02465476525805584 -0.01678475734347575 0.03270340314812536 0.9990199707180641
11594199 0.1876055300958631 0.09253413953453736 0.005406233328136761 -0.02814144375200744 -0.014883113947289821 0.03055692442794984 0.999025938818552
11644174 0.20795389147482193 0.09125598273429847 -0.014014740128523792 -0.03568199264042319 -0.015846760303433866 0.029733808923395055 0.998795062160402
11694149 0.12816792311782862 0.07797196833629741 -0.017857528516386063 -0.04261723809786445 -0.008473958771799874 0.03055995701523733 0.998588029202669
11744124 0.1882733660270273 0.09778457060581601 -0.019349978154272755 -0.04193994816403698 -0.02062664266370696 0.02440277852544483 0.9986090760456064
11794099 0.12822136507757728 0.07775703956270141 -0.028517747621511866 -0.05097183080578304 -0.020133897881041026 0.02427892034182762 0.9982018997414589
11844074 0.20377930471232966 0.10387061119734388 -0.027680713117777825 -0.048395633650035 -0.033479996172170304 0.01419499756212502 0.9981660455776556
11894049 0.14066874190770506 0.0734421132960821 -0.03943111657106861 -0.06135725403808891 -0.024143325656914193 0.013471893815306066 0.9977328777183595
11944024 0.211681820788948 0.09077209864467775 -0.04382539143553527 -0.06158977713080171 -0.02881466006039886 0.008638192873160774 0.997648132530938
11993999 0.156603960170863 0.07659790747470692 -0.04770318433436923 -0.0676386148739803 -0.02170914837824757 0.013816044526602613 0.9973779863062247
12043974 0.2380090927317974 0.10411507195974073 -0.03779085872599871 -0.06358826244773927 -0.02757435093023468 0.012550493463801854 0.997516252079869
12093949 0.18119112558058212 0.08180286185224385 -0.039531959954201217 -0.07093779829098606 -0.016208641712106255 0.02000802466378965 0.9971483278111283
12143924 0.2525146203002856 0.10943197068593141 -0.037475073588082615 -0.06457757135754681 -0.016178470608059575 0.01732934780441098 0.9976310380451376
12193899 0.20233746036274186 0.09016217274953552 -0.037468493767784425 -0.06799451712502697 -0.006603635744327834 0.02406431006557018 0.9973735742523755
12243874 0.29650130912851963 0.10477620105518999 -0.031921451902247974 -0.06410242304681923 -0.01226843141799004 0.02550093550197633 0.9975420127686817
12293849 0.26535073569974665 0.08935136821540014 -0.03682149671762248 -0.0626783159919125 -0.00614560044466015 0.029587142862401262 0.9975761932187598
12343824 0.3444806269856414 0.09536266489916534 -0.03230128253732252 -0.06268602501533278 -0.005638964148260743 0.03507788911693076 0.997400724907603
12393799 0.30657833995662576 0.06908918856438487 -0.02411526631067646 -0.06502428802578611 0.003994216729382134 0.03600283609468007 0.9972259944428834
12443774 0.3809014625020064 0.07110178800902371 -0.020068963535549704 -0.06523860595452738 0.002983606401657459 0.04011048995758673 0.9970587600444181
12493749 0.34916867601294954 0.05178960496466784 -0.021956238939525086 -0.06495819973912731 0.008721793700343651 0.04318651507057947 0.9969148847907522
12543724 0.44299723859939266 0.06203057830310612 -0.01557503738113421 -0.06086793601633887 0.0024509196635376282 0.04304733902531347 0.9972141264346156
12593699 0.4175169971696395 0.04174895074349299 -0.01300417225840356 -0.06175503317108709 0.004373534854587094 0.043005042562650767 0.9971548296955184
12643674 0.4873965724902896 0.05260308743376661 -0.009871792417337663 -0.05754094644076563 0.0046460461108830346 0.04105354575495627 0.9974878746727612
12693649 0.43858950300255495 0.04228150132928121 -0.01788538465575176 -0.05583255952821564 0.00947834986086504 0.04366112109234123 0.9974400195928592
12743624 0.49749160530998193 0.0721904219456779 -0.013895192753467683 -0.04087336052044707 0.008394902565561014 0.035023130441276445 0.998515034611284
12793599 0.5236942450650539 0.0858845947305226 -0.014510079713741103 -0.029783877797122237 -0.008283834490502684 0.03928783069557754 0.9987496007852696
12843574 0.630344235921745 0.08391775424904686 -0.013137741700222817 -0.027066188882643113 -0.022712172683813592 0.03594450555152819 0.9987289778273212
12893549 0.5720494648609955 0.028686351196102047 -0.000922807595560282 -0.038684917255845365 -0.016869079134683274 0.04103013836818532 0.9982662165432343
12943524 0.6202077380690024 0.0015169200052931352 0.019831161002220186 -0.04234497790581317 -0.017167869918751313 0.04201138547664115 0.9980717462081281
12993499 0.5754513518130077 -0.005756458715228771 0.008402108504876174 -0.0364037594494215 -0.013041821561890862 0.04615959681270872 0.9981853379059344
13043474 0.6452326992116681 -0.015493712189517938 0.013614120796578357 -0.033166021184260756 -0.017894130262282332 0.04488766319234209 0.9982809789002756
13093449 0.589764567755633 -0.02264271142375908 -0.00834647453736859 -0.031417569319567365 -0.012238558644287178 0.04782155180320277 0.9982866588327695
13143424 0.6458077387017945 -0.03549321076797383 0.0007442233101669769 -0.030557766192112954 -0.015453962768323492 0.04780251904673755 0.998269661530836
13193399 0.6189905953138941 -0.021770409652371193 0.026096652592976926 -0.01980572792799335 -0.020681901920763704 0.04739741780882022 0.9984655611783706
13243374 0.6731340380436159 -0.0038669961791464136 0.0496710034985961 -0.013848138020273461 -0.028476659555381836 0.049238952284257564 0.9982849465517784
13293349 0.6152173402205038 -0.024080678390572593 0.048952452512190214 -0.016466966748612488 -0.026271655884948935 0.04476557437782028 0.9985162404557008
13343324 0.6572854084142057 -0.012041956966105423 0.05349379301037131 -0.014644431130463287 -0.030644282412724665 0.044999741936786124 0.9984094810336572
13393299 0.5862547721678887 -0.02594437708195684 0.045054538740649866 -0.019441647771073944 -0.025497745378769036 0.04329614118308473 0.9985476110187232
13443274 0.6129822523645498 -0.013710494049647613 0.04660278995011089 -0.019581882838947587 -0.02670965481918094 0.041437621901869906 0.9985920426756062
13493249 0.5502496594183504 -0.018321293430960478 0.04174480914243275 -0.021433127447339183 -0.026054281766388285 0.03830990960610207 0.9986962232207729
13543224 0.583702504409809 -0.00239164721655663 0.04277622775328065 -0.022488450476022267 -0.029601173044721922 0.03460963626362883 0.9987092736263458
13593199 0.5256418742909941 -0.005484258839179041 0.04013600054199072 -0.026181161472460784 -0.030613350144653852 0.03241912606746377 0.9986622901871761
13643174 0.5670541436625238 0.008457473957312178 0.04172608984322866 -0.029368595686244524 -0.03663237162157831 0.027341943235292345 0.9985228956197824
13693149 0.5092556467625149 0.0009338416995956331 0.03918138565403327 -0.03919859823844113 -0.03757591940503603 0.02769004483591331 0.998140662228522
13743124 0.5364348204606545 0.02118037447826573 0.033783184180190176 -0.04196008122160063 -0.037708351670731964 0.025989573655757416 0.9980691227862654
13793099 0.4726001433238659 0.019551637139170876 0.028615653503982156 -0.049442659532799464 -0.035944640355811984 0.026868112477129655 0.9977682650695658
13843074 0.48060493506212393 0.04620353776219633 0.027612416414844486 -0.048939827451635526 -0.028896445172680047 0.02449002085703057 0.9980832268021583
13893049 0.4310276685795175 0.04460534811785911 0.02711832395637739 -0.056457809164652976 -0.02998868573426631 0.02745364814957697 0.9975768099327181
13943024 0.4741392761802578 0.06731014718411404 0.027572496190103237 -0.05701251033821552 -0.03214177091086812 0.024482432947247227 0.9975555577032448
13992999 0.415126014533229 0.0694980007638973 0.020142012055290304 -0.06098559317763607 -0.027485769484691336 0.026142111482426476 0.9974176055734362
14042974 0.45295101911038316 0.07964025101003795 0.007889385356067855 -0.0641404235891415 -0.028834640921691884 0.023863512276863313 0.9972387388817858
14092949 0.42189668714055495 0.06941964733884658 -0.0018033163130967923 -0.06997387702957557 -0.03495324661687032 0.02171096024876032 0.9966998351005517
14142924 0.4819045564784128 0.07916578266024232 0.010142943540405961 -0.07033431000092678 -0.042992795712825195 0.015628777190646766 0.9964740065235088
14192899 0.44612698238171894 0.06880375344710152 0.00970288859475413 -0.0748271472701053 -0.04596079038366941 0.015684237768471374 0.9960133073731237
14242874 0.49300367178577953 0.0815867988901597 0.012461248189027344 -0.07419493549269997 -0.04831251071266196 0.011624575836114249 0.9960049608774564
14292849 0.45206980196703717 0.07076791150080468 0.004080051128721517 -0.07923391411266817 -0.049620324611814676 0.01220481366179982 0.9955455051193215
14342824 0.5025965925055705 0.08009052525695814 0.003034193306376002 -0.07956095222940757 -0.05174027077931781 0.0059325349385068995 0.9954686355125592
14392799 0.45633356753471943 0.06977272158060963 -0.005546801981987222 -0.0837413549834482 -0.04923246489484583 0.0073995286576090296 0.9952430842972781
14442774 0.5274739881017252 0.09201255087998747 0.005080040995302466 -0.07959145776965898 -0.05651736045411211 0.0038168888872377373 0.9952167699434245
14492749 0.4864203191166542 0.08332559167815048 -0.0016165303159364748 -0.08270170030697283 -0.05145025151548089 0.005030839836808874 0.9952326316172846
14542724 0.5418869740711484 0.0974518950703561 -0.005562983515518066 -0.08206779739508126 -0.04971341606579598 0.00512098666034776 0.9953729092101179
14592699 0.5109176347527509 0.09156313033429986 -0.00777320426179232 -0.08371261200278894 -0.04688392182715519 0.010056494623182604 0.995335603392981
14642674 0.565655918281431 0.08637454226076538 -0.008351945390457511 -0.08894547299852718 -0.0423416726041488 0.013224811903405093 0.9950482349837473
14692649 0.5171326502018582 0.07177290632625141 -0.011486844241157193 -0.09382306907743612 -0.032582009989713806 0.020438463402798198 0.994845673231609
14742624 0.5985651496719774 0.07532898625480206 -0.00634225290172122 -0.09479412860799934 -0.03678133595216262 0.020234788749464213 0.9946113612015945
14792599 0.5855205978128369 0.06872732742384859 -0.014163949539843016 -0.0948422070868483 -0.03847433953287419 0.024930235850615285 0.9944361036752624
14842574 0.668515054517126 0.06981112113276233 -0.003424264899675949 -0.09454937795027567 -0.042824703579005544 0.019880203995689075 0.9943999383455713
14892549 0.6305700625211793 0.06376207881679188 -0.009935924318023731 -0.09188962253112049 -0.040468420536403545 0.024785311715737862 0.9946377695088452
14942524 0.7097975051404349 0.05723567177935441 0.015256705834237886 -0.09318197564553596 -0.04740953946894297 0.02003116327616484 0.9943179609561225
14992499 0.6751485517360848 0.056720357892625285 0.006769210829000717 -0.08691809529244257 -0.048273891943277886 0.022108355072677704 0.9947995258861771
15042474 0.7509847112982273 0.042705773454639884 0.03664767238412465 -0.08903177300954368 -0.05535864707702038 0.015807502277482222 0.9943635584937364
15092449 0.7388032558354952 0.04200952337125896 0.025573450758427412 -0.0798084904343625 -0.055815339418215544 0.013599759090888602 0.9951534049044335
15142424 0.8120781140402469 0.032065175711285095 0.05651585054499631 -0.07774671936871068 -0.06069891321347248 0.010089554148631783 0.9950725051267311
15192399 0.7850165452157519 0.012061826123975546 0.03948888398259463 -0.078789405125971 -0.05723555708874892 0.01586022293053483 0.9951204821393387
15242374 0.8503714081174325 -0.00820247416098123 0.055270358468216214 -0.07748181408128854 -0.059838778660578726 0.015802170255218958 0.9950709424308941
15292349 0.7869413875443962 -0.004933469308594395 0.05623354221114335 -0.07016167550531341 -0.049260817188536817 0.020974778387840152 0.9960977712312108
15342324 0.8480274616384692 -0.02480567463763652 0.07532888217623762 -0.06711661302425885 -0.05321965428107174 0.023503570980432452 0.9960474942519172
15392299 0.7944713724761686 -0.030597526291901645 0.06778178880791265 -0.057273498311377694 -0.04836208795041411 0.029099264807741287 0.996761800847074
15442274 0.8497459401615174 -0.039576048759585786 0.07440056493044876 -0.049191907502839916 -0.053391784507613047 0.03309803183140869 0.9968119149931002
15492249 0.7963341774184282 -0.05657988602706698 0.06261576499270481 -0.04239209685735787 -0.04820494414226247 0.035484883648383175 0.9973063804652703
15542224 0.8442421661196889 -0.0707811909050519 0.06112262929521444 -0.03659694041016822 -0.05115104537083664 0.037177039362576936 0.9973274799454384
15592199 0.7824318914483429 -0.08272556563972949 0.04511164560448387 -0.031212649828688585 -0.04480561601456837 0.0351140617373954 0.9978903897385369
15642174 0.8231954122648999 -0.08819408734779445 0.04423501526583719 -0.025986783579151736 -0.04691210736852441 0.03454644444610286 0.9979631678762432
15692149 0.7590219909771693 -0.10073870685560533 0.036206169329599726 -0.026429801900929452 -0.04419536494856314 0.030655489629744702 0.9982026228397227
15742124 0.8091458684119321 -0.09018995723269688 0.04059757385083312 -0.0221229007874317 -0.052077759352689476 0.03285459878484871 0.9978572340671984
15792099 0.7360038874580986 -0.09631345004517029 0.031588743097569434 -0.022547526937242802 -0.04757649319386041 0.030444509806171593 0.9981488957801089
15842074 0.7789661540467614 -0.08919678906526338 0.026496714195152204 -0.023705103348956428 -0.05343343448085559 0.03150564524558925 0.997792729214066
15892049 0.7031817526117525 -0.08351501450978911 0.02408682876573668 -0.025583532646577777 -0.04891165055075412 0.028112845596276803 0.9980795565535857
15942024 0.7480291633639716 -0.05714848432373843 0.021137678677541103 -0.024869116845767432 -0.0559922984543154 0.027064338439551947 0.9977544342802712
15991999 0.6767392208029339 -0.056306894081133346 0.01539664420664572 -0.03174085870381165 -0.052703202897959454 0.024180001795489393 0.9978127167992054
16041974 0.7163468275044038 -0.043260708820561065 0.01812161324250267 -0.03805467627311567 -0.058921119502237454 0.02275923101284811 0.997277374000862
16091949 0.6502250092225591 -0.04190230169726935 0.012463553418975992 -0.043394621748611056 -0.057901986098318904 0.020710472035235353 0.9971636491355081
16141924 0.695973290455589 -0.03484242551556018 0.010656092206449872 -0.04963981726057644 -0.0660964677141396 0.019008929302652397 0.9963964101224057
16191899 0.6365716726881797 -0.03658637583014269 -0.0005470890938142727 -0.05344966176992112 -0.06729301281480299 0.01590642047084388 0.9961735641296614
16241874 0.6919807064026959 -0.02053489705407031 -0.009657409967758452 -0.05534297396887009 -0.07948356727074635 0.011809183780263258 0.9952286475703166
16291849 0.6440069263023348 -0.017951600092865297 -0.014092543386716012 -0.0571795771932045 -0.08524478449677535 0.007504961748116467 0.9946896491958002
16341824 0.6936830137453524 -0.045109976964545856 -0.026504375327665638 -0.07428615443749555 -0.09667407300330472 0.00523263290129152 0.9925262265657068
16391799 0.6434371660668221 -0.029920164987445253 -0.036394316352317706 -0.07434086557784023 -0.1015866001752721 -0.002889308948520613 0.9920409519086231
16441774 0.7046443310963374 -0.028944681030485066 -0.028347399367941978 -0.08010008170247038 -0.11352944428447365 -0.010875394063784072 0.9902407626409213
16491749 0.6394656965738549 -0.002704035843405371 -0.040469727144016324 -0.0762123929822126 -0.11158003829318906 -0.014573869190431438 0.9907215393576722
16541724 0.7054106065941644 -0.005147210719390016 -0.030611935632253073 -0.0844914158517212 -0.12345672255331638 -0.022371359690303443 0.9884933791226788
16591699 0.6448891250845096 0.025016943057050964 -0.04353775549040978 -0.07996595055900337 -0.120333684877287 -0.025002782371897812 0.9891916456929427
16641674 0.7093804776819109 0.026034818544976485 -0.02829250294869712 -0.086074887109157 -0.1297450801331656 -0.029997319964048946 0.9873487169107775
16691649 0.6544538885657376 0.04277368229825912 -0.04961870087501265 -0.08416415244805671 -0.1253067706133244 -0.02914404680473514 0.988111953787122
16741624 0.6945654330454349 0.05574800447570727 -0.03881822062249459 -0.08539862993587702 -0.1264937267951422 -0.030770019976787293 0.9878054550148927
16791599 0.6343756649487846 0.06289840873065056 -0.05967735378975446 -0.08599623937430896 -0.1174912186449051 -0.02890287603972759 0.9889211718390115
16841574 0.6988939048500151 0.0731654534789297 -0.04310987196925946 -0.08312047709406163 -0.12196952509019085 -0.03250311847200706 0.9885130087796131
16891549 0.6546460082747645 0.05935449015767392 -0.06292051086958668 -0.08659944947586097 -0.11743875795344544 -0.027676644248026197 0.988909842626717
16941524 0.7112468419789946 0.059779395405351266 -0.06314037847841503 -0.08551259558997627 -0.11798420684448534 -0.02626043476547229 0.988978115276911
16991499 0.6740871748517407 0.04748012792602218 -0.07993717326648615 -0.08744187169781041 -0.11352561428091068 -0.02226619878596639 0.989429163895905
17041474 0.7401244456877004 0.05103899553634452 -0.07759616995633382 -0.08444939356079356 -0.11495866325717892 -0.020164102348557884 0.9895687013269031
17091449 0.7024206164679023 0.03191042858663334 -0.08372449369838514 -0.08723140529036526 -0.11022507885467929 -0.0174584749639893 0.9899173276463442
17141424 0.7763267021573792 0.04042884656346984 -0.08081823837804825 -0.08378367630667422 -0.1140804212988511 -0.01494877051515674 0.9898194215718846
17191399 0.7370179735875267 0.019550133543335874 -0.08216360564620043 -0.08620496339429995 -0.11139130852541236 -0.014680046588997147 0.9899218034285985
17241374 0.8227017138963505 0.0214190850208884 -0.05859363440541384 -0.08323200918748488 -0.11968840988557986 -0.014574239011543496 0.98920913296578
17291349 0.7783995877786598 -0.006409488471274904 -0.06971606018701997 -0.08599084879441803 -0.11427757640151893 -0.012818534787731083 0.9896372540589335
17341324 0.8436284293739962 -0.016303687220139793 -0.055427347313242274 -0.08502673433684599 -0.11662355727355368 -0.009540349427561299 0.9894838968218096
17391299 0.7855246553263014 -0.027593752469684225 -0.06939261420508154 -0.08139269987842015 -0.10587321516480439 -0.006283632008368978 0.9910230101697699
17441274 0.8468547208698034 -0.021401380319140958 -0.046560539993553675 -0.07404928630941583 -0.10655207002486952 -0.006362158551694226 0.9915255329587053
17491249 0.7922710301492784 -0.017525639645376286 -0.054446118049822106 -0.06312953335151976 -0.09930803936544552 -0.0057784457086238255 0.9930353392006767
17541224 0.8355685235769124 -0.014273264700016771 -0.04197834630240271 -0.05397554027207278 -0.09681289314533974 -0.008278966822690158 0.9938034833313454
17591199 0.7831864053018801 -0.026445983388762927 -0.05675812623991637 -0.04809736897083781 -0.09100165408417006 -0.005284959714895657 0.9946745252859551
17641174 0.8261091199259063 -0.04983430251984518 -0.04685818434905337 -0.04654724331831843 -0.08937225876950314 -0.007987434015932039 0.9948779595506895
17691149 0.7909742962968797 -0.061899738452010966 -0.050868412913919775 -0.042969424090656946 -0.09126760265970661 -0.005385717501194613 0.9948843386771472
17741124 0.8451269053850996 -0.09056062099347928 -0.02318075169749802 -0.04712984898546896 -0.09662883763191427 -0.005246910798091299 0.9941901804984743
17791099 0.7906401794773172 -0.08496365760504161 -0.03023875021595444 -0.04068914367552434 -0.09272988909033152 -0.004636328106429315 0.9948487652492397
17841074 0.834800585332306 -0.07915303893202262 -0.003952979178292588 -0.03531707146518571 -0.09421133295166993 -0.003256266838193465 0.9949202610927526
17891049 0.765402925586391 -0.07771827850662191 -0.013515357797661455 -0.033158811820691816 -0.08561061594014253 -0.0005068898534236748 0.9957766108418423
17941024 0.8162023575171004 -0.09198411393801822 0.002615786255563301 -0.03982034587354651 -0.08826360280243577 0.0068958023039968975 0.995277008870108
17990999 0.7579926129927991 -0.09866613226958473 -0.01166039524278419 -0.04064137678651057 -0.0846383193948824 0.007024858874505546 0.9955577756919485
18040974 0.7969449495022514 -0.08896889083872933 0.01647519555085699 -0.03915335338129084 -0.08675578781756256 0.008616616362076097 0.9954226248793135
18090949 0.7213768339374274 -0.0814070563293664 0.009768801104949524 -0.035894451462911654 -0.08037832565657899 0.0075052237974626065 0.9960896469367462
18140924 0.7714584843222422 -0.06541734842082356 0.02660417770847944 -0.03353598399481643 -0.08678334974279261 0.011870761359047903 0.9955918204815044
18190899 0.6917481449166821 -0.076555822839981 0.01176717444645419 -0.03483550411021704 -0.08014006467232813 0.008311248369131555 0.9961400407765209
18240874 0.7301367924817963 -0.058483972422159185 0.0029980664069434787 -0.031038663337324482 -0.08048997213315286 0.012661304640181835 0.9961915765198203
18290849 0.654926269007667 -0.0793707911947536 0.0037830793912414233 -0.038802393141477855 -0.07672963902130932 0.01258495832790057 0.9962171227227721
18340824 0.6970811743418922 -0.053594564692946364 0.01663381869528661 -0.03617380210440183 -0.08196684042371534 0.021002232337181414 0.9957568977160639
18390799 0.618673236027821 -0.0667915038152399 0.016455485173651866 -0.04153708619809336 -0.07732620266155493 0.02316715085421643 0.995870780760945
18440774 0.6696055646561003 -0.02899442299112438 -0.0011021053277121384 -0.03268225520440101 -0.08517010172269031 0.029939785133578773 0.9953800948549535
18490749 0.5986816271639386 -0.03271965243359689 -0.007012913511502469 -0.033193743540062 -0.08488267191238517 0.02641946195136528 0.9954873778351041
18540724 0.6235651831320159 0.013245802730383418 0.010797260597084985 -0.026544412675056157 -0.08750705713279397 0.0234060305587488 0.9955350656009948
18590699 0.5425012087014276 -0.0011064162236876461 0.013790706736148944 -0.03711509497596224 -0.08232479802348085 0.02165469489502207 0.9956787491677834
18640674 0.5855087625530188 0.01896770749651748 0.032108376225885256 -0.039010097720423006 -0.0926975412521275 0.017991366745698695 0.9947671530786865
18690649 0.5148630689356125 0.009119962997802857 0.025945367881896983 -0.04956315343234691 -0.09213008852091945 0.015157341222456319 0.9943972021370712
18740624 0.5632562697816774 0.031684791832976775 0.02415458915492522 -0.05031155691361698 -0.10071354644682734 0.009549644558286106 0.9935966651976248
18790599 0.46170036317319524 0.03383462380852486 0.008282265845465134 -0.05499940434618738 -0.08488454574292283 0.00567716981759233 0.9948554915958621
18840574 0.45229501968163993 0.05842155001700828 0.02050186843953277 -0.05136455085395492 -0.06922602815453138 0.005232295255752202 0.9962640528634344
18890549 0.36851744946130605 0.07075627369398901 0.016394971375168328 -0.0496203042562398 -0.05698669136508911 0.005531086206049567 0.9971257440755201
18940524 0.4432342137254743 0.08616272659142284 0.02767491808105963 -0.041868543151821126 -0.06336174267131771 0.003751493563979974 0.9971049297621777
18990499 0.41957573563585077 0.0757110824041468 0.01653718614336966 -0.046329487289851805 -0.06645792016229335 0.006380634557576537 0.9966926361510876
19040474 0.5181332307399533 0.07651723381130822 0.026425714748375 -0.05317411518411523 -0.07652182594666876 0.00806356363144877 0.9956163430607875
19090449 0.4793696268149552 0.05581369278169026 0.004620980588080631 -0.06683287860308171 -0.07229686821283408 0.012761918423062589 0.995059627671832
19140424 0.5478614604128346 0.07031773374993523 0.0007838202923665228 -0.07268608788349089 -0.0760790525699061 0.015133139021948018 0.9943337963136932
19190399 0.49586492845992713 0.06598355341945618 -0.01770718208189282 -0.08074673872895162 -0.06876460745366327 0.02225114736852315 0.9941107983455195
19240374 0.5646823672945851 0.0875979532983647 -0.010521286174370831 -0.08155052631332119 -0.066973977746253 0.02427791675033138 0.9941200031792584
19290349 0.5169835305983727 0.08165898803063552 -0.032481470108907555 -0.08821704166442827 -0.05706829526851776 0.03550621998904437 0.9938311081754342
19340324 0.5795539257216399 0.08650063490769667 -0.023786553555459545 -0.09470943444535315 -0.05324200145872108 0.04300365734154731 0.9931495847871868
19390299 0.5266211413730784 0.08157588882272405 -0.03111942135982188 -0.09640278510795192 -0.03848540943357039 0.048161675128462846 0.993431341026133
19440274 0.5954801430306981 0.09166206397214854 -0.02319290899443281 -0.0949470320699452 -0.03516231309006382 0.05038826222612779 0.9935842671203565
19490249 0.5503978158241927 0.055860253183464235 -0.03590584500749165 -0.10289442042002282 -0.02494478063177596 0.05455430606206959 0.9928818277397096
19540224 0.61733259769355 0.05888885432399386 -0.03176119839194911 -0.09884868342536722 -0.02547002506743657 0.05579387491945631 0.9932105814627671
19590199 0.6260362127859598 0.06096988357530874 -0.0121609751501281 -0.08776848718906179 -0.03416746468600546 0.05780433818809296 0.9938752112313248
19640174 0.6844108488151732 0.04244748650142615 0.010203694178590288 -0.08778268544930093 -0.03300738520432157 0.053879983097651726 0.9941336228489003
19690149 0.6514502456552196 0.03785593780962685 0.006236349345428479 -0.08009207744908396 -0.02961936638451314 0.04878599288133071 0.9951521889457173
19740124 0.70788079458013 0.033458735821596565 0.014403223725440496 -0.07372030963595082 -0.0297661370041963 0.045529484588245135 0.9957943357280938
19790099 0.6613862960607746 0.029961676755163313 0.010158068676200215 -0.06522630674001971 -0.025646440856271713 0.045101293792819526 0.9965207786487327
19840074 0.7188482963831334 0.025690820140847545 0.02184016154299409 -0.05985523414407495 -0.02984133657272885 0.043693672590872916 0.9968037462573226
19890049 0.6662589188755265 0.015338937214994517 0.022224349467282568 -0.05814522456504686 -0.02689797495372068 0.042881367573654294 0.9970239817169306
19940024 0.7162137476401054 0.012839391108372688 0.038916637145519996 -0.05612791552271981 -0.028997697057410145 0.04354252606115689 0.9970520744116902
19989999 0.6601907227259398 -0.0017879033944782259 0.037958929148447604 -0.056328008677901414 -0.02590775772851357 0.03979764557952263 0.9972823526635722
20039974 0.707219151676953 -0.0023762624086541085 0.057457862543259436 -0.052909333824861494 -0.027746731899166894 0.04013804775380004 0.9974064659834719
20089949 0.6396979865692209 -0.017656510513373098 0.061257794260162514 -0.051668870714467685 -0.022012623332988774 0.03451175040001151 0.9978249903151447
20139924 0.6855030454004091 -0.014452842394348065 0.07979484963451722 -0.045829881938587676 -0.02511065661370152 0.03758444139207509 0.9979260927599646
20189899 0.6514937495379075 -0.0007196057613460763 0.0945774718315674 -0.03457092136545162 -0.0347341571422301 0.03158479020904605 0.9982989485875527
20239874 0.7358016105273149 -0.00013300547359556544 0.11731923829768345 -0.033197486644323745 -0.051822145022198424 0.03167432354820878 0.9976016887483509
20289849 0.6750874590759347 -0.020451661243879638 0.1230124648014253 -0.034845092551983835 -0.05266710274414516 0.026549311954113655 0.99765080556693
20339824 0.7156085460105814 -0.014500816103604644 0.12931677127056773 -0.033342243592462864 -0.052765674631583624 0.03035681624222311 0.9975883630438611
20389799 0.6330275854948921 -0.027531803617242778 0.13351131617747672 -0.03577697295842002 -0.04574865379776987 0.02689302431175343 0.9979498154341188
20439774 0.6825177258338195 -0.013418487400543452 0.13794197820122414 -0.035326985086799635 -0.05177980633583018 0.027692995494394888 0.9976492137926278
20489749 0.6111340362577622 -0.02234939201338128 0.1510570510019008 -0.03971978707092669 -0.04832739489351237 0.024405425000531063 0.9977430413931185
20539724 0.6525984696833653 -0.0073375457560450955 0.14934167699361922 -0.04054482821404971 -0.048094969197427624 0.02528863509913379 0.9976990907973278
20589699 0.5899752587223881 -0.007955429153289869 0.16546968082373611 -0.043326701342943814 -0.04685181503653984 0.02510781798677296 0.9976458799867136
20639674 0.6400726912049232 0.00023666135542445922 0.17684405652895313 -0.04888334382091778 -0.05235391883355576 0.0256584428228332 0.9971013640505979
20689649 0.5699253764494798 -0.01741751183450488 0.19904540940235335 -0.05765534932291631 -0.049038305776161355 0.022212187951494124 0.9968840072784113
20739624 0.620569432036988 -0.013272485493056492 0.21002423688229255 -0.06442187800196562 -0.052674066939035535 0.02558575148987181 0.9962031086216807
20789599 0.5545754831375675 -0.013794208371166138 0.21979163510943325 -0.06490768820031893 -0.04992585604764733 0.02466128076005599 0.9963364000886816
20839574 0.5971724001523361 0.005175663996076343 0.21652977606531432 -0.06582116507211579 -0.05176844313352881 0.027681345369859927 0.9961030798278834
20889549 0.5224877693226738 -0.001606172923847664 0.22626934045641717 -0.06889155610970367 -0.047558675281725304 0.027786287417852853 0.9961024285352202
20939524 0.5728383217233342 0.012828870361538285 0.21841913591339673 -0.06924199279046322 -0.053407752936101116 0.027871009570945838 0.9957792753347591
20989499 0.4957438296733485 0.00042701991079456244 0.22270675743647228 -0.0725482024197143 -0.0481194492023111 0.025346986327048727 0.9958809201999358
21039474 0.56019309841377 0.015633939586225606 0.21696962403055364 -0.06813769637767074 -0.058137978355604615 0.026141969685320912 0.9956373974625699
21089449 0.4897872027109267 0.010706721492103477 0.22406758052075604 -0.06777140819440496 -0.0557518135201526 0.025414284509547424 0.9958176970025333
21139424 0.5430474366439142 0.01815762111335665 0.219751551815363 -0.07029882502480371 -0.06139185418374796 0.026170429721106052 0.9952910248003979
21189399 0.4792599843859599 0.01640225273203453 0.2212020258257999 -0.07057962001214325 -0.058871121089762495 0.022763947035692143 0.9955071627346196
21239374 0.5434980634691792 0.020896223440948995 0.2205404397606851 -0.07424456408329731 -0.0655936055549207 0.02561713095515058 0.9947507156147278
21289349 0.4868962489461468 0.011613394367609935 0.22422336394490075 -0.07730869237672802 -0.06273895983274108 0.02383902704212923 0.994745640750333
21339324 0.5375007396618381 0.016323592804565638 0.22963480513409054 -0.08005226212667083 -0.06572910951076978 0.02837075776293879 0.9942164852763611
21389299 0.4878899171945981 0.017493874369633778 0.21538355708789333 -0.0788673571268309 -0.06146175566581358 0.027985251608753897 0.9945950021303643
21439274 0.5488926953106706 0.03347150855528911 0.2165836549502952 -0.07494976009458393 -0.06552903802783194 0.02728421412910075 0.9946577553592334
21489249 0.50043942652414 0.018111155278579563 0.19498303105324608 -0.07801193251891571 -0.06093824416691292 0.02843738506030415 0.9946818506002056
21539224 0.5686487228936827 0.03610906469701496 0.18693164284799368 -0.07559058665628338 -0.06601472690823484 0.027653107144159094 0.9945669533548075
21589199 0.5047221794828771 0.020824656162401575 0.16254985255025398 -0.08176035634689277 -0.05690196097278365 0.029608883350702928 0.9945857052030285
21639174 0.5728597655543463 0.03893762163174541 0.15679598970090747 -0.07947696344283682 -0.062140943384868745 0.030450214292952568 0.9944318477837774
21689149 0.5197486906388287 0.025625729171433853 0.13326213815769006 -0.08577336712290132 -0.05410240553759914 0.03155723699140441 0.9943440048599446
21739124 0.5955625944941576 0.031180071581743737 0.12922523458320145 -0.08808589599779271 -0.05702732110637125 0.035148668141832415 0.9938578020529659
21789099 0.5476384380808135 0.004457986869800319 0.1079357216974917 -0.0985704400766251 -0.04711147433396131 0.040472465699829464 0.9931899903086806
21839074 0.6319062861379106 0.037976862295218676 0.10734856775118802 -0.08656987675053006 -0.05019178998122233 0.04307184290143792 0.9940479148446281
21889049 0.5856997868163816 0.03194390048262537 0.08589677493094772 -0.08151331215543688 -0.03734204364222376 0.04818337784058923 0.9948062694906701
21939024 0.6540863397580488 0.05114800325606046 0.06998490306358328 -0.07308458337516538 -0.03344620569592587 0.05093846925760386 0.9954623384875574
21988999 0.6237220491112517 0.04298452872737402 0.056614452203563495 -0.06922486227690143 -0.02800549251916178 0.05223073793010957 0.9958391239787576
22038974 0.708574850778435 0.05387463512895054 0.06017053505524243 -0.06381009954593755 -0.029630456294667904 0.05088236056879886 0.9962235154013652
22088949 0.6688945936857373 0.029746062669488565 0.04084809145294694 -0.06518845108443937 -0.019677694081698078 0.04754057937112356 0.9965456073426326
22138924 0.7393980232096677 0.0368948216630379 0.039374461244557624 -0.056989258982098355 -0.019225602764730423 0.04988838732622273 0.9969421996128928
22188899 0.6891887488374724 0.014062066886791676 0.04011293517210167 -0.056426553503386975 -0.0056774353288044435 0.04674057713603003 0.9972959085631543
22238874 0.75836657741369 0.016974589674866498 0.054836884459999145 -0.051771377271059675 -0.0056189152099773276 0.0509300124175048 0.997343614870258
22288849 0.7055740595988687 -0.011147638271948567 0.04193252216927287 -0.05148749165215214 0.005070213986720504 0.050398967169919304 0.9973882269415976
22338824 0.7624527039107297 -0.0004466593179590519 0.049705914841340064 -0.03896129438981611 0.0059930373101128335 0.05610182650658635 0.9976465737453792
22388799 0.7011344144843865 -0.022913614301561525 0.047255413098655975 -0.03439720071119313 0.015236393336224554 0.053361369047435096 0.9978663483627059
22438774 0.7580849929494251 -0.02041380521971651 0.027865552448509183 -0.02494880662142822 0.008500547742087205 0.05728190519784706 0.9980100606071844
22488749 0.6940094129820343 -0.04376486321316445 0.028745299675882872 -0.022972983724674607 0.012790715420163532 0.05478704489413508 0.9981518017464048
22538724 0.7486654287588121 -0.03979359942971654 0.027051224041542508 -0.016028961899438657 0.005323773855354236 0.056797236842753424 0.9982428580758249
22588699 0.6752208351763571 -0.06784387476495848 0.030547122988383742 -0.015065560138503674 0.009660000424517992 0.05317402871698951 0.9984248774742727
22638674 0.7241688729398383 -0.06193804993539534 0.017801770616978678 -0.008074888340002775 -0.000812263372070685 0.056483335022839774 0.9983705570935114
22688649 0.645193970392519 -0.08478289469182745 0.014402202958441869 -0.00810337672955956 0.0008018385277562665 0.05324440144380939 0.9985483093248142
22738624 0.6941450600079176 -0.06634709034444834 0.004796318556823573 0.0001487902303244001 -0.010291831223815027 0.059221226705973164 0.9981918164255643
22788599 0.6190958980814885 -0.07753285115006522 -0.0026151303635087567 0.002269195000971472 -0.010073850058372016 0.05653815660397379 0.9983470364291536
22838574 0.6626113283422436 -0.0640598075975533 0.0023313706376989966 0.0042577784863124845 -0.019384777782348185 0.058522819417078535 0.9980887642490353
22888549 0.5846148095743788 -0.07737133643475086 0.015094011154844714 0.0003592568008677419 -0.018059922684474112 0.05520745338308096 0.9983114980897179
22938524 0.6334497549605075 -0.05935623928693172 0.004263252270401476 0.0030419735242229354 -0.02696304539419123 0.06072603729302854 0.9977855926875444
22988499 0.5572240698193309 -0.06823880522636516 0.010098424250152371 0.00018842356839672995 -0.025201852709322983 0.06249947312586032 0.9977267396314314
23038474 0.6069085283254035 -0.05052031397143656 -0.004015145276674261 0.0015436493001340658 -0.03715611125047423 0.06420324059173653 0.9972436936080871
23088449 0.5402225948406427 -0.06380639443967623 -0.0025061957572030187 -0.0003243293733905093 -0.03837551095886573 0.0676009581530746 0.9969740846310349
23138424 0.5802956335478429 -0.04431227801002147 -0.006160947939264268 0.00046737033944649077 -0.04049452377628961 0.06687674466779811 0.9969390533687279
23188399 0.5145080012763069 -0.059850829860941944 0.004860679280092903 -0.006496322614450831 -0.03733071003696393 0.06494204121912965 0.9971693673408334
23238374 0.5746306158676125 -0.03464652475784391 0.008514252403935826 -0.008902634448206223 -0.0454747556031026 0.06619121067981883 0.996730411561451
23288349 0.5057977678317648 -0.04805445262346964 0.010279694064601361 -0.017892601566843656 -0.04133224973103566 0.06576594152324851 0.9968181082208039
23338324 0.5588477444156974 -0.022047389253966848 0.004547988884848972 -0.021202910774982885 -0.04721869538544828 0.06499461686018977 0.996542287692781
23388299 0.4945164770621072 -0.03781577180475487 0.003860979986639531 -0.029842221130775035 -0.04208646658716498 0.06282829103242671 0.9966899101596916
23438274 0.5160789264088441 -0.016978482413236903 0.007083482925689943 -0.033972894252149125 -0.038436383813721976 0.06130581572820143 0.9967999216559743
23488249 0.4472294443439778 -0.02864747073025151 0.014018974225747405 -0.041705799456370395 -0.030166942750013477 0.05965778894865567 0.9968909318850183
23538224 0.48367851214719804 0.0038978717178524773 0.004904835183336945 -0.03923182946944668 -0.03167995071148023 0.05924494612073041 0.996969046981174
23588199 0.4335563060199693 -0.0076509478779632645 0.0027158604347791984 -0.04748291847852939 -0.03022495264597291 0.0599887469869099 0.9966108442743589
23638174 0.4794506606436792 0.004420125803197786 -0.01059987748419677 -0.05116634192166371 -0.033868476653502774 0.06260064320662988 0.9961506368083306
23688149 0.4285172624752199 -0.01084069875374106 -0.013218013616983876 -0.05813458230306514 -0.03271897718338276 0.06485194212162176 0.9956626258304442
23738124 0.4717345994015367 0.008289737265357387 -0.0239654426310252 -0.057876604273794555 -0.035753997720327516 0.06455502684718087 0.9955925867710693
23788099 0.407954829643117 0.0034578924410598702 -0.014644354551656833 -0.061362518769666086 -0.03054211873281502 0.06361955465516489 0.9956175834822483
23838074 0.45509049689005604 0.02797516464252902 -0.012044670377020606 -0.05815401872953209 -0.03357270072912844 0.06343982527142498 0.995724044321964
23888049 0.4024002433270411 0.016850365180677805 -0.008449415051954129 -0.06389757069118687 -0.029369379099185404 0.062324496364467824 0.9955753096496561
23938024 0.4634298882511152 0.028116501292759083 -0.006036864918755503 -0.06621859416072846 -0.03129521704197866 0.0633402533215141 0.9953008185904594
23987999 0.4281157629056373 0.01743548762120289 0.0007375766981549713 -0.07202011329923087 -0.026962610660768542 0.06313446026113857 0.9950377685466298
24037974 0.4911550887602327 0.0354498807774954 0.00533603484916072 -0.0733713348971719 -0.028120461841338977 0.05994251242401734 0.9951044076103439
24087949 0.4454955114836269 0.03319219415405056 0.0023530185976185047 -0.07597038216859582 -0.022048184753695042 0.0584482882174377 0.9951513333089976
24137924 0.5082779892042106 0.04822215438725422 0.005408283909194261 -0.07464248768517028 -0.02354497713247979 0.05514448121666921 0.995406057483751
24187899 0.4566501399241964 0.04140965392468849 0.00854697723396631 -0.0755427916720345 -0.016097919903960343 0.05470112234944588 0.9955108893502231
24237874 0.5230165097083128 0.05726706492971838 0.022182524446108663 -0.07372268999089414 -0.019403839360614576 0.04790892092333647 0.9959383471352711
24287849 0.4795060596762262 0.047321458435116405 0.0266136108045285 -0.07614964130572612 -0.015306043376625233 0.04596653457212196 0.9959186888820754
24337824 0.5512558910303547 0.056081616617224654 0.03662799631788131 -0.07675742546705948 -0.020795863118749 0.03809969172630837 0.9961045342749804
24387799 0.5042229585041276 0.04993957127943992 0.045344571731750404 -0.07791136464292939 -0.01725310544150525 0.03603216321977994 0.9961595418535146
24437774 0.5684844128556433 0.0555001565333282 0.06182207575319632 -0.08050824090863364 -0.022423505438323194 0.02722407310718645 0.9961297402412546
24487749 0.5129145989108737 0.04187396449055641 0.07575275526961193 -0.084392257433202 -0.018128300087950137 0.023869109562072034 0.9959817153090529
24537724 0.5695801962101745 0.0502499523814163 0.09716286995868956 -0.08188356920254286 -0.02013610494604604 0.021268342023797824 0.9962114614878775
24587699 0.5149472839021954 0.04414099885628479 0.11868361379668471 -0.08072447642626794 -0.016055688556824353 0.023893908596733536 0.9963206586750283
24637674 0.5691587811419004 0.05072645540022308 0.13746639228026983 -0.07983551955291587 -0.019722232393436036 0.020406990544498488 0.9964039733481858
24687649 0.5131184120865276 0.041148295855621464 0.1532035693627757 -0.08172148064142082 -0.017730712241970203 0.02040307266274241 0.9962885807190028
24737624 0.5644032909136668 0.051084822544840376 0.16643382176266464 -0.07961377539513646 -0.022101760859439785 0.016414229669591534 0.9964455489381238
24787599 0.5032420918552443 0.04162671087501227 0.17969115992488133 -0.08056643610737675 -0.01930972612648485 0.0185066565459913 0.9963903288939354
24837574 0.546964295635751 0.053467550386864474 0.2119001217872008 -0.07901635597725021 -0.023771193594770805 0.017233460777678324 0.9964408430372476
24887549 0.49348292810744854 0.0452943097395964 0.22453524445793502 -0.07940141414905862 -0.02261289895511861 0.019335854008972732 0.9963986134984929
24937524 0.537761384051253 0.0577430105601156 0.23731178145372878 -0.0794041388946275 -0.02549975589961257 0.01658907004763099 0.9963782153030132
24987499 0.4714064737292499 0.0511349332220556 0.2457979873976415 -0.08263567371540771 -0.019953044815540957 0.018639089224001277 0.9962057045535773
25037474 0.5181747143141674 0.07163183437202268 0.2549927367535971 -0.0796663589385901 -0.024349107748156167 0.016396914899716106 0.9963892479282922
25087449 0.4483858699505133 0.060933250369920665 0.25903468111011085 -0.08253979242634588 -0.02020311806022208 0.021437169083053115 0.9961523299518829
25137424 0.49267327529850174 0.07989353658185507 0.2642278996121968 -0.07988803205854296 -0.025651450820627638 0.019413411903474363 0.9962846103613546
25187399 0.42500413082023847 0.07627605229412662 0.2666136249748981 -0.0797992981987242 -0.022660482177722176 0.02004069839896593 0.9963518178646265
25237374 0.46301909545101183 0.08518924038104553 0.26503866409271887 -0.07817069446177023 -0.024743033739868033 0.020303899284438272 0.9964260516880115
25287349 0.39321895741374163 0.07782046119634267 0.265672622158629 -0.08063608650476127 -0.020684844385156127 0.019435598967818393 0.9963394081630621
25337324 0.44120918966380296 0.08115566653460557 0.26567845256678374 -0.08142770867653804 -0.02343477434798789 0.022159355984271337 0.9961572679819738
25387299 0.3715710788506745 0.06656298507589303 0.27043758823497 -0.08430250972568326 -0.017768713805016798 0.02597897826597734 0.9959429965374135
25437274 0.4344508461283881 0.07668682906576314 0.2624477740501273 -0.08135626380177827 -0.024057437756609745 0.02782979793299435 0.9960059740663261
25487249 0.3851808773737274 0.06549637841002232 0.25926618514598554 -0.08087936723253565 -0.02328565203058707 0.03225868163458775 0.995929557661973
25537224 0.4492816292240231 0.06040556689706064 0.24868505536679983 -0.08211159224373056 -0.030977928391997266 0.03810628337111309 0.9954124600081014
25587199 0.41493927408698544 0.03643272165187239 0.23491790857200484 -0.08572050737011955 -0.03426242391075833 0.04407291300975847 0.9947540697392512
25637174 0.4869378095893438 0.04507219078342238 0.23025311434564852 -0.08295788812035905 -0.04601713082757537 0.04475455844760782 0.9944835051257348
25687149 0.42937179698294947 0.038692783413860225 0.22365268973162142 -0.08034444853079846 -0.0449229377756223 0.04830052291690846 0.9945822031073362
25737124 0.4786558735603314 0.042875970970408295 0.212361096100236 -0.07846156916632338 -0.04754702830365017 0.05142423424430111 0.9944539257280034
25787099 0.423212164623764 0.03610446807689751 0.1935976787364537 -0.07619393521324933 -0.04346341157595648 0.055768845216516365 0.9945829538023032
25837074 0.4649015109333165 0.054088195841204896 0.15940355999193792 -0.07072168637030879 -0.04206928438701103 0.057870077370302364 0.9949269684420359
25887049 0.4038378199776959 0.0360974691570679 0.13153994349945147 -0.07433408660047389 -0.035478228675060675 0.0627762492247499 0.9946229845487311
25937024 0.4569098925942569 0.040893484266053874 0.11380056396933556 -0.0768563510087622 -0.040853981025247385 0.0641572390955307 0.9941367623298344
25986999 0.4072586224760424 0.03163089127005929 0.09735833456060435 -0.0792113654782714 -0.03997765009117525 0.06683491182480801 0.9938110693857387
26036974 0.46184196503513425 0.04762570171678095 0.07890639634896683 -0.07696615250152666 -0.045287937580085466 0.06854976588463425 0.9936428652569372
26086949 0.4086912421987474 0.039157303658750475 0.05857440539706058 -0.07756547871726385 -0.04274448142735345 0.07203727265702661 0.993462197150453
26136924 0.46131999518843186 0.048922342424256735 0.04634967259790922 -0.07662102956740668 -0.046206596319303274 0.07262929348612095 0.9933373817652905
26186899 0.4081036615344612 0.034921488600460085 0.021269128987526347 -0.07864686662549396 -0.041076466244510716 0.07298992312768134 0.9933780073127603
26236874 0.4639932960774341 0.04325949207239971 0.019314543576291594 -0.07712066687731471 -0.042110367682698296 0.07437638491234953 0.9933515354804644
26286849 0.416655094067272 0.03257713980738902 0.007330434741292666 -0.07649892760886542 -0.035308224479718105 0.07630497085028284 0.9935183917685273
26336824 0.47805454256405405 0.04397142422010188 0.008387639636468576 -0.07511573489327145 -0.034812006883908765 0.07823081356030735 0.9934916659730221
26386799 0.4359329380848105 0.031258582794064224 -0.003617559258931783 -0.07384151370574538 -0.025961773708214977 0.08034322997086156 0.9936892786768996
26436774 0.5053955385400656 0.042752687322896464 -0.006713429679650665 -0.07187738586829656 -0.026691908749489606 0.08361788676416404 0.9935437747885819
26486749 0.4769987859694286 0.031516644806711805 -0.019847942272795526 -0.07090527138688318 -0.020000172291805778 0.08577930695135925 0.9935866072450832
26536724 0.5486878978975227 0.03997664144386346 -0.019509841304367177 -0.07258606034624725 -0.020503701525221935 0.08633541447606524 0.9934067939542298
26586699 0.526391219051652 0.0233189187257191 -0.03837094067650273 -0.07482269905861247 -0.01523714000158323 0.08728439160651166 0.9932526507651703
26636674 0.5920739737806636 0.034197753062592984 -0.03442623433402874 -0.07450730929858483 -0.0130516829524386 0.08576712935384533 0.993439637801711
26686649 0.5379970741828959 0.017712220126940396 -0.060233157805976864 -0.07403085351970588 0.0007138098959242127 0.08593256222566753 0.9935464347235655
26736624 0.6017899896967553 0.02578461855886932 -0.05217531293669203 -0.06852309228880368 0.004577895327061716 0.08289413811997019 0.9941892126566763
26786599 0.5696450823700782 0.0007558028221988303 -0.07186054796935917 -0.06882234156799263 0.012435765910134042 0.07941319401157806 0.9943854291190143
26836574 0.654058513383041 -0.0022191879674512394 -0.0662298317502574 -0.06569168254938529 0.00875103415503036 0.07839843726838669 0.9947168980563882
26886549 0.6043406954645949 -0.016753418754362585 -0.05607568901378887 -0.0629007906610187 0.01826396902671328 0.07335121112953469 0.9951530122526085
26936524 0.6714925812318174 -0.009821076523049215 -0.038437341866808875 -0.054058715233530764 0.013571618177357478 0.07705687570778878 0.99546758078478
26986499 0.6298132026065925 -0.03430441146085849 -0.04329649414103079 -0.05107690589638483 0.019064797987100736 0.07318990889061788 0.9958267522005754
27036474 0.6839072640926702 -0.029124352686158015 -0.042264197940476346 -0.04307429127418263 0.015824646218295733 0.0741271066139683 0.99619243024043
27086449 0.6279243975073641 -0.04381875124876596 -0.04198788422566747 -0.03969986650261989 0.020700023777177782 0.068094683804341 0.9966737398230604
27136424 0.677215824446911 -0.04038883994170562 -0.04033119975593886 -0.03241455937922805 0.015279421947708309 0.0678161543146661 0.9970540631375833
27186399 0.6099339978131766 -0.061811646963152236 -0.029720715955929795 -0.03244579249659832 0.019119674743659252 0.0614936477709554 0.9973967314317739
27236374 0.6501138158248588 -0.057078286694838436 -0.023212789066023854 -0.026128562468203855 0.011181472092063955 0.06342397717611506 0.9975819124384538
27286349 0.5867126683623327 -0.06890673420506287 -0.018278800374527598 -0.02196605595434415 0.008150615158533993 0.059418631212905824 0.9979581585032175
27336324 0.6236762640763895 -0.061366521685249545 -0.019241139942928972 -0.01903880405418421 -0.001753691972617749 0.060149761684689315 0.99800623979709
27386299 0.5597379447924467 -0.08099530660753301 -0.01746118320845494 -0.020287252955652698 -0.004112909185332112 0.05795549631145915 0.9981045395111872
27436274 0.6031951052065034 -0.07120810145597228 -0.01581857230678076 -0.01920832732942449 -0.014716200022590121 0.06139479542415181 0.997820200593738
27486249 0.5317371085719583 -0.09256578266027075 -0.004785553743493708 -0.02401255047847805 -0.015398180982660995 0.06080159421857075 0.9977421809177078
27536224 0.5741820403765663 -0.07031344939170474 -0.008484092854123847 -0.020592037416552057 -0.025134554852959005 0.06480021956013345 0.997369116071045
27586199 0.5068285223335178 -0.09330428847367427 -0.005488601751151706 -0.025471114196425206 -0.02545235370967191 0.06074374734098098 0.9975036827958108
27636174 0.5582081469004992 -0.06942355240097947 -0.0043456154065994925 -0.023578337238514564 -0.035917765524118975 0.05998216684347315 0.9972743432945536
27686149 0.4947232301210617 -0.08935931334140851 0.014649940752924017 -0.031086729518092705 -0.03652792435966668 0.05397092416392444 0.9973898261636397
27736124 0.5481255917630967 -0.07503134243399295 0.012942370986183997 -0.0334997131179503 -0.04739751385207207 0.05128529178836074 0.996996019925777
27786099 0.46913706323471327 -0.07876840934388979 0.02175543898767668 -0.03752201284498666 -0.04345279934247766 0.04566747746919933 0.9973055872113438
27836074 0.535967303762308 -0.07211936078337444 0.014819679378113935 -0.039744360110314694 -0.06066829683094529 0.04664954799199877 0.9962748432391516
27886049 0.468403364582931 -0.06322320824916709 0.010011246513260309 -0.03980056221737164 -0.064200807813664 0.04974420377229912 0.9959014437755948
27936024 0.4988648499779046 -0.06953797312546449 -0.009501151373836164 -0.052176948503265826 -0.06992764037391645 0.05435832127513023 0.9947023997481726
27985999 0.41988126479636007 -0.06739400346814702 -0.009555960721722346 -0.054832506327414675 -0.06505136544289371 0.05071982793114152 0.9950825167585373
28035974 0.4589300873145828 -0.04928258269042459 -0.012325877268382248 -0.057832037148391954 -0.07153017916198398 0.052498466820566234 0.994375582931224
28085949 0.3936978030214142 -0.05298491647335721 -0.004444741888882932 -0.0633419197714352 -0.06884296300218393 0.05014437409033785 0.9943510393175224
28135924 0.42849789948209516 -0.043638004621933915 -0.010880855689658022 -0.06771893050654602 -0.0727092890367363 0.05232040903830268 0.9936750376943594
28185899 0.35078508794279706 -0.04790265006046651 -0.01917922490190417 -0.07081405895698642 -0.06606765340113475 0.05245279862643606 0.9939160619209041
28235874 0.3969784832983738 -0.04778406232667949 -0.031962275951619705 -0.07839463665786264 -0.06965469153619126 0.05844640661700616 0.9927671038284052
28285849 0.3098099605356598 -0.04855859193872978 -0.040782118794315696 -0.08318688139679728 -0.05472189630694017 0.059482916529514 0.9932508441824706
28335824 0.31265029513701514 -0.03289744063205431 -0.03437269383299516 -0.08601037663626764 -0.037531643561098754 0.057690077621111564 0.9939142044394778
28385799 0.23247583610598146 -0.03411348558645979 -0.025224916832092003 -0.08885312029250313 -0.019275198169903404 0.057336863203759025 0.9942062531827842
28435774 0.3262691115677201 -0.016601283878194806 -0.028484572664808475 -0.0916046223854411 -0.031530653009409486 0.055884153526536605 0.9937260047231548
28485749 0.29004726746082965 -0.024396320944270227 -0.03423947055760065 -0.09854147558352588 -0.02826600991775663 0.058074632575426825 0.9930347160720918
28535724 0.3552752480242108 -0.0072020400762873 -0.03619924864098714 -0.10139780294003564 -0.02878888805598533 0.05412679983554404 0.9929551727157659
28585699 0.3142916519740637 -0.01838796924261561 -0.04646765005005606 -0.1065415221440834 -0.023135161776746068 0.05682505820131598 0.9924135131633399
28635674 0.38786561958107346 -0.009533471829575474 -0.04281776185876945 -0.10794788891590092 -0.024493385574624476 0.0561431133092618 0.9922677452026929
28685649 0.34991893630510246 -0.007064534945435488 -0.04687677844266503 -0.10434220916068651 -0.01691708318749212 0.06298921656068367 0.9924005614070189
28735624 0.4222692360391715 0.0016681786575453706 -0.049046668920334296 -0.10529180878220668 -0.01717351941888381 0.062341426979134903 0.9923367632595024
28785599 0.39972879698361596 0.002672380453978116 -0.059718565974411005 -0.10154075378574133 -0.013874578489203001 0.06615839013372295 0.9925321348990593
28835574 0.47432346182355717 0.005778913857083179 -0.05577043063963465 -0.10324238097797898 -0.013361376840617518 0.0641534930574036 0.9924952461888442
28885549 0.4427067136250753 -0.00945338029105731 -0.06402735807789849 -0.1007572967018012 -0.007844164709160297 0.06869982925152339 0.9925052995839229
28935524 0.5191135079101393 -0.004874640134373967 -0.07134056415192783 -0.09785948857907209 -0.01057915005340841 0.06810026089254007 0.9928111384072793
28985499 0.46757039893382485 -0.02593157107955494 -0.08000076639304443 -0.09719611719028387 -0.0011486724032653784 0.07199838436650348 0.9926569538382612
29035474 0.5109524257754879 -0.027840103894986656 -0.07758427690569998 -0.09656909627188007 0.0035729974376593767 0.07029583698520875 0.9928343963809331
29085449 0.46196880272230045 -0.04794568556020558 -0.0907416990740013 -0.09332082328851385 0.007804157023881477 0.06789006114594694 0.9932881045655888
29135424 0.5344200367581337 -0.045231658850037416 -0.09298766441670578 -0.08641615778149844 -0.00041951832098604185 0.06790177596373041 0.9939423627653833
29185399 0.47336910749010275 -0.04510495176311566 -0.09801200457882553 -0.07289328927258647 -0.0013901304014271752 0.06807846624482976 0.9950125418054999
29235374 0.5139382163408261 -0.03194019326311403 -0.08423507869453332 -0.0623817482065961 -0.007561516076503462 0.06913911127453738 0.9956259961740055
29285349 0.4378455431788119 -0.05462000680247529 -0.08079865549891677 -0.05831294379630795 -0.00411855801034608 0.06465754071780708 0.996193776578658
29335324 0.482805200010714 -0.04795746821483259 -0.07399623838800681 -0.05312237673441677 -0.010892276311036174 0.06368402534021496 0.996495718166073
29385299 0.40930411071225853 -0.0670606494017086 -0.06992190636783646 -0.052028380640776584 -0.008298307723478655 0.05860508473594595 0.9968899787538831
29435274 0.46124066771594224 -0.04903053246657086 -0.06488124586454333 -0.04555128893840643 -0.01835288703881409 0.06094784239539782 0.9969321000553327
29485249 0.38272825246609626 -0.07170189504304937 -0.06341233695390901 -0.04612330013077436 -0.01890266928503674 0.05851079748003687 0.9970415321626261
29535224 0.42271768820426026 -0.0633271577567823 -0.0683456948738342 -0.042879707049981404 -0.029563865700974724 0.059894139559600254 0.9968450233684962
29585199 0.3478854010478413 -0.08612399193713495 -0.07289287659912623 -0.04560148313215216 -0.030829455346439657 0.055352885561137405 0.9969483976010219
29635174 0.3670786722436133 -0.07462305212906402 -0.07616385957166674 -0.04255432180543697 -0.03314154042701942 0.057504207619348255 0.9968871722014857
29685149 0.29677012428976823 -0.08164708563751877 -0.07203512547395159 -0.04251813133920368 -0.032765860766807056 0.05403772498114424 0.9970950461989543
29735124 0.3432940743191391 -0.06458884638506779 -0.07605894683275836 -0.04128041093295395 -0.04327448373041303 0.052938737958423944 0.9968052652120383
29785099 0.25186082078599453 -0.0790788104247824 -0.07031034551662702 -0.04506159335147904 -0.038177372424841365 0.04571752516331415 0.9972070241089874
29835074 0.30536408046664926 -0.06712968675347161 -0.07703680002785634 -0.04597989779794913 -0.05313661271386908 0.04624589171706419 0.9964555518873284
29885049 0.2322750340857438 -0.07196965168193296 -0.0792170492042328 -0.04762577400031235 -0.05259993936086555 0.037485952535871156 0.996774716469365
29935024 0.2801178820402138 -0.06741237004623914 -0.08304250996664499 -0.050856038932829715 -0.06428875170703897 0.03704345805230876 0.995945983436622
29984999 0.22933227194591038 -0.06333247563608355 -0.09929488954273323 -0.05162181182734652 -0.07123412945631938 0.02635591798143462 0.9957741977635384
30034974 0.2628181807419518 -0.06503291016017743 -0.0822246915598474 -0.05625045012945253 -0.08061849255072741 0.028803627394260768 0.9947396124453951
30084949 0.2150860823243004 -0.06772194684456612 -0.08781487770526705 -0.06042921004793037 -0.09084127317177347 0.020482758023782154 0.9938192140853654
30134924 0.25035167098305156 -0.06679646731711697 -0.0662284018562156 -0.06800145774792907 -0.09998282827242042 0.023250820581714945 0.9923903642907267
30184899 0.16051074694443845 -0.06583526909745151 -0.08163236320772146 -0.07323580266613627 -0.08973734841692928 0.019312870924816837 0.9930814359978676
30234874 0.18636169476546435 -0.053049536520673284 -0.08679147319277677 -0.07377594947954862 -0.0933102352672806 0.01714984681472166 0.9927518280149311
30284849 0.11514447174164621 -0.0576963262617053 -0.11215899881940733 -0.08168635889436805 -0.08712577377539803 0.017178217701830877 0.9926939846454229
30334824 0.18520950586259016 -0.06201992025514714 -0.11401361182152583 -0.08759585049556488 -0.09702936408193147 0.016938309110585872 0.9912746154150669
30384799 0.1282673228135705 -0.05930893371009779 -0.13473606426211007 -0.09096126408096726 -0.08928728583861409 0.013522541986060715 0.9917514657829357
30434774 0.19269068826445818 -0.0552252597097018 -0.12588500936044097 -0.09379634085412286 -0.09604526233830928 0.015344356357711062 0.9908289987443395
30484749 0.13548987125836418 -0.055784129265886176 -0.14738538452098965 -0.09690159238441792 -0.08873023741978284 0.014298538658273487 0.9912278134480644
30534724 0.2047258656862484 -0.05024409367209763 -0.13408034257165505 -0.09985674473022607 -0.09585747844675953 0.016417709881787337 0.9902375640016637
30584699 0.14652088799904156 -0.05026613656362189 -0.16148030276886696 -0.10215914389090353 -0.08470592879839711 0.01688583972647416 0.9910112428033349
30634674 0.21728108330223353 -0.03996723046866849 -0.15708273201714754 -0.10446955867429823 -0.0888781435858203 0.018476846350478675 0.990376389587351
30684649 0.17493068028970438 -0.04299479073677591 -0.18555340823537309 -0.10771207990451792 -0.08318624917601702 0.020062377173803613 0.9904926333965359
30734624 0.23568417590745636 -0.048223613147689914 -0.18197439721547345 -0.11622360147991413 -0.07804203690289643 0.023613508806299848 0.989870656771348
30784599 0.11006175723189049 -0.04410057308106037 -0.1870058027881551 -0.1152232328096612 -0.04113701841139446 0.025021084451373958 0.9921720101222311
30834574 0.15544407066829918 -0.047444420506707934 -0.21050130139218873 -0.119831115901208 -0.026957821415970678 0.030595802284172094 0.9919564891712558
30884549 0.13041164772365782 -0.045090252072052445 -0.2157990197181065 -0.11700099699937452 -0.023867715353043124 0.030174760860134365 0.9923863071768031
30934524 0.24482496415006566 -0.05779477646786007 -0.2670983857747147 -0.12666418865534076 -0.02713345517335765 0.04498200115456624 0.9905536726976334
30984499 0.21203124833879552 -0.07526145763852429 -0.29621188517931407 -0.13245466370111925 -0.012438052528269957 0.0497238880249199 0.9898629156973265
31034474 0.32544591601845013 -0.08367017834566053 -0.3116372253136868 -0.13701764468570876 -0.017128169270105444 0.056916111477723304 0.9887837716692618
31084449 0.29120893622957755 -0.11393231403130469 -0.31666044640589275 -0.13940071487708858 -0.009977301742313845 0.059622640644171096 0.9883891110611829
31134424 0.3654560747956959 -0.09983943607296994 -0.2998965970685038 -0.1322774579282929 -0.012476543368618906 0.06394536058744113 0.9890692598847372
31184399 0.3369535763860761 -0.1022358745385849 -0.2855906807692263 -0.12178858083644256 -0.012735147588479647 0.06531764076045848 0.9903226562081838
31234374 0.4307806842445513 -0.08476734961519058 -0.23281407407851185 -0.11343245149209469 -0.022397108136471583 0.06674806099118429 0.9910480033023294
31284349 0.37893502337883295 -0.11020935747684611 -0.22464510429560547 -0.11169082709334044 -0.014825300271563927 0.06538466001393067 0.9914788025217313
31334324 0.4457436817772572 -0.0959552859807291 -0.2028395410871112 -0.10464232358424679 -0.017373511605708238 0.06736473504175497 0.9920736553714802
31384299 0.3996422403193332 -0.11545602211044054 -0.1973138163557013 -0.10003794994660266 -0.016537603699183723 0.06282256081303428 0.9928606357829192
31434274 0.44099387159416686 -0.10213898833970965 -0.1842336035301513 -0.0887721493196321 -0.01542031556616191 0.06948084048649618 0.9935059799408874
31484249 0.37673999127360497 -0.11186682953948991 -0.1810910325768707 -0.08005512097107907 -0.01201638297411633 0.06909713055921934 0.994320054456817
31534224 0.42574758919021577 -0.10241592463038048 -0.17412412257918233 -0.07040300738454457 -0.01398652154179317 0.07747680503023834 0.9944069279971249
31584199 0.3861018989337485 -0.10147999394634584 -0.16771814141390287 -0.05707361120736835 -0.0193133211569064 0.07174520670596768 0.9956014382494424
31634174 0.45168068786273835 -0.09122516475340608 -0.15359326247184396 -0.045666028697917346 -0.0335874374026748 0.0711414709668471 0.9958541002478001
31684149 0.3841006360923268 -0.0853309121590595 -0.13878996122833714 -0.03188101088441165 -0.03591644648464621 0.06347065988119041 0.9968275103302224
31734124 0.43978143573720524 -0.07711663030608878 -0.14763429277918969 -0.026010014587753708 -0.0447182378813772 0.06762474202505603 0.9963687332549
31784099 0.3566306315657551 -0.08321510806207072 -0.14183278729564455 -0.020595039727820175 -0.04187287434969944 0.06213648231787552 0.9969762104972537
31834074 0.37349132138562346 -0.08602509330060619 -0.15869123344057798 -0.021568604295975183 -0.04146600782045961 0.06806832991063454 0.9965852035663254
31884049 0.3320470450339963 -0.08071542070365273 -0.13627064603456865 -0.015555366970866681 -0.0528742411808813 0.061487258067782026 0.9965850000242096
31934024 0.39219485338153015 -0.06940868526254693 -0.14943925168201805 -0.014932755386049504 -0.06676316808689418 0.06458373364326492 0.9955644798566677
31983999 0.33151508891576154 -0.06812613452279279 -0.14873729521401588 -0.013454449870687325 -0.0684436171719278 0.058516373923144197 0.9958465157994913
32033974 0.3660052025231559 -0.059890299439397734 -0.16019752001645843 -0.018427183132924456 -0.07084334300083538 0.06288365086512643 0.9953327615064846
32083949 0.30643399845764396 -0.0627682047325563 -0.15517570774299835 -0.022591130663560832 -0.07081884755242777 0.057095926887658036 0.9955975023971921
32133924 0.36342655541112845 -0.05892950042608562 -0.16740721244497725 -0.030984010627542448 -0.07829777761572713 0.05983228187091621 0.9946504648126344
32183899 0.3016714683003699 -0.06331613204419966 -0.16062342759485748 -0.03671597710430519 -0.07756085092804137 0.053666973516714164 0.9948648689053958
32233874 0.32545587807129417 -0.057650292529308304 -0.1588232476204297 -0.04283489539536199 -0.0772719887992388 0.05278675782600103 0.9946897856526415
32283849 0.2686909150489227 -0.05870887267077294 -0.15868958548836204 -0.047920952470534406 -0.07460754558228402 0.045911634550610696 0.9950022202333999
32333824 0.3171992473839422 -0.055702240267824596 -0.1640356346039458 -0.05322648410098919 -0.08117523461793778 0.04216698560557005 0.9943839640701722
32383799 0.26782070613872816 -0.05877270930302251 -0.16862998473303173 -0.05918070098826122 -0.0826466460684737 0.03547803973645987 0.9941873491553936
32433774 0.3324589302882153 -0.059902745354083096 -0.17481770965476115 -0.06687578030793061 -0.0951935929203122 0.02965581758106822 0.9927670131298307
32483749 0.2726536514763621 -0.0576741473372786 -0.18353620327982842 -0.07437918254603072 -0.09580379194455771 0.024065871253733873 0.9923256544570572
32533724 0.32501605516141185 -0.04652052311686099 -0.16259812900055925 -0.07922883787592792 -0.10501921603146093 0.01639590701600012 0.9911735114227427
32583699 0.2723956005153826 -0.05203411133182516 -0.17115543407961908 -0.08897472519198744 -0.10253712163514558 0.013548311564812412 0.9906493225241375
32633674 0.3458896112080553 -0.050146028954546104 -0.15767233109513012 -0.09733899288860952 -0.1117330345417066 0.015156219236888303 0.9888433336347959
32683649 0.28590113000915335 -0.052266596101105865 -0.1763032563603987 -0.10155017910694783 -0.0987518472979417 0.01546134469570367 0.9897962318572401
32733624 0.3556163432278933 -0.04470350436928373 -0.1873929467391462 -0.10373557281710842 -0.09659935689011237 0.013793720343919538 0.9898066621617561
32783599 0.28127423027008397 -0.05135903432046348 -0.17696831094988555 -0.10942819262346516 -0.0835994143532565 0.016387874835506556 0.9903373395653271
32833574 0.33614817813327713 -0.03754974393354698 -0.15965965568343254 -0.10925301802927948 -0.08148292947880566 0.013335891628402926 0.9905788531204982
32883549 0.28316932792030997 -0.04297090827307952 -0.15430166678735963 -0.11171244691866089 -0.07173637060229393 0.01434250609391391 0.9910441538373563
32933524 0.35553179431356324 -0.026690290814928526 -0.13620617174347407 -0.10890964643884771 -0.07414149685893158 0.010630759730784181 0.9912258644242636
32983499 0.30955395701405813 -0.03835573704733548 -0.12719104568863532 -0.11411607805923231 -0.06549018257363524 0.015342489458647779 0.9911877545309276
33033474 0.3660846718448765 -0.03856998135502609 -0.11390379474186417 -0.11839098347000938 -0.06070983905761557 0.014843371328188141 0.9909982668008133
33083449 0.31427380911887765 -0.037755291964261486 -0.08383535735318562 -0.11643176911969906 -0.052748707331571235 0.016401368072762143 0.9916613394399557
33133424 0.36773635838107405 -0.03120081675301687 -0.0640326193683172 -0.11663678541317724 -0.04989882308766693 0.016571439704316595 0.9917819090551473
33183399 0.33733317893142106 -0.032741784356450296 -0.05822722093957075 -0.11267820997409032 -0.05189119767139602 0.019525594162457503 0.9920835024199657
33233374 0.4194072901882899 -0.02365847772764227 -0.03574147109846122 -0.11119393096101499 -0.061274097031668515 0.01857178351291692 0.9917340790794376
33283349 0.3537795902342564 -0.034595039599589934 -0.027740941700823033 -0.11022247324833111 -0.05425165548389272 0.022470882429185886 0.9921707633825598
33333324 0.4026331468208711 -0.02699051500844391 -0.005300818799114924 -0.10836219030636697 -0.05797493179471117 0.01926439340785752 0.992232546403328
33383299 0.3541272515126252 -0.025052443249018626 -0.00634608756781516 -0.10534472401547364 -0.054861613991517386 0.021878095102073888 0.9926802311857802
33433274 0.40677369756560877 -0.015733557500889832 0.023838718119865796 -0.10563073301603763 -0.058121962459283846 0.015825014015541435 0.9925792435134759
33483249 0.36207041331794776 -0.02495325275136287 0.02229450683063034 -0.10994560688834105 -0.05573765320396341 0.01981651466093801 0.9921756816652794
33533224 0.4048895685772768 -0.020497548880759272 0.04993148511006331 -0.11319095455035376 -0.054607336260243125 0.020771988924446556 0.9918540069539786
33583199 0.3552441719683146 -0.027860066623144074 0.052166119859784955 -0.11495020065644661 -0.050725482119196676 0.02253022646553337 0.991819421935379
33633174 0.4093453667334026 -0.009909364578865295 0.07553197080326055 -0.11252271024381848 -0.05431382587379839 0.02086013073325012 0.9919443043559089
33683149 0.35542116244485694 -0.0059100688281248205 0.06996015147124554 -0.11091407223794131 -0.04951707094061813 0.021837182141011893 0.9923554130155178
33733124 0.420954577233083 -0.022418840808123616 0.024920782310287905 -0.12014374761289671 -0.0463964488736734 0.01868597648767325 0.991495680133879
33783099 0.3319061757685202 -0.0394545439266733 0.00218822300731413 -0.12872066377168354 -0.023346478700213377 0.020444866274944934 0.9911952078644637
33833074 0.3156587541547338 -0.01643229237759246 0.16006302576918227 -0.12856152346213526 -0.028565167654237635 0.018223914856349905 0.9911225226021698
33883049 0.3004079406339446 -0.015998781080853484 0.11319143847219118 -0.12773486630513434 -0.032847189184417855 0.02035455051173882 0.9910552751315931
33933024 0.3810964727020457 -0.020748648005717626 0.057019258778610804 -0.13238633014205228 -0.03608359044444107 0.021809032979298225 0.9903010654203424
33982999 0.32592943119699747 -0.02866272580657069 0.01941389655962272 -0.13490601703825786 -0.024227458623645278 0.025254502668688315 0.9902401763766556
34032974 0.33377509672545597 -0.00017418820374189885 0.1714968429791215 -0.12962668652207687 -0.036046360065988124 0.018828634670251105 0.9907285524217795
34082949 0.29810024779215755 -0.012683202729125393 0.12064007128103713 -0.1294661512863004 -0.032952079824474234 0.0217351447301313 0.9907977894555047
