#timestamp tx ty tz qx qy qz  qw
3178524.5335 0.0 0.0 0.0 0.0 0.0 0.0 1.0
3228603.036 -0.0038920734533772305 0.000745328069764462 -0.0020074154908636317 0.00014793796865225314 -6.701862512089663e-05 -0.0003226296116342952 0.9999999347664954
3278667.3614999996 0.025735431795636227 4.18558469927622e-05 0.00023104863953555578 -9.082641411353044e-05 -0.0015363240825682176 -0.000641799741717151 0.9999986097750173
3328672.8200000003 -0.018525519499074477 -0.0036387808686106997 -0.002877159703603331 -5.116036928755976e-06 0.0013498515297996649 -0.0011542808493085355 0.9999984227539535
3378627.3395 0.02655074154206635 -0.001667205500603145 -0.0010262297242641693 -7.721956512144417e-05 -0.0016456336331175166 -0.0008689697199285336 0.9999982654078506
3428589.96 -0.020388902931851412 -0.005494093451795357 -0.0024611973938374427 0.0001634015294025398 0.001686313754944171 -0.0008995806057209842 0.9999981601986045
3478578.015 0.02608683307583032 0.00021367852214180678 -0.00038458885476145205 -4.926339226461805e-05 -0.001340965886016041 -0.0002912595523201087 0.9999990572752976
3528608.7755 -0.018759177717435495 -0.002996581637399607 -0.0017612938756777841 -0.00022513995081008134 0.0015724297961337127 -0.0009971823680971618 0.999998241200385
3578657.8735 0.029768206252600408 0.004584568473099147 0.0003375329740615898 -0.00016464290986679554 -0.0019907268690388907 3.7445979966767854e-05 0.9999980042465303
3628655.5429999996 -0.018021548384854213 0.0018610534114361665 0.0009147445356526276 -0.0002334528167975269 0.0012487285553638827 0.00030275971397765726 0.9999991472563029
3678614.8350000004 0.031588920673495745 0.0075108935200642185 0.0017580897426584144 -0.0003622497179892249 -0.0021866348908174435 0.0011971349715613694 0.9999968271303945
3728567.802 -0.016463179557249647 0.0024039835075047606 8.37836102960119e-06 -0.0003101328204763529 0.0009102123316136643 0.0007509078833712941 0.999999255733971
3778548.2775 0.031042538278069326 0.007236961192762433 0.001076902306725757 -8.823657207907849e-05 -0.0023409833074559557 0.0005557531346667588 0.9999971015707569
3828552.8630000004 -0.01868844666042662 0.0027868929110752834 -0.0007662440912293857 -1.8150511618045422e-05 0.0010454517983258848 -3.8563837857474586e-05 0.9999994526068134
3878586.181 0.028524461590498637 0.009788691181331221 0.0013751902391662984 0.00010220537114750878 -0.0019811213953337165 0.00011707929029793343 0.9999980255003101
3928615.6395 -0.017877833415330266 0.006021025679494016 0.0005134863881126709 -1.1894114156215615e-06 0.0008593938975242211 0.00017208748027473304 0.9999996159132328
3978617.2065 0.031148647711718134 0.010844741736319673 0.0016531962568685158 -0.00022177662612812962 -0.0023137215859014796 0.0006001312341775214 0.9999971186708755
4028587.999 -0.016178554069392462 0.007933513995193094 0.00022178227766795686 -0.00024474140201511394 0.0009088877864585846 0.0011685363557773782 0.9999988742730779
4078554.7205000003 0.03217057308762906 0.012502894074819845 0.0008711215568828252 -0.0003617980896262163 -0.0022492998416389393 0.0013336917201701203 0.9999965155033093
4128539.4155 -0.014888145343543303 0.008182730166492312 -0.0005363159774107385 -0.00039936152788455826 0.0008685058553095372 0.0007436489087408286 0.999999266596856
4178551.251 0.03228936878318859 0.012859322071603984 0.0013622291450307853 -0.00011465546173645417 -0.00221127230313978 0.0012037491919510274 0.9999968240533614
4228570.784 -0.016285192372253798 0.006784730774758251 0.00039577376028994974 -0.0003597536503362752 0.00059799475913424 0.000896150841870245 0.9999993549464158
4278589.8549999995 0.03220065640479899 0.011053925228813929 0.0021811898898921236 -0.00015381778860571973 -0.002513025506996158 0.0016473474401525958 0.9999954736344063
4328591.3135 -0.016301204514821026 0.005647635388931468 -0.00041058372761359417 -0.000282109028194479 0.0007828198824722638 0.0010715236063248566 0.999999079721921
4378576.1095 0.0307128823817975 0.010504788491469156 0.0013251450017799093 -6.295484606632931e-05 -0.0022144657515291294 0.0020568898413429013 0.9999954306807124
4428574.058999999 -0.017854811160722673 0.005217203072738452 0.0007126454997769831 -0.0002603029559209523 0.000684667088228195 0.0014078678640614423 0.9999987406899205
4478576.0785 0.0308521741338065 0.010215973465660635 0.0019208483398261216 8.15418595136547e-06 -0.0025433966851923263 0.0022470267459609645 0.9999942409522237
4528593.8875 -0.017418291805713006 0.003887395187688506 0.0009128603387416393 -0.00019276695625197754 0.0005116214706560061 0.0016995627792067123 0.9999984062840954
4578609.140000001 0.03008503862021155 0.007178752833931126 0.0016814869075514232 -0.00023255690072273698 -0.00250921419494724 0.002500986482900967 0.9999936973941506
4628619.721000001 -0.019195484283926686 0.001559722127902603 0.0007997723556896302 -6.173661751881681e-05 0.0009007618644481293 0.0014301528702225746 0.9999985697386878
4678609.2495 0.02967882671162239 0.0051097200534380325 0.0017495061770874236 -0.0002448931342118129 -0.002466441327938284 0.0020917466814898054 0.9999947406313441
4728611.830500001 -0.018497304456483444 0.0005790681425598544 -0.00024580304863484344 -0.0001818430498525455 0.0007845093737477673 0.0010923359628740505 0.999999079139722
4778624.064 0.03045061066473179 0.004343820181813773 0.0011686785667092978 -0.00020989225033880631 -0.0024522854916161265 0.0019983528544129806 0.9999949744008617
4828625.141000001 -0.017189958269694397 0.0013150248196926223 -0.0010333792789891457 -1.7339251441246226e-05 0.0006699177523461934 0.0011173519827132928 0.9999991512166909
4878626.7 0.030236285620236586 0.005630184565211372 0.00033330581194020983 -4.895688151208218e-05 -0.002495850755360938 0.0016421545071788894 0.9999955358204381
4928625.4215 -0.019134753181872508 0.0037528651594972333 -0.00012886512005623777 -0.0001645359907534413 0.000558311808576506 0.0011466380068773535 0.999999173218215
4978624.564 0.02924163473813424 0.009196157161672911 0.0002068122527267574 -0.0003531825808797785 -0.0025088066730204195 0.0021668863330220963 0.9999944428619401
5028615.1845 -0.01837645428972446 0.0062640892538687945 -0.0009148815957245376 -0.0004192574648334497 0.00039042936386494504 0.002124032730088385 0.9999975801335979
5078610.678 0.031108127150265914 0.009219495378879491 -4.78900892517115e-05 -0.0007195847519560615 -0.0031331850219661634 0.003002724565747463 0.9999903244504844
5128594.2415000005 -0.018519775335078044 0.005026077145209641 -0.0008356312059622381 -0.0005682839637585911 0.00016438442916345733 0.0029680709835949557 0.9999954202823793
5178582.966999999 0.02881426247281951 0.007312550777085336 0.0004747421113664131 -0.0007906899710105131 -0.0031059111414484066 0.0032475017092967414 0.9999895908748248
5228646.850000001 -0.021298118280450275 0.003450287311309555 0.00043086455644831547 -0.0005024359331559044 -4.880430825111373e-05 0.0025999293657616327 0.9999964927656324
5278616.550500001 0.028101510666562447 0.006324647989167923 3.0169033576209923e-05 -0.0007013187425331589 -0.00316086072328441 0.003243550892748626 0.9999894981894139
5328631.4120000005 -0.02075196182666686 0.002500474655422996 -0.0008570831017940886 -0.0007008383752291136 -0.00030437326506550636 0.0032694884011730658 0.9999943632981548
5378636.097499999 0.0264160210627877 0.006646715883276422 0.002298906272964544 -0.0010862904250831089 -0.003454835386563719 0.005644551905282874 0.9999775113068057
5428646.4375 -0.023002531428818918 0.0049231340749394835 0.002821583581457425 -0.0018148839012815607 -0.0005396163945396346 0.008905035026048325 0.9999585568221098
5478632.5275 0.026723209234698942 0.012227469701105382 0.005248149727184224 -0.00205396730614604 -0.003309494099951347 0.010013409624755628 0.9999422783815046
5528604.583 -0.0206960566479748 0.011339098964132816 0.006671204543571257 -0.0020302734780276092 0.0006547788865548267 0.011688964709973187 0.9999294061873684
5578574.7825 0.031045923511861345 0.015293024613817235 0.010025109773128274 -0.0025893854958082664 -0.002150853956610567 0.013078371695264103 0.9999088083939516
5628554.846 -0.014605870596819196 0.011300276590368098 0.011166790476515306 -0.0026179093288786824 0.0009456816398337731 0.01324464414639836 0.9999084116249933
5678540.094 0.039880516337846575 0.014266073453666555 0.01568470990686476 -0.0028265575207370047 -0.0003674968544424716 0.01547126504736597 0.9998762500812178
5728542.9555 -0.007119525139618415 0.009455678657643627 0.01575708066783494 -0.002528479929936313 0.0056191420162692894 0.015483946412698643 0.9998611300754389
5778557.607000001 0.04516148626914253 0.00913472373816992 0.023737289786062758 -0.0024536636939150574 0.004785484022377339 0.01657136553401851 0.9998482227425755
5828571.024499999 0.00043744327755950075 0.002899082624396518 0.020570812454922652 -0.002115680713848702 0.008724982296123009 0.019364785191604506 0.9997721758848525
5878578.6274999995 0.05153109338104217 -0.007264671750649552 0.022578704500467457 -0.0014612386186209547 0.005933756955135846 0.018032853672086332 0.9998187193179262
5928607.524499999 0.0018266309213033887 -0.015113118068493966 0.023205574896252353 -0.00023366429183207957 0.010633045883855677 0.017454454881756103 0.9997910910490306
5978727.998500001 0.06094131318076754 -0.034880470601392904 0.02909527763666554 -0.001946217689022867 0.006066092212799345 0.015996798152078436 0.9998517476160425
6028733.2385 0.010936505573610054 -0.04520977250725942 0.023239840398721585 -0.0012392553109405458 0.009161422992256196 0.016190663045517386 0.9998261823963093
6078829.494 0.06341880290060063 -0.06645768181700933 0.02721627531585308 -0.0040305513890167765 0.0053903617918366785 0.015704528218717415 0.9998540225696355
6128928.346 0.01381458897564185 -0.07676529124623445 0.02411756612670835 -0.0037528642273790477 0.008856584980284077 0.015275862711171458 0.9998370491890202
6179018.956499999 0.0622090723362361 -0.09300246784316196 0.034472032814154376 -0.004566550048378443 0.006827112729216457 0.014701104249240907 0.9998581972891412
6229072.273499999 0.010707724858366728 -0.09535061816553898 0.030832153162833192 -0.002780687248626179 0.00892659633891624 0.014968042898349927 0.9998442585463101
6279119.276000001 0.05185372596530287 -0.10387803776570263 0.040764282660032174 -0.0011578394443163896 0.006400218135000413 0.01532740131975458 0.9998613740836421
6329167.180500001 -0.020190916413765612 -0.10471733503826411 0.04518987934458732 7.78401919619183e-06 0.00973606813584342 0.017225065407043348 0.9998042338570018
6379216.467499999 0.02259055638339908 -0.11506242801165541 0.04841346744231182 -0.0001262533947801851 0.003348693413902137 0.017751086918577432 0.9998368212992104
6429278.266999999 -0.04507361539565281 -0.11769289486382145 0.05458870961790781 -0.0011034480407174415 0.006281897391959758 0.0150079441127379 0.9998670320503058
6479362.742 0.0003669352606140642 -0.11953130034035321 0.053014588601060474 -0.0012156016294990193 0.0008551531254055333 0.014073965478468587 0.9998998522459743
6529457.3835 -0.06520312884844173 -0.10837132386065729 0.06192551269637576 -0.0001162287261374941 0.0019322883911981812 0.013939383949498967 0.9999009682601396
6579518.13 -0.014721817727498315 -0.10920103321861456 0.055996014091446666 -0.0009709489837308777 -0.006699083209912325 0.015965652002644767 0.9998496274432211
6629534.926 -0.0630096592838837 -0.11594456967299462 0.059671719032592274 -0.00608435649164193 -0.008280560229279667 0.020046909440260524 0.9997462349767895
6679523.1215 -0.013860054691745073 -0.10261922862934743 0.05175438484629081 -0.005919916134178656 -0.012464513868986055 0.016070195343798405 0.999775644486595
6729487.6675 -0.07325470131239062 -0.09124650186422352 0.05954365717987084 -0.004047793430077869 -0.011059227816447692 0.01577533260461545 0.9998062050865982
6779444.472999999 -0.037188732392041256 -0.08430064417400647 0.0491182217959994 -0.004051606889687097 -0.013881658541337938 0.013834852325551152 0.9997997203934813
6829446.8434999995 -0.09545412523335674 -0.07210707626747173 0.05287278443240177 -0.0018448843288201195 -0.0121558425580664 0.013906935148090337 0.9998276996804518
6879478.687 -0.05681817323936074 -0.0554173781056555 0.042168209356587966 1.8396274874500065e-05 -0.014494443067290107 0.008687302883048968 0.999857210580773
6929488.9085 -0.11021774156012923 -0.04976285848302681 0.04813799226571518 -0.0015692659875969953 -0.01573737035412646 0.010898715009289146 0.999815528279964
6979444.6615 -0.07142903124448999 -0.03670541046991058 0.030869112857695093 -0.0011371094564682118 -0.019485157065049847 0.012652843525458278 0.9997294339904945
7029381.909 -0.13246358619570736 -0.02666966390014019 0.033115647410192836 -0.0026305818383618733 -0.016160339662719767 0.017030985586214915 0.9997208955459216
7079304.9915000005 -0.08000327426454386 -0.016279275405134037 0.019031697176797348 -0.005367846459364251 -0.021126437640024955 0.013903302608104635 0.9996657231463018
7129211.5515 -0.1344647231818707 0.0019155674539161913 0.024952531494244944 -0.005147004584699586 -0.017500948535204567 0.01286940928943255 0.9997507706667268
7179138.058000001 -0.08445869684359733 0.02136031890746824 0.02610348126623558 -0.003683889198772347 -0.018981865441659553 0.012865544431049248 0.9997302613761466
7229007.6095 -0.1267106511862059 0.03541224663647815 0.0321564940212907 -0.005860514098863404 -0.017119717927064914 0.015517486426536156 0.9997158482526908
7278922.7530000005 -0.07119990262311535 0.04991154901019594 0.0339375657972344 -0.004654688859698084 -0.018512981504991633 0.016571728488209467 0.9996804395417209
7328832.4005 -0.11654331344396437 0.06942055671242932 0.04064173410920669 -0.0013585102445335918 -0.013540878724287346 0.019622050888995185 0.9997148464298204
7378752.395 -0.033928718075911385 0.07107779793752382 0.04800169888304251 -0.0018276059196712068 -0.018644739376582127 0.019261285139286564 0.9996389530450306
7428689.441 -0.06121192865072742 0.0803971401196294 0.052787767907807565 -0.00018416960007610733 -0.014892966081601337 0.019335687475922486 0.9997021040453422
7478642.057999999 0.028003279605892367 0.08727382824464841 0.05817962733121864 -0.000582455164390616 -0.0164962736345755 0.015773959478036437 0.9997393239762753
7528566.682999999 0.014462290352752377 0.07606300363660949 0.061289587524275414 -0.005646886503118318 -0.01373539572709588 0.015113771705072884 0.9997754875380211
7578467.068 0.08209086224282368 0.06638165994386319 0.062436707763459325 -0.013018074427219025 -0.0047031052044590686 0.015454907061023794 0.9997847550284903
7628357.9395 0.07345031934546595 0.05593993897326297 0.052008874397074176 -0.01822925523361819 -0.0041090114069076275 0.020609262332593352 0.9996129593922799
7678280.6620000005 0.18213198047770524 0.07041587500374394 0.06841609060911982 -0.014903020467177381 -0.011256724925500677 0.026456295093150332 0.999475487730865
7728245.4185 0.15756735135354516 0.0745558489258163 0.06215380807594377 -0.010685445068240554 -0.005280283539254186 0.02410729736744816 0.9996383236366422
7778230.0435 0.24558467762998015 0.0709717797869426 0.0672417550085942 -0.006490059644541612 -0.005082829948629391 0.022201494276918976 0.9997195294768406
7828216.874500001 0.22237909718074417 0.07156417225414877 0.08143925236008777 -0.0018526158033194363 -0.005025645870722797 0.02915485551546525 0.9995605559935524
7878206.262499999 0.3157877215951115 0.057518271183333136 0.08068011024346998 -0.005812184336443302 -0.010942784177633497 0.036203408448015555 0.9992676254159478
7928221.5455 0.29843696668347297 0.0249729877256656 0.07274003074458998 -0.008420092567919401 -0.012281933075969793 0.039306756162238055 0.9991162270131876
7978282.541999999 0.37539305536051126 0.0016125564872086385 0.07589981943393627 -0.010257788460663915 -0.0157341017978929 0.03947605278880365 0.9990439715411555
8028407.920500001 0.3417520893002514 -0.02990576897927313 0.07035402402791587 -0.011182951047337297 -0.013332781619463632 0.037440576912997715 0.9991473273449628
8078567.613499999 0.40935488409106907 -0.03851547840931015 0.07607607238911715 -0.005176549601348621 -0.01531790783032525 0.03334641602418539 0.9993130548393072
8128697.413000001 0.3624109623551918 -0.059106570712627454 0.06807769429474785 -0.004590187627950349 -0.012804504327124292 0.034643079433871626 0.9993071759443215
8178746.090499999 0.4204218641667575 -0.07628346974799871 0.07629273635877346 -0.004627130169546355 -0.014318292486575894 0.03445302257377591 0.9992930327997859
8228746.746 0.3747110011597923 -0.09606320425338367 0.07043931214545407 -0.004167754074559875 -0.011600190251746256 0.03548092394658322 0.9992943357429753
8278748.6255 0.43671845859301384 -0.11403861638756722 0.07985756160002744 -0.005350288923192918 -0.014771309401032894 0.03402400991452325 0.99929752805476
8328805.837 0.38161877502993113 -0.1427700082201261 0.07362520904626904 -0.0071892416293920115 -0.011974122155786353 0.0351957268901804 0.9992828408474071
8378824.4535 0.42657128954505763 -0.1574140102212613 0.07867321709116826 -0.006395767975865742 -0.01380972769587022 0.0367335103392195 0.9992092047169717
8428872.577499999 0.3532285588508513 -0.17599704950572198 0.07769883626393262 -0.005073241899613247 -0.010647120134426041 0.038325809634159914 0.999195693227987
8478924.241999999 0.38818972510188293 -0.1795445402911593 0.07605108308631955 -0.0027030599398901126 -0.01069247812720865 0.03714115998301921 0.9992491674320155
8528972.536999999 0.31391944102238317 -0.20123162237933018 0.07531484953966405 -0.0040689922378391655 -0.009575390925329679 0.03337902887115911 0.9993886109128991
8579001.152999999 0.3417766601246079 -0.21520011228994412 0.07975955511619578 -0.007806632745681435 -0.01198794951347004 0.03070205045000377 0.9994262002017968
8629033.557500001 0.2605926583824286 -0.22794263308613763 0.0787247170436693 -0.011243415116863921 -0.011054756402583053 0.030281795796950627 0.9994170254807054
8679100.551 0.28200637517957833 -0.20875298961013633 0.08211074527510134 -0.009003455493527851 -0.011522441775605394 0.027506728326502 0.9995146577321795
8729180.876500001 0.19750261140924366 -0.19485260821017342 0.08522638212499155 -0.007266960258980829 -0.0071517134322841465 0.029100518028763952 0.9995244890116671
8779247.777 0.22147157363222073 -0.16424703612637523 0.09720402799765625 -0.00382346734992745 -0.0067998772508479155 0.030137888544234152 0.9995153077571611
8829289.858000001 0.14977133750719426 -0.15299983093663994 0.09963392923990676 -0.005202665434445805 -0.0065692466727038865 0.03201697501612134 0.9994521952456492
8879311.245000001 0.18298619208937703 -0.13696223529313406 0.10338183734664964 -0.006770899829730884 -0.007791560311660528 0.02818079098363989 0.9995495433058543
8929343.4405 0.119106992596173 -0.12942317716089088 0.10289573883826239 -0.008963859911486419 -0.006636414432977523 0.029709960358620925 0.9994963358984614
8979391.1825 0.16922177879042108 -0.10958606913596303 0.10356400216468109 -0.008006741732046591 -0.010088161803073885 0.026221490901390306 0.9995731861615634
9029405.193500001 0.11354959795396095 -0.09538462581907092 0.1017156630837274 -0.009875828542956022 -0.01056426951829481 0.02743050368668606 0.9995191002115116
9079355.995000001 0.15797565985296583 -0.07073475740018038 0.10504685243835203 -0.010112298251209515 -0.01210074952001026 0.026671269925962932 0.9995198630570926
9129249.463 0.09285287175108813 -0.042373161761803835 0.10592103962323599 -0.007824786388634113 -0.008822789054999447 0.028776173417966178 0.9995163145015105
9179120.2335 0.13891805925997733 -0.018409047480565374 0.11169945749824112 -0.007349659688573574 -0.01003759204435306 0.02806789917634096 0.9995286000331557
9228981.421 0.08033769308467019 -0.002398964508723278 0.10581598022772895 -0.00790989301363884 -0.007378199321372847 0.030104726923635354 0.9994882196324978
9278870.468 0.13230564157003175 0.012874951117775731 0.1065055354964347 -0.010146644900270492 -0.010055934012451036 0.029447800895967286 0.9994642318816599
9328792.396499999 0.08087262920360909 0.02792719446411668 0.10418323763690203 -0.011812339842382199 -0.011335873175473618 0.028543713182639322 0.9994584648921359
9378716.740999999 0.149823725475332 0.04112661528665841 0.10250104948802356 -0.015565193006809874 -0.019700857150473816 0.026017072741807874 0.999346142695385
9428634.481 0.0998792239326106 0.0545151308916892 0.10464566679867189 -0.017057954797414888 -0.020599894507324704 0.022806373755096896 0.999382079007103
9478542.756 0.16742639599451142 0.05941512714655919 0.10097072611974943 -0.02360504828828455 -0.025447690991634263 0.017953303274575703 0.9992361560812505
9528449.311500002 0.13378492630868025 0.058550738057375123 0.0988015846111224 -0.0316266060474234 -0.028673389045435965 0.018487666721529565 0.9989173142606769
9578347.8365 0.223729028404765 0.03603945655793091 0.09872095180901454 -0.05078948412795748 -0.03769344007799056 0.01452782050148439 0.9978920659613341
9628240.252 0.19312580552279665 0.013072161405158364 0.10012160684489504 -0.06669554713142957 -0.04076264890684277 0.010482402715228054 0.9968852640501076
9678131.545 0.2624514672135513 0.022152426765701973 0.10099330343869078 -0.06740711214389296 -0.04123637680985025 0.007962909480152488 0.9968412283471364
9728035.117 0.25164646845476113 -0.002545729473470034 0.10203682214447621 -0.08215182239207322 -0.05051025591373698 0.010752613336364295 0.9952809520088429
9777956.366 0.3501603557241096 0.015499327679264723 0.08917591517129046 -0.07757894104552263 -0.05629544977525648 0.016544197496025138 0.9952580669203688
9827910.363499999 0.3273019321437545 -0.03252556051297649 0.05776699998422069 -0.09353044925607007 -0.04806500362022509 0.006136819661204466 0.9944365992527584
9877878.138500001 0.41399418239634 -0.01909289490200423 0.06082463845907554 -0.08885552104662957 -0.04961670976000431 0.005072538735373591 0.9947950280549765
9927844.579499999 0.3868179265262605 -0.03355655195184782 0.06199053861580456 -0.09469528159803552 -0.047160551382393764 0.0074979950390721495 0.9943603301151809
9977803.9805 0.478369087859949 -0.022415940639526972 0.06555226842800746 -0.09577216818924979 -0.05170584389205279 0.019274116971299375 0.9938725803254245
10027789.2285 0.43123372131987375 -0.030097098415264877 0.06183418302198878 -0.09358181850244535 -0.041674866147728744 0.011671919956725016 0.9946705057765954
10077799.529000001 0.5175811327307084 -0.03237498320259988 0.07395924533339478 -0.08878647145063334 -0.04699024242622621 0.004158808337120662 0.9949329544835097
10127815.0925 0.5129396854754188 -0.04061674869186872 0.08337757162405283 -0.08708276829064134 -0.05404403903594982 0.006516836561352089 0.9947127043286177
10177895.006000001 0.5979025536338654 -0.06224798304793532 0.09927468261793256 -0.08924350847288656 -0.06122349394887007 0.009383469728868547 0.9940821044963991
10227916.214 0.5601854560068544 -0.08749969474196671 0.08262036313185545 -0.09137152159015363 -0.058699507262784334 0.012616080481149684 0.9940052552188543
10278006.8555 0.6249141261106153 -0.10121667240340258 0.08004478309213849 -0.08844233104971479 -0.058516919594016725 0.011891163611723479 0.9942898593607798
10328091.041000001 0.607654861703246 -0.12973246923822015 0.07658333890648904 -0.09203826207152585 -0.06079203659569221 0.01230564068766631 0.9938218440991661
10378169.441 0.6863957213005428 -0.15886517244426304 0.08984104841434506 -0.09718309351895077 -0.06621475671791915 0.01208962477871424 0.9929878616073731
10428205.0045 0.6576410044718568 -0.17234381072037766 0.07398001251971711 -0.09699716171154417 -0.06433229905687338 0.010561450312342048 0.9931472004115309
10478230.813 0.7252439320308743 -0.1893833972823791 0.09400151319856062 -0.09758824977223148 -0.06749119569588186 0.011818242028551019 0.9928654496784987
10528251.920500001 0.6777729935338954 -0.19560912392971574 0.07975297194563963 -0.0953333558281198 -0.06415794340829274 0.012158892131143344 0.993301299156661
10578301.830500001 0.7204476084815508 -0.20728664693437518 0.09721026077681061 -0.09447167477410982 -0.06379924663338216 0.017089951485578715 0.9933341292599426
10628367.077 0.6694609425629946 -0.21898738316042735 0.08308245640979522 -0.09320399431224251 -0.060800650864087744 0.018358379884828226 0.993619276275753
10678441.367500002 0.7104521176685318 -0.23561068225535292 0.09964399095402346 -0.09319376877296338 -0.06108372340085051 0.022988556494009625 0.9935065306618279
10728598.5915 0.6589143911293969 -0.253551638844866 0.08710901472736624 -0.09404785135226776 -0.060062238582725705 0.020678870160970777 0.9935390850295318
10778554.9805 0.700456892244136 -0.26845493745324056 0.1029160366507592 -0.09518321038909784 -0.06242430969984794 0.02487430941326971 0.9931891213408125
10828601.701000001 0.6418785401868655 -0.2780097318484784 0.08999279692051422 -0.09650985632191433 -0.06040171039272478 0.019923974865517814 0.99329779836659
10878632.975000001 0.6762535585484674 -0.27691463633742874 0.1037847696727963 -0.09498101276730112 -0.060282826162127115 0.02283027098463274 0.9933898362729372
10928640.328 0.6190270322529984 -0.27853083644369175 0.0935012292094169 -0.09587906497982793 -0.05974152057902962 0.01783120088718808 0.9934385758024601
10978639.159000002 0.6526693672114591 -0.26540703946695376 0.10549990965922962 -0.09410924288649208 -0.05878039365436952 0.021102392795403987 0.993601028956531
11028633.880500002 0.5890226240803311 -0.24445911152225258 0.09208546174915366 -0.09207788185297199 -0.05630632639662697 0.017796491232513846 0.9939992687024461
11078608.1195 0.6313769699812791 -0.23253072145253317 0.10538544524362016 -0.09339285943059791 -0.05934697947719262 0.01859534686012112 0.9936850219810411
11128575.4725 0.546309054096284 -0.21197627056599783 0.09933076810248068 -0.09130532021895885 -0.053438572804132146 0.019393160445347724 0.9941989553224806
11178540.761 0.5822315260286347 -0.19414279092444342 0.09769213817835154 -0.08955960243762924 -0.05514561728025233 0.021696691453394444 0.994216924059317
11228522.1445 0.517305928548302 -0.18852090774540953 0.09228740864483312 -0.09233585187841478 -0.053825551347372276 0.019568572096259635 0.9940794593321765
11278485.3705 0.5624351900334176 -0.1737519313554629 0.09209717130834101 -0.0913495648699811 -0.05712847034604113 0.019479756266486237 0.9939879948821239
11328452.7935 0.49165356659630527 -0.1683245188980485 0.08723916666577065 -0.09112973732869956 -0.05362365483475084 0.016434059175255544 0.9942584152601325
11378406.893000001 0.534195655006022 -0.15433585495596758 0.08895803842890182 -0.08987514389586732 -0.055131818310470676 0.01594712992967139 0.9942980590177598
11428372.390999999 0.47220906256661194 -0.14560325939441243 0.08260057531445672 -0.09029204729190193 -0.05389752203313489 0.011197754713648674 0.9943927863796567
11478340.516 0.5171785720123646 -0.1310619401547807 0.08393514353512647 -0.08948556611129085 -0.05624839946876777 0.008806298460131695 0.9943595426818083
11528306.816499999 0.44536650861123805 -0.12098762047197797 0.08232316379084449 -0.08969457208270919 -0.05357761709199525 0.00586889637290346 0.9945098685991041
11578265.477500001 0.48105163076159 -0.0993470471980737 0.0785018001538404 -0.08627380041052456 -0.052726464246459596 0.002961610260880314 0.9948708359357281
11628234.554000001 0.41986161448320436 -0.08047762316581503 0.07664919334728422 -0.08455220972549013 -0.05262862533674725 0.0022001467179020035 0.9950257840780412
11678188.363000002 0.4765992275507317 -0.06940844813754363 0.070441271419431 -0.08609359481677879 -0.05766567880980143 0.001877413049316868 0.9946150198640534
11728125.621 0.4188696972974412 -0.0666756233034796 0.06341648719153783 -0.08746756770219202 -0.05899127836833456 -0.0022447756541287426 0.994416620264864
11778060.772000002 0.4736650903838255 -0.04671374670019425 0.05285669116368242 -0.08661899205862662 -0.06267457221527453 -0.0015586179967797312 0.994266875100604
11828011.3935 0.40848759472134066 -0.03948003031061529 0.04998405170762791 -0.08547653946510954 -0.06182504185497398 -0.00907200895217884 0.994378762873721
11877978.606 0.44558816650255156 -0.0012512204365165583 0.059694974565848144 -0.07476913881278972 -0.05989914745768357 -0.018692757507774185 0.9952247227796304
11927982.455 0.37547843077086845 0.016462417948538942 0.05926947127231716 -0.07200596881600722 -0.05128223106384881 -0.01971854303079565 0.995889779188804
11977888.5895 0.43627935818473385 0.05049740680315072 0.06591630892925279 -0.061316313637468395 -0.051985972094852055 -0.01751259418524994 0.9966097919608093
12027840.6225 0.41722608924626964 0.07798393980202174 0.06136398762991609 -0.05391844338742202 -0.055976655579729195 -0.01211600807010898 0.9969015085961254
12077794.252999999 0.509239114721405 0.07933742211538886 0.06597820767972216 -0.05438107255024437 -0.06522175763490157 -0.009261457132891672 0.9963448432601409
12127762.027 0.4923010250261568 0.07756804820954018 0.05706320439580048 -0.05840648471498297 -0.06734431336277465 -0.003481216742087023 0.9960127043019731
12177747.103500001 0.5774282526097222 0.06474709180446714 0.06812026784569075 -0.06193011338788103 -0.0728873090897173 -0.004493958016688351 0.9954053975997762
12227761.404 0.5461768828916611 0.05277202558773296 0.05826344424494615 -0.06562989058013581 -0.06892273807138885 -0.0030859270047007745 0.995456101841615
12277795.282499999 0.5981694628370859 0.0392054659860528 0.06944671555541952 -0.07071878201517004 -0.06251740687382482 -0.0012485336343156085 0.9955344639297162
12327829.5125 0.5767146917629727 0.016061728135176662 0.05135051715345213 -0.07778180433033437 -0.06176838293499754 0.0013338236324547047 0.9950542089249362
12377844.203 0.6756182123060948 5.6879464125906045e-05 0.06827730626740167 -0.08155991611077743 -0.07072125217810046 0.00018303309016277233 0.9941561502466565
12427834.223 0.6793296912545664 -0.029944250680595183 0.0562475303129919 -0.08890778410490587 -0.07633448312297425 -0.0027483948592261507 0.9931066906116389
12477845.014500001 0.7773000872374393 -0.04333904417400035 0.07699173358083433 -0.09105061696910294 -0.08440316761371117 -0.0014922085618433753 0.9922618927278852
12527866.1825 0.738619426766095 -0.05541792631823568 0.07073800043400337 -0.0905766318113054 -0.0779351140143874 -0.0007093845469391966 0.992835076206944
12577910.2765 0.811912283309891 -0.05687279667345263 0.0789033663007499 -0.08977091503531304 -0.08092146367078498 0.0009186657413866349 0.9926691571638337
12627940.7165 0.7758715873912111 -0.06937339548015664 0.07389890082923896 -0.08952885339998483 -0.07816509074850576 -0.0003128255406050285 0.992912234357772
12677943.7885 0.8306402880082586 -0.07396929218229185 0.08860384067767216 -0.08954592514468046 -0.08006914424674141 0.0024966576133365844 0.992755874387223
12727933.0055 0.7954776519761093 -0.08381714744622423 0.08063928845632617 -0.08877144825725063 -0.07828103687048658 0.0018540314819164416 0.9929694213862055
12777943.376 0.8537921254677505 -0.1016964302198412 0.08964096657569887 -0.0907329826087274 -0.08190234038475774 0.0035225382527341036 0.9924954026244562
12827976.124 0.8112281312478656 -0.11610684023897372 0.08761689607089791 -0.08988979868029949 -0.0783364475095088 0.0026854771641432523 0.9928625349448966
12878043.265500002 0.8753280353323545 -0.13838962823110154 0.1066983052325504 -0.09173784013213597 -0.08288216923453424 0.004174665913913412 0.9923191456761157
12928137.205000002 0.8249068891269066 -0.16088716534200623 0.09944445570634339 -0.0897535534215573 -0.077456748071388 0.006805046206206782 0.9929241880287439
12978233.531 0.8752955112377286 -0.16894074938063833 0.11299484159734269 -0.0865396033366519 -0.07780725913642417 0.007898775439915712 0.9931739710778581
13028311.370000001 0.8261153779353414 -0.19223470123885378 0.10913769126701503 -0.08703647004952382 -0.07416261971753937 0.010922310322077747 0.99338072351701
13078395.112000002 0.8669412224722828 -0.20119285598836495 0.14410054642148307 -0.084518664678836 -0.07215390807316852 0.013391272332219343 0.9937157957363864
13128390.465000002 0.8125303907205629 -0.20990671534176633 0.13273994273026343 -0.08293294695558348 -0.06861328748548685 0.01445628048096113 0.9940851870158574
13178411.2215 0.8494153382212284 -0.205862233773656 0.15381806529571876 -0.0792408922554506 -0.06676546371991728 0.013304615550208595 0.994528149955488
13228445.1625 0.7930436319097549 -0.19882157716949106 0.14251966882912076 -0.0742035562709191 -0.06363424970947061 0.007887792595973912 0.9951795301495223
13278477.4265 0.8324164103416672 -0.19137511040357708 0.15813101309501904 -0.069726378592697 -0.06575786794760545 0.005157676042778553 0.9953831088124666
13328507.5165 0.7671135137600319 -0.1975852812437225 0.1488717511268797 -0.07144649653542023 -0.06386202954035107 0.0058884984975881155 0.9953805126187902
13378524.904500002 0.8014988678088304 -0.19768096933615611 0.16970389884038636 -0.0732133785196493 -0.06624909176430353 0.005864330879322955 0.9950962107602868
13428536.648000002 0.7281973442728623 -0.1990924285981105 0.1580149883824474 -0.07585102821747726 -0.0625222194158185 0.005208343991841373 0.9951434402891548
13478527.229 0.7689601751703318 -0.19651703950453694 0.1737254428536881 -0.078522034281664 -0.06801097451737208 0.003727807249789051 0.9945827773144752
13528523.003000002 0.7101979946624635 -0.19206406995115738 0.15629530192956673 -0.08134129420420555 -0.06992011612162802 -0.0019336006281436967 0.9942288631936481
13578497.624 0.756085333919505 -0.1800448177687183 0.16191467132026635 -0.08240469912740951 -0.07706953328478688 -0.00556453770171339 0.9935989072664847
13628479.152 0.6824314271900672 -0.16521436798781655 0.1343775431373229 -0.0839290597961019 -0.07243943485467953 -0.008594739295501534 0.9937980537594745
13678460.5405 0.7138554063116023 -0.15632652836873281 0.13931420088754748 -0.08885423726389736 -0.07387909403542628 -0.005757709091206643 0.9932842759103644
13728419.832 0.6536896835188961 -0.133954927463731 0.12233100280240711 -0.08701486543016512 -0.07271543886734941 -0.008356484721907888 0.9935144927516617
13778382.414 0.6915917272828767 -0.12273966232884993 0.13167623504771844 -0.09017849689683977 -0.07376166586130767 -0.004616160005596804 0.9931796143767724
13828326.648500001 0.6390634593946454 -0.10364102921307418 0.11365260694786761 -0.09002398159894204 -0.07393583396703125 -0.006161680042182942 0.9931722956726747
13878277.5905 0.6819556468039365 -0.08865224907952737 0.12360381666641966 -0.09144915920856532 -0.0761491705067791 -0.00237947080584 0.9928910782305681
13928213.645000001 0.6323478285451762 -0.07017663136242988 0.10680484749419805 -0.09054520008861612 -0.0747737421411495 -0.00197612787543129 0.9930793267135014
13978134.030000001 0.678323181235571 -0.05782946504068822 0.11391364588480153 -0.09288383124019171 -0.0757829983307157 -0.0011729530086382078 0.992788071664537
14028052.479500001 0.6165965377357505 -0.04173451947180883 0.09663213298756887 -0.09095647670383092 -0.07243669760602951 -0.0063044334303571075 0.9931969081227953
14077990.640500002 0.6653817595525681 -0.03299240442020672 0.10742009435423075 -0.09099007726656366 -0.0759104932031024 -0.0072018698057872785 0.9929282632355607
14127962.914500002 0.622167684546376 -0.02870341197003618 0.0898352052375116 -0.09071539198958672 -0.07716975112258051 -0.011603021653342326 0.9928146438567306
14177959.219 0.6889747853625072 -0.031135873709845063 0.10177335545046931 -0.09343200411740477 -0.0837010389461691 -0.01638168244848759 0.9919658447578192
14227947.173 0.633583526136567 -0.018177596566403813 0.08523758614176943 -0.0908834456767244 -0.08082302268382133 -0.01701577180625392 0.992430502259989
14277944.8505 0.6865128736743656 -0.012217625220088422 0.09622663936996613 -0.09213196511933687 -0.08375056423960615 -0.017708294706040004 0.9920604620139848
14327901.458999999 0.6395509171639402 -0.015085607260118329 0.08208393560502228 -0.09431479838942551 -0.082912168660092 -0.017912466265516538 0.9919220910157859
14377855.9085 0.7221607211326302 -0.02110796507406917 0.09600032801251232 -0.09991448285525142 -0.09246703822359564 -0.02496444499017617 0.9903755446517528
14427819.472000001 0.6908961473909176 -0.022264198927651687 0.08408739139804276 -0.10253693930863987 -0.0943155481852943 -0.02862087764459392 0.9898341269175239
14477794.193500001 0.7683776862888795 -0.02448543397110869 0.10132044282973986 -0.10549723681984922 -0.10117802519076564 -0.030116146197493608 0.9888004641888497
14527794.257000001 0.734771701658872 -0.021686873679308237 0.08792071586685936 -0.10650651979289069 -0.10104161701909818 -0.02911853551750659 0.9887360940923965
14577789.811999999 0.7966306832242201 -0.012979535955516167 0.09930482528960957 -0.1051323475435709 -0.10134126256184221 -0.027202359120481148 0.988907058150881
14627760.932500001 0.7690281959569356 -0.006227443280538977 0.08892072471367156 -0.10517601849640655 -0.09908049709948122 -0.025520616185551185 0.9891763029800467
14677715.6945 0.842699284806009 -0.0049303295769711495 0.09415564544430242 -0.10568083875701863 -0.10173544805099002 -0.021378792368494614 0.9889511647024549
14727683.398500001 0.8341633193625048 -0.009711746421980928 0.09367138074389693 -0.10719284467981795 -0.1038863505827201 -0.02431402583320915 0.9884969136825035
14777671.663500002 0.9124254615841074 -0.009395202429101123 0.11169060884139252 -0.10778719383290407 -0.10675246024949202 -0.02397460564910945 0.9881351382074611
14827687.8585 0.8848597792628201 -0.019323116394846216 0.10912196121172024 -0.10792706017237194 -0.10543358241325453 -0.024790535711824997 0.9882413362742815
14877714.2995 0.9507124952342657 -0.024463217812372578 0.12331924669330974 -0.10818079676472461 -0.10733425651455111 -0.022245747367822685 0.9880695316190379
14927702.0035 0.91273188344569 -0.03374318193285515 0.12067644365847978 -0.1076176040255671 -0.10519158872865282 -0.022983592636943745 0.9883445428766414
14977668.764500001 0.9794848144116478 -0.04221339705496507 0.14003335644519305 -0.10867221642653002 -0.10854401650922933 -0.02379351671615109 0.9878473639278833
15027642.3015 0.9393879361722772 -0.06220490500522404 0.12256024966878772 -0.1092022224815286 -0.10588930724706459 -0.021920370877803956 0.9881203502389834
15077669.716 1.0111378233131012 -0.07776605452760217 0.14753290309874953 -0.11003391470986404 -0.10966904287044711 -0.02145337100022516 0.9876259370440962
15127736.546 0.9773746165054031 -0.10051901936907559 0.13826170583368275 -0.1111904064117041 -0.10695417071047504 -0.01937503814839157 0.9878370851442979
15177834.836500002 1.0424641445667295 -0.11719654305304103 0.18285250747714057 -0.11041958098292814 -0.10651659408131851 -0.015117457587766284 0.9880451375301396
15227945.6885 0.9949100931052324 -0.14378977284174815 0.19007130936074454 -0.11122710830274816 -0.10206310204174676 -0.01687455633273622 0.9883961265245822
15278055.6285 1.057031027774687 -0.15589238573224368 0.20131427720822084 -0.10979985604835031 -0.10490494201221709 -0.01114256752972108 0.9883394092830765
15328147.392500002 0.9868128652716623 -0.17506759013136527 0.1863379225876453 -0.1061938718130478 -0.09653022244715664 -0.005141786590467353 0.98963545802195
15378215.0955 1.0184490659203183 -0.18319137525281892 0.1883559562828712 -0.0997337482324576 -0.09127487541853915 0.006164780729709524 0.990799713392868
15428294.408 0.9625850289484315 -0.2110808327060484 0.18315091043408127 -0.09681932191248585 -0.08628122301307208 0.007214750802675427 0.9915288784652871
15478390.032000002 1.0283906230167055 -0.23971343031299291 0.19014048928198002 -0.0968853833044362 -0.09267813431934602 0.00885928846603447 0.9909316318136753
15528488.222000001 0.9697877987582358 -0.2717365776533206 0.18561896969777297 -0.09898589653572447 -0.0896864443064321 0.002794414428305309 0.991034976800865
15578566.943000002 1.0075186039353876 -0.2979665500780681 0.18928547980713875 -0.10081152766117403 -0.08898609730549313 0.006789307303789281 0.9908947550992953
15628586.146000002 0.9405379850000172 -0.3149927740036529 0.1672734979077482 -0.0988968868152204 -0.08478089070118895 0.007956591850370334 0.9914475775331226
15678583.043000001 0.9825272431156544 -0.32384248434385615 0.17757344022691313 -0.09982655098883333 -0.0878808193748667 0.007400702264834619 0.9910887199992053
15728581.3435 0.9062939516340646 -0.3295190768797562 0.16908446472175204 -0.09945345379649628 -0.08377332471237145 0.003461217774111792 0.9915034344701503
15778584.595500002 0.9500836139873619 -0.3260754856240701 0.16326489315047543 -0.09895594345914892 -0.0879767323625512 0.004986913071648189 0.991182599985963
15828587.247000001 0.8702330606660602 -0.31990147501341615 0.14957047621748526 -0.09843533174378136 -0.0837171302280637 0.002246887041652593 0.9916132709224355
15878587.2005 0.9149195026334123 -0.31296246454195753 0.14249941472046546 -0.10064387456713955 -0.08908028789704366 0.0031786905831758237 0.9909214947443971
15928583.6765 0.8389780399744384 -0.29266531139972823 0.13893264962193808 -0.10057719758815736 -0.08716921708245318 -0.0011825578956811897 0.9911025963417552
15978591.7135 0.8879875828372661 -0.2735676322170102 0.13656008614043416 -0.10252973629483389 -0.09324381718504082 -0.004303716576649579 0.9903407099355768
16028539.303500002 0.8164864733415599 -0.24653287741473554 0.12440339948286783 -0.1011425827956508 -0.09013455383582597 -0.011326430128455906 0.9907157272047248
16078493.184000002 0.8494694805119483 -0.22661429201044175 0.11945050500855973 -0.10080139476572735 -0.09072903359222642 -0.012155881339785018 0.990686406399905
16128429.036999999 0.7931478567751067 -0.21231012014694142 0.11325087688855762 -0.10208876143053885 -0.09342687891989962 -0.018333361645329876 0.9902086603012754
16178350.005 0.8383142317783583 -0.20372857543689937 0.11411447634289752 -0.10398323748852567 -0.09955894538542048 -0.019925086548138574 0.9893828852578748
16228289.266 0.7737193700315337 -0.20127943883750543 0.09817145063969744 -0.10848312420761569 -0.10149302525223997 -0.026572103211029267 0.9885466609716739
16278255.707500001 0.8143392836522004 -0.18926091671434891 0.09429719046648068 -0.11040891592486127 -0.10707460645875544 -0.030845313479072985 0.9876201023533174
16328214.017 0.7378479754272573 -0.18119818510787952 0.07803178738467954 -0.11334722188571543 -0.1068085705838314 -0.03501083283610386 0.987177075364269
16378165.4095 0.7661552786563287 -0.1646289341814304 0.07149575992195663 -0.11118634923601746 -0.10832760950804853 -0.03879205925590885 0.9871159510921319
16428113.895000001 0.7123941403608691 -0.16415435872798878 0.05577202890467555 -0.11637762410779036 -0.10933774990336682 -0.039189578996693224 0.9863902280290273
16478053.177500002 0.7608668343040724 -0.15370868399756119 0.04803578805370005 -0.11803752495301402 -0.1133240241418782 -0.04273522187537477 0.9855955098652388
16528005.593 0.7144701310159138 -0.14300913048168956 0.03082922683728569 -0.1203283740292507 -0.11571415788549218 -0.04520094901232667 0.984930550991649
16577958.459499998 0.7670121271268296 -0.12696919849867916 0.023143695835533742 -0.12166019463341562 -0.12096106803240853 -0.04958944332414137 0.9839248468114932
16627911.706999999 0.7369496662092095 -0.11349239052933816 0.018690044775160237 -0.12427710350758216 -0.12416416286886772 -0.055710168515408484 0.9828707134342868
16677917.253 0.8200120094075047 -0.11391432131057934 0.03951347371335724 -0.12937551245619308 -0.13232331417317678 -0.06493238776613665 0.9805795747015702
16727785.909500001 0.7750444348980849 -0.10338306858155714 0.025860556588645885 -0.1299848307914825 -0.13177168068401118 -0.06508323091053851 0.9805632774013445
16777743.79 0.8292136027170982 -0.08782520706817938 0.03250692070185266 -0.12668762994416535 -0.1302669028068505 -0.06591528335271991 0.981140129580261
16827737.459 0.775134036950233 -0.08204477836326496 0.014762895950725524 -0.12558540742952898 -0.12625402857412488 -0.0612525334740205 0.9821081166819554
16877727.689 0.8469404607875055 -0.08006692288752627 0.024189372673527484 -0.12400411423795142 -0.13079376489979774 -0.06220747328936403 0.9816548278200187
16927725.9895 0.7873783984723614 -0.07563907046422953 0.004095255564195334 -0.12200761116333284 -0.12459977676795314 -0.05408146932506065 0.9831908426766575
16977724.329499997 0.8500082747305019 -0.07125126024095549 0.006196252177411999 -0.1193432967879028 -0.1255895084936227 -0.053278419163135686 0.9834357441742709
17027724.173499998 0.7967889822275537 -0.07193543875909049 -0.008597209833077586 -0.11702399733746678 -0.1188091760068707 -0.04702277030376633 0.984874927499268
17077726.193499997 0.8727162314731093 -0.08364522149570017 0.006908598864688944 -0.11749516816436915 -0.12235541637683933 -0.04820960433455482 0.9843271161515275
17127728.914499998 0.8289215676680678 -0.09085989444555902 -0.0021469647933239646 -0.11827341186201214 -0.11940132707367172 -0.04284257564850236 0.9848447780494991
17177733.428999998 0.9165121993273908 -0.10349355650658411 0.012830398028422304 -0.11915240376831236 -0.1275311038208033 -0.04522315467182416 0.9836124178333704
17227743.589 0.8934955895084227 -0.1134880211329727 0.008843240019161728 -0.1173468447255937 -0.13253631468700192 -0.0371300611965373 0.9835065845624404
17277745.538499996 0.9866751446576857 -0.12922858083440836 0.026460152030116906 -0.1161269866282867 -0.1441971432959623 -0.03600012251602833 0.982051779704486
17327763.176499996 0.9601586543298827 -0.13321871667320195 0.03765581337943423 -0.11011188931323863 -0.1476359622287436 -0.03326857189567226 0.9823299835659526
17377810.059499998 1.0334455537453822 -0.15729676975661305 0.05441769202644376 -0.11230846831836314 -0.15027300703029653 -0.03496537392431702 0.9816222562311779
17427875.728 0.9861672134818121 -0.17103039132159675 0.05239576705383252 -0.11141606964713886 -0.14667345392681946 -0.032741421858378986 0.9823448257268181
17477952.0935 1.0370596942080266 -0.18946039645155413 0.05418943992605296 -0.11150004016819322 -0.1423184737159038 -0.03306658258813093 0.9829647980459979
17528018.783 0.9674880520772126 -0.1985803717928769 0.05092228760433568 -0.10920523131889592 -0.13448245782644813 -0.02773742910970202 0.9844893706972809
17578081.496 1.0266855210653545 -0.20539540644440568 0.07220576574950927 -0.10299854398120924 -0.1375902320765335 -0.026750162706947484 0.9847561407627923
17628149.541 0.9661677946131962 -0.24180271180900798 0.06740027463399634 -0.1087406314166662 -0.1335983506172217 -0.021911788141637155 0.9848080164843799
17678247.178 1.0082294680290829 -0.26575669556661174 0.07480953166553615 -0.10931669635886823 -0.13122784090021497 -0.019037058964821805 0.9851226847737397
17728355.5345 0.9584215057214418 -0.26689403574539405 0.0719705403405253 -0.10245344406077972 -0.1333729060357352 -0.017869050032359574 0.9855940628811685
17778449.162499998 1.0074489035624652 -0.2556383595021027 0.09076262936636992 -0.09342755005681382 -0.1340135380615249 -0.01906955201869801 0.9863812734903376
17828533.636499997 0.9486918385630763 -0.23212786443006558 0.08340765882156377 -0.08112504413061446 -0.13020975841858637 -0.023753790315383067 0.9878764616453983
17878508.0125 0.9872168575004813 -0.2126747354593068 0.1022023870781232 -0.07125584359654435 -0.12643722989546463 -0.023179011266055115 0.9891405183726094
17928471.431 0.9284316948355658 -0.18841296554710235 0.10724130789079268 -0.060070225864988135 -0.12362688485249408 -0.025464223720971554 0.9901815664899473
17978488.648000002 0.973502743784595 -0.17976735606903838 0.12504583824871732 -0.05695781869705496 -0.12372713024371663 -0.022196491010996917 0.9904315826536059
18028529.9265 0.9078058122865347 -0.18734566119106338 0.13030067224139705 -0.05931737729188346 -0.12109182799468693 -0.02490146052264628 0.9905544584766436
18078551.414499998 0.9414734700515656 -0.18903691358645913 0.13527099317014177 -0.06262792582793839 -0.11926140558548759 -0.02290305494858311 0.9906209719758039
18128551.7195 0.8678060063157093 -0.1893758164944664 0.12943486411976488 -0.062299938137345495 -0.11565503845494762 -0.023465976090542306 0.9910559912306598
18178531.072499998 0.898974179379922 -0.1858737398438024 0.13020297082797386 -0.06322040747910279 -0.11408630192572498 -0.019638518337380093 0.9912627423587558
18228518.005499996 0.8255922586542116 -0.1954073441668931 0.1165449524273317 -0.06773314739147056 -0.11125514164507863 -0.023320156260764696 0.9912066810277019
18278523.3925 0.8515056310529255 -0.2002573283583954 0.11933825119971163 -0.0729621684415944 -0.10874025321395332 -0.018671064375188888 0.9912131307959773
18328551.346499998 0.7837584176241223 -0.2075459774823168 0.11155635616251983 -0.07920088514377119 -0.10731587500604044 -0.013409443474574123 0.9909746261079713
18378566.138 0.811599596993022 -0.19578546813863448 0.1163306600842901 -0.08028574718280083 -0.10719295227011283 -0.009884808157588854 0.9909420570096943
18428539.7365 0.7288444209143005 -0.1889009860425538 0.10279780321247498 -0.07875261265257344 -0.10291900005733987 -0.0056327122896375065 0.9915512987132099
18478492.3615 0.765143241996833 -0.1722443723844288 0.10845614126732409 -0.07790922404396865 -0.10701293932195209 -0.00681670819529874 0.991177035708517
18528462.8035 0.7117561773961678 -0.15674557013031762 0.09275463478791661 -0.07440725194494423 -0.11047698152793706 -0.007253445254620092 0.9910629571033395
18578479.208 0.7625798411092288 -0.1446346043375399 0.10408765090170267 -0.07788781433160584 -0.11687356674894124 -0.010320717766550573 0.9900341108056879
18628520.9075 0.6865024486760992 -0.1317592937346353 0.0942974765795583 -0.07951110143206037 -0.11422005394707323 -0.01298773878113788 0.9901833581043166
18678521.453499995 0.7156679043286182 -0.11092847037713235 0.0970142223413916 -0.08204318151689344 -0.11521019494922762 -0.017211081088037504 0.9897976086221506
18728460.7845 0.6285963385924008 -0.08886762342020348 0.07870359299487853 -0.08122738430498601 -0.10776444114293514 -0.026583626624269198 0.9904959606478072
18778353.691 0.6670161600117605 -0.07159269320864356 0.09574913976484778 -0.07992673075870259 -0.10809960529779646 -0.026734612693314144 0.9905611811134257
18828270.238 0.6092722384839219 -0.04830929371737895 0.07657068338591136 -0.07519521635019549 -0.10302560500019069 -0.027254582166579007 0.9914578114591247
18878213.039499998 0.6587579835549546 -0.035258347308839214 0.09514366130243705 -0.07205722846159245 -0.1018357391110504 -0.025504621325472373 0.9918602484005418
18928208.292000003 0.6220900544895016 -0.04297908888609302 0.07707368512194575 -0.07421751005862154 -0.10276094872654272 -0.026509461838650165 0.9915791431098904
18978224.134999998 0.6874295044298144 -0.03313899927915583 0.09897481968776602 -0.07127078934137264 -0.10603265466069779 -0.022981479187895112 0.9915389061184635
19028269.110999998 0.6556568938220523 -0.0038319843550252185 0.08050548300016558 -0.06262815549582923 -0.10606855530113606 -0.02028888651639075 0.9921771700656316
19078231.442 0.7012305693193243 -0.0019847885360444895 0.06973498088536276 -0.07001794823238508 -0.0975338697936815 -0.017161128266150006 0.9926178150955326
19128150.594 0.6313124089619788 -0.010375087832745085 0.05154515278864721 -0.08355031331923718 -0.08504369900305206 -0.011802319909566362 0.9927978745187199
19178021.185000002 0.689668080226713 -0.01190033734581443 0.07027821850645286 -0.09451364151449608 -0.08211341404304127 -0.010789367920062177 0.9920726527536937
19227883.2145 0.6915358586863348 -0.021301228153483804 0.06357919476489939 -0.10442248760576896 -0.08998699792539672 -0.007819996167740635 0.9904227036707782
19277800.823000003 0.7910843767963679 -0.010216272248788835 0.07266412730311723 -0.1050785925834143 -0.09817367188862415 -0.001108888702871959 0.9896055728897438
19327753.198 0.777347861498301 -0.035389604040123174 0.05420639279901287 -0.11675945498842051 -0.09899759286243273 0.0035475738092232726 0.9882075293167518
19377721.6745 0.8547453693702156 -0.013653974851978327 0.05372274033142448 -0.1140667925511019 -0.10213068837923307 0.013405466787018818 0.9881186076521937
19427691.4225 0.8069569416207373 -0.036675140088175 0.04104440544011051 -0.12125225311509467 -0.0901731875492702 0.012033514373740586 0.9884441723706676
19477660.2885 0.8677963402182066 -0.036989587888908604 0.04760251387973806 -0.12079017983921642 -0.0879473495242203 0.016550148290059758 0.9886359738334689
19527650.4485 0.8274060460705731 -0.056059091248480505 0.04435829726606417 -0.12350594222994407 -0.07922305540782323 0.00850781234170188 0.989139831800793
19577694.152499996 0.9027999467058457 -0.06117970947024945 0.06385926306875071 -0.120372960065541 -0.08112137308974314 0.007570792971354115 0.9893797837063779
19627775.18 0.8583362369865457 -0.10400513742640156 0.08492509464784734 -0.12653021672283077 -0.07064758618201518 -0.004779780730818945 0.9894322495850302
19677867.786499996 0.9244522847624959 -0.13936779555014506 0.14728566690420927 -0.12918738326057339 -0.07071469488372942 -0.0111944343174154 0.9890322222122492
19727922.366499998 0.8827124799153145 -0.16424326142108614 0.15243032213851718 -0.12853520540253224 -0.0680722335201482 -0.011564027060856822 0.9892983095476525
19777950.873 0.9352041602843866 -0.1862458856706689 0.15506026565120665 -0.12968859493319432 -0.07097763076500106 -0.011909613233045022 0.9889394346409088
19827971.2785 0.8795937185855849 -0.20001392920594926 0.1546726550484096 -0.12917661124684884 -0.06788477007796853 -0.011365386349623257 0.9892299475305859
19878047.091000002 0.9281516708274776 -0.20221168784656438 0.17162220024229888 -0.1275923952318271 -0.0699460340536578 -0.013148945047837177 0.9892698510736586
19928145.592499997 0.8716387170540157 -0.21631840239581673 0.17492065203207 -0.12837468586994283 -0.06636191256847196 -0.012148200222359821 0.9894283490073474
19978238.69 0.9161275297752793 -0.22297452359869918 0.17902410198565066 -0.1285014403962769 -0.06928899134860839 -0.01433211876081154 0.9891819882437207
20028275.024499997 0.8583587711648208 -0.2416921153258967 0.18101462556337009 -0.13098322599374324 -0.06716228619187926 -0.012979552212411462 0.9890218162639879
20078287.281 0.9012483462195068 -0.26277555304453043 0.1839788882824889 -0.13317677903991398 -0.07042407613305575 -0.0128253138120819 0.9885038727040887
20128305.441000003 0.8364810787911713 -0.2699508371973189 0.2024811569333886 -0.13236275040977694 -0.06734564280809387 -0.012922861524465385 0.9888264086020069
20178381.986 0.8703078210231473 -0.26277071834753385 0.22035356159624397 -0.12824430282827984 -0.06768161279483471 -0.016001374256324818 0.9893010432135849
20228482.478499997 0.8057546979466662 -0.2616390198536748 0.23107807336903122 -0.12479661468465002 -0.06450377098744894 -0.01897428412093306 0.9899015329989888
20278559.729499996 0.8475634085830028 -0.23214803013739527 0.241720395849843 -0.11379187296463865 -0.0666240611422027 -0.025491999807525614 0.9909403625193257
20328577.507999998 0.7843407036371774 -0.2242565294346441 0.24169572242848456 -0.10613787334232092 -0.06560216020443622 -0.02607392054866692 0.9918423559649501
20378559.8085 0.8309333831495062 -0.2103637504491175 0.22593330781386772 -0.1004189024886756 -0.07487718985326458 -0.026843211686533506 0.9917605015572056
20428544.284 0.7588598704953691 -0.2014473825858599 0.22328787538205813 -0.10026885953342361 -0.07207314880214874 -0.02778495276917657 0.9919574655342962
20478560.269 0.8056376369514715 -0.19738762546448788 0.2360013190260867 -0.10152326156329464 -0.07592690440701105 -0.02570111553828906 0.9915985000033062
20528593.766499996 0.7363867425882671 -0.18805309358964553 0.24565192525894852 -0.10061874971182891 -0.07356335429503257 -0.022514582036807874 0.991946265534076
20578611.224999998 0.78707950149473 -0.18290751425187132 0.2464436412865784 -0.1026298236573452 -0.07824313571379611 -0.02239969523046957 0.9913845795973008
20628583.069000002 0.7223617588573162 -0.17292128562398437 0.2537455776597647 -0.10552900771826919 -0.07716414982312815 -0.023721854354483003 0.9911339950471156
20678531.7555 0.7708973723727629 -0.15639865146184226 0.2638489212214227 -0.10169023821304335 -0.07827546948774808 -0.024058750791491657 0.9914399744003668
20728490.2445 0.7070622880197743 -0.13936671691500294 0.27132743806034054 -0.10037005140949506 -0.07447539030888328 -0.023978816439246906 0.9918690868156783
20778506.930999998 0.7547348551886415 -0.12901161818072301 0.26750261043894646 -0.09870418761322902 -0.07537528036395179 -0.021857862283136034 0.9920172802497341
20828565.573000003 0.6805710086820522 -0.1085271442056839 0.2704646958255682 -0.09833525301371686 -0.07190932017346975 -0.02266306818801012 0.9922931084247353
20878599.662 0.7390036440422811 -0.11359451308564739 0.27025016471749536 -0.10197881530270693 -0.07943524112404166 -0.019137979194940796 0.9914252878807136
20928584.6995 0.6722543726368396 -0.10718384143296605 0.27234384836222 -0.10295972340934641 -0.07820997650161231 -0.017492591658218537 0.9914517155001381
20978534.8295 0.7187197060706845 -0.11207702353440482 0.268970462238192 -0.10307009914630198 -0.08026491836330865 -0.017057114750855848 0.9912835882725382
21028489.7 0.650786017371249 -0.11406503881880235 0.26861663962652343 -0.10441311653408887 -0.07841356169652083 -0.013960013344663416 0.991339665536047
21078492.983 0.6946566936476869 -0.11453507392056944 0.25823813497141096 -0.1058072835033612 -0.08166122146617584 -0.013327540449533075 0.9909382626237911
21128538.3305 0.6148642167992742 -0.09740793672175985 0.2545683693460084 -0.10288339540904207 -0.07313560320907811 -0.01898950730663749 0.991819332895161
21178574.3155 0.6540216331874614 -0.09001876464335093 0.2636037855035358 -0.10142191120987987 -0.07382090084496282 -0.020162245096601798 0.9918959392988954
21228572.335 0.6051262028159501 -0.08783270020535079 0.25497629229003915 -0.10251943472699074 -0.07332368471116542 -0.017255032160948126 0.9918748240724535
21278527.1355 0.6584605968529292 -0.08623128622708938 0.25203228056877985 -0.10244215275788798 -0.07505146811094264 -0.017189569449664103 0.9917547081687371
21328475.121 0.6132292853370439 -0.08435818821716881 0.2382312725611596 -0.103877302680062 -0.07469750421137636 -0.015203418933237518 0.991664582863201
21378434.373 0.6662494788055504 -0.082230493961917 0.23510975701746561 -0.10364770408219835 -0.0761235242116793 -0.015280865669984026 0.9915789719656518
21428526.917 0.6239798818769947 -0.07894534616767732 0.22090549058320358 -0.103992556095087 -0.07465173688194145 -0.014662296153678908 0.9916640981344547
21478446.482499998 0.6803533575823006 -0.0828031587164183 0.21645323907635053 -0.10322237325955641 -0.07603931484247926 -0.012982854867704998 0.9916625483179423
21528448.02 0.6382071438274245 -0.0717718738772297 0.19767894778656053 -0.10290909462807618 -0.07367697824923594 -0.015364554660161673 0.9918393779130702
21578420.035 0.6952616178595753 -0.07453481015397487 0.19818804513611718 -0.10397986805907133 -0.07610959880721654 -0.013731818528163 0.991567926653405
21628370.134 0.6545188061147753 -0.0649376510991709 0.1769240816277983 -0.1042454657600952 -0.0747147539184366 -0.014438507178710938 0.9916360813956997
21678304.786000002 0.7233332261128156 -0.0715304402451179 0.16865257197680908 -0.10662627310692428 -0.07751032308315073 -0.011482084746065279 0.9912069155472824
21728245.6215 0.6981112665653358 -0.06121626922899836 0.14904194588209738 -0.10728788391101873 -0.07698697080721231 -0.012040403641546064 0.9911696852567545
21778200.835 0.7755584606601573 -0.06275195200120004 0.1471800712602977 -0.10788651085517717 -0.07902549338639221 -0.010089704559181319 0.9909660286974733
21828166.2015 0.7547374186725817 -0.06025982208901453 0.13256646640749176 -0.10767603282888616 -0.07665740811891723 -0.01154575296500661 0.9911590232264414
21878132.541 0.8365396432300896 -0.05765334616018206 0.13620240326519945 -0.10558226543378908 -0.07780189893512722 -0.013554574964074735 0.9912696521358355
21928120.0345 0.8119489586956612 -0.060801892625873065 0.12395911063873798 -0.10348075016893679 -0.07198954148085757 -0.018266575246361966 0.9918546125771756
21978135.6685 0.8850720416119903 -0.06734555174891942 0.1271428327468307 -0.10442778663750718 -0.07147631901232299 -0.020185814238956244 0.991755265225222
22028194.617000002 0.7867861727704272 -0.10283492500993507 0.11835005943406825 -0.11000552443248 -0.040538204624679615 -0.007942222106074365 0.9930721825064684
22078141.2515 0.8438860558070708 -0.133812483369606 0.13026190594475526 -0.11312877656388351 -0.03632059384197874 0.002053678933139356 0.9929141336384352
22128141.096 0.7892561340705929 -0.18338651340042247 0.12093899212355 -0.12402116994542761 -0.021532450551948183 0.0037969717820086337 0.9920386514566265
22178169.12 0.8563878352317423 -0.21953796031531395 0.13939757313290008 -0.13101059945784144 -0.018524555746892653 0.0006378287385503938 0.9912076759380839
22228216.042000003 0.8173883338577298 -0.24854988924376611 0.15237939446949575 -0.13554790000909872 -0.00916890879105425 0.0017023080725053375 0.9907269048844546
22278282.381 0.8722413194402838 -0.25745841949810483 0.18842072790458406 -0.13046584538541656 -0.004318754046537431 0.0005402159873414942 0.9914432508812802
22328346.497 0.8336682304378779 -0.2544075120553475 0.19120534121413582 -0.11911572902067645 -0.000751534773245408 -0.0019835051768667105 0.9928781113523304
22378399.112499997 0.8978635650457535 -0.25653020983705216 0.18705897227787055 -0.10969653345377095 -0.007119223514134431 0.000655030316016792 0.9939394137169864
22428462.526499998 0.8380552427945497 -0.26147187117131476 0.17363580827513156 -0.10231390973637074 -0.005398848691047931 -0.001456838109753629 0.9947364444565158
22478538.339 0.8841991154681618 -0.25459800887667844 0.1686749977331691 -0.09405693107849686 -0.010358853450066267 -0.01236348351106468 0.9954361517178119
22528600.7 0.8273736884468655 -0.25255509830152756 0.153004313260316 -0.08231308162159223 -0.012144170090281532 -0.006713633007575579 0.9965099110689342
22578636.684499998 0.8609979362625781 -0.26339058535590554 0.1375484289193222 -0.07998247299336 -0.016485306775801043 -0.00872854233126564 0.996621719221062
22628710.018 0.7987314438606244 -0.29361301685326346 0.13103171978930298 -0.08306670084409855 -0.018372184839608428 -0.0057522387534726166 0.9963580168716561
22678672.3325 0.8363650955792725 -0.31527316038256165 0.13792728324465953 -0.08403316293544102 -0.026376893710038613 -0.0059004655834259765 0.9960963163826948
22728700.4575 0.768833313895261 -0.29451684945132117 0.13265063133804217 -0.071673164780895 -0.02868272645505062 -0.0017378906520094744 0.997014161579201
22778715.53 0.7969745244035797 -0.28039431533467823 0.12024140990616833 -0.06603501865504949 -0.034169308901376906 -0.003655726261277367 0.9972253859112954
22828720.7775 0.7317401506018503 -0.26622715026761745 0.11232951890061638 -0.06101237113964286 -0.03831249537635307 -0.004158853935764952 0.9973927747882959
22878736.550499998 0.7619866611730847 -0.26914031819025674 0.11211718997615508 -0.06511983792282595 -0.04363327681173627 -0.0018528695616068795 0.9969213162220794
22928751.732499998 0.6947510195902408 -0.2628978303491026 0.09485640955232585 -0.06316729670519018 -0.04719364363038785 0.006910837815012655 0.9968625245983224
22978780.480499998 0.7291376700214683 -0.27002781522620584 0.10214284313970841 -0.06742869974793009 -0.050450002527977614 0.01202672157425025 0.9963751932196053
23028798.1175 0.6574196355019354 -0.2639806527174884 0.10371505693541418 -0.06965517375608715 -0.051632470679999785 0.010844004476253702 0.9961750108828304
23078817.703 0.6866182175771267 -0.2790777087909792 0.11712064900571577 -0.07862236380083941 -0.05218723451806975 0.010442355791150203 0.9954827842154054
23128800.894 0.6157023320645564 -0.27369709426452116 0.10246632701310976 -0.07729255835273331 -0.049474467881969034 0.010948382416497525 0.9957199758835551
23178816.738 0.6620762826112835 -0.2666712243757354 0.09233696982165344 -0.078456444931284 -0.05238269003220845 0.012757108107915605 0.9954586361202845
23228830.2665 0.6023613721515733 -0.24630879445400225 0.09698329870661633 -0.07771336789529708 -0.05015468827210482 0.013243469681154339 0.9956253061295212
23278821.830000002 0.6541141196390371 -0.2289967552648241 0.09464726308615282 -0.07975587825236717 -0.05487904643709469 0.017171301554281888 0.9951544787364828
23328801.042499997 0.5898888184593896 -0.204831368247545 0.0946450611514344 -0.07855432614261472 -0.05112087788001384 0.014851700595430261 0.9954874688706433
23378753.5975 0.6377589993572989 -0.18173643610331197 0.09503025848769543 -0.0775463600043482 -0.05336586677034269 0.016440472839190763 0.995423707356194
23428707.798 0.5813177264735372 -0.1739395169386935 0.08722191801525693 -0.08162418668446857 -0.050420166537812346 0.011689018117007432 0.9953183740943692
23478663.2695 0.655281907122059 -0.14439255567339382 0.08111682289053501 -0.07893083629460843 -0.06050462438292579 0.009943547769134057 0.9949925825692761
23528629.57 0.5759935482193385 -0.14818380034325965 0.07470792389058997 -0.08553631709466779 -0.05258470019144997 0.010758943841815574 0.9948882514589588
23578580.573 0.6224591443884996 -0.1422148697214056 0.06982421807442461 -0.08932354388148749 -0.05581587654279454 0.013705076039944468 0.9943430310134178
23628509.759499997 0.5600810855365443 -0.13787489024806562 0.06841754632232579 -0.09345304861731499 -0.04991023734196875 0.015001523228920299 0.9942587440970335
23678443.2185 0.6152690526960897 -0.13149622160648522 0.05554170663475884 -0.09529601868425046 -0.05547466094800496 0.01859167134568805 0.9937281220596551
23728379.072499998 0.5620435330345336 -0.12884732623800382 0.050744819070694946 -0.09690156397861942 -0.052739258821445804 0.020421067440462903 0.9936858847151115
23778368.4595 0.6178626393564707 -0.11829500398360741 0.040228048074881444 -0.09520010405464374 -0.05789275890159198 0.022736067920798447 0.9935131805216517
23828303.8925 0.5537817137517933 -0.11373153879415182 0.033380257149886614 -0.09616447015335476 -0.05168432423257169 0.02357595753777122 0.9937430752135705
23878284.2675 0.6056549219121735 -0.09697333823149569 0.017534083424022667 -0.09566235081154098 -0.05502615831437873 0.020594244512387932 0.9936783753465377
23928243.411000002 0.56415475307107 -0.09104222137415903 0.02484889889090551 -0.09668056999394656 -0.04856362203237472 0.019156235190473072 0.9939454113049014
23978206.812499996 0.6240813290230478 -0.0812536051522951 0.0328331313117451 -0.09806907469886396 -0.05074391772875896 0.017250388380674934 0.9937353447985844
24028159.218 0.5917246513288484 -0.0843067766351749 0.03218585750398922 -0.10152302695170315 -0.04798970806888413 0.019004035268588553 0.9934932861179975
24078099.2125 0.6458969048994557 -0.07733228875494612 0.035151736360535174 -0.10459642588209245 -0.047853803556195285 0.013108658984913 0.9932762778993135
24128051.548 0.6014453564862879 -0.08686667158864696 0.03308195259876593 -0.11021672803472223 -0.04161013570475845 0.011148278716449925 0.9929736075795831
24178033.0765 0.6624071329735435 -0.08955909462034917 0.039412582072593016 -0.11360158392094999 -0.0434776010867314 0.0069203971769248255 0.9925504956612072
24228051.346 0.6241650314740911 -0.08720536750235006 0.05080357931997371 -0.11183678199927771 -0.040750600057860256 0.006358157792159859 0.9928703322269532
24278086.4885 0.6828500907451233 -0.06407861049097971 0.06583948930205935 -0.10639390133218614 -0.042917774238298935 -0.0013765470224646555 0.9933964503319117
24328115.836 0.6409093859179266 -0.06244294832971543 0.07550713448172912 -0.10508302528427357 -0.041185292244024424 -0.0031706168312867224 0.9936051915568821
24378105.0225 0.6815494511867475 -0.04516948106994281 0.09261266368725397 -0.10089438393927104 -0.04015656466752761 -0.008970807458219411 0.9940459235956683
24428131.638499998 0.6283270284885917 -0.04465481908949105 0.1033337622381888 -0.09971286644187567 -0.037652396681586056 -0.00947485100571851 0.9942584515549749
24478074.1145 0.6772677789783121 -0.03604799749681098 0.11959107594199869 -0.09834218919734783 -0.03820131374792832 -0.01708493042007973 0.9942723865241087
24528116.125499997 0.6304629628776659 -0.03645519530019343 0.14214642700966792 -0.0963483596993606 -0.035411993447684705 -0.013920398973311956 0.9946201319075175
24578184.2495 0.6834041190927246 -0.030922211763079358 0.16873246081051224 -0.0937223580157106 -0.0371172256423156 -0.01749150056533795 0.9947524710080217
24628263.7725 0.6305163184906561 -0.03400579789385089 0.19191162319280522 -0.09380031064979528 -0.03460854861004126 -0.01830354475602477 0.9948209539080249
24678327.266 0.6756914682043329 -0.03761973785260352 0.20737926192961764 -0.09461404534149913 -0.037279649194932984 -0.018905031198178286 0.9946361193800553
24728363.451 0.6131460612168634 -0.04071412904959252 0.2204852241848651 -0.09585375858712697 -0.03505878817680342 -0.018161251429421845 0.9946120385772597
24778390.563 0.6614421574013724 -0.04588773544204208 0.23306750781485028 -0.09724607486481694 -0.03886710314394063 -0.021090205063304963 0.9942775027460756
24828412.021 0.5968418141521864 -0.04457762143261392 0.2469433189655665 -0.09637826662192604 -0.0350289004115886 -0.019274055479617563 0.9945414604953765
24878455.263499998 0.6492101738983275 -0.04711866399376239 0.261271508917323 -0.09872246829570071 -0.038373940471387424 -0.022130976151340055 0.9941285303424762
24928503.559499998 0.5843052292012006 -0.03783821808452479 0.2691117461145064 -0.09768116499081468 -0.03540467408466667 -0.02171382831163495 0.994350747331669
24978549.666 0.6371321473162547 -0.034989390532623094 0.27496448202648266 -0.09946503326821803 -0.03959407305216719 -0.023034173115287285 0.9939861384370442
25028525.6725 0.5675341285983074 -0.024655536681933723 0.2787813895154138 -0.09936806862858358 -0.03634090645739813 -0.023017121885860827 0.9941204844257918
25078488.816000003 0.6076967513625227 -0.015366378041412932 0.27839911685857827 -0.09703166416477167 -0.03800068189227829 -0.022102001353201294 0.9943099646796868
25128446.002499998 0.5424032603980409 -0.012330483849032245 0.28363306481824974 -0.09810359614861387 -0.03638838358213868 -0.020909206381061512 0.994290890560455
25178448.5525 0.5773431634957875 -0.006432784887449856 0.28170937191312423 -0.09593199357062496 -0.03577571317943861 -0.019614462789701588 0.9945513681080226
25228489.6505 0.5104377048559332 -0.012256081457405602 0.28422200642484724 -0.09996245338808327 -0.03318146457643516 -0.019003307948233426 0.9942561906310782
25278523.4595 0.553439942136169 -0.00721902192771382 0.2820685065076241 -0.10019749135316208 -0.03545537850216812 -0.021153948914786565 0.9941106021500382
25328543.865 0.4852208370014752 0.00011101476390540744 0.27892623839860314 -0.0996307989156947 -0.03358644866409675 -0.021580550676894832 0.9942232818668232
25378544.8715 0.5295079595547076 -0.0016542597960338406 0.2782767842817006 -0.09920211401857323 -0.03251918748905936 -0.018244997084934315 0.9943684242274933
25428525.7685 0.47101277073720194 -0.004846109396600198 0.2821060130155752 -0.09970700117510467 -0.029806258285505698 -0.015792670729938563 0.9944449167424514
25478509.472499996 0.5203214129253674 -0.013451518927436233 0.27376379295947667 -0.09921282298007782 -0.030471485092007315 -0.010381952006145783 0.9945453832908548
25528545.228 0.4690617085555471 -0.01846144652477645 0.2743482921609361 -0.09768998549610156 -0.029332907512447416 -0.003872788270584553 0.994776984445081
25578573.901 0.523941263106575 -0.027698972292676798 0.25865876548789035 -0.09945921140670541 -0.03246727152741086 0.000919523170810799 0.9945113855673348
25628610.719 0.4871406127112237 -0.04941876280095838 0.24710267989126314 -0.1033877681613812 -0.037221193919040364 0.006373404868371032 0.9939240070690684
25678622.353 0.5698181410619577 -0.06378229917966062 0.23047723162085473 -0.10760338130341962 -0.05108676179240089 0.006875357593295181 0.9928566787606365
25728591.149 0.5316204132968754 -0.07267979514294998 0.21317118438628407 -0.10688523905248286 -0.055484005638767375 0.011097888401886188 0.9926600161505399
25778550.23 0.5745932642027529 -0.057399351769887114 0.19257068418000808 -0.10049958331833633 -0.054539746559131984 0.014321338633468107 0.9933378826249666
25828528.741 0.511020982437559 -0.06485389074249241 0.18166878399089306 -0.10068322570633034 -0.04913497449992252 0.019925480564082113 0.9935047144158655
25878488.796499997 0.5806744917537361 -0.059363499267573505 0.16494017225098379 -0.10017950667208712 -0.05829614179883033 0.02032407171531495 0.9930521428420659
25928453.952 0.5206296729962614 -0.050917560391430645 0.1448794862656883 -0.09565797444593552 -0.05562677305523341 0.02563819629199136 0.9935280051086913
25978395.3405 0.5718628934390233 -0.03883169658503289 0.12469588006574313 -0.09460175833827134 -0.058655476288719005 0.025464395927773303 0.993459413846728
26028343.475 0.520507736095685 -0.034366371668907145 0.10331290486517643 -0.09079412633659124 -0.05843127723219706 0.03247753615294261 0.9936233804159519
26078294.056 0.5692629235607838 -0.034420795054913945 0.08466431217771739 -0.09451558131486583 -0.05928043394417508 0.03009162821387642 0.993301127026211
26128238.651499998 0.5262732936886652 -0.03651996349985266 0.06789383959859512 -0.09158711255475195 -0.06041934806907027 0.03558245599022011 0.9933253203349323
26178200.741000004 0.5711201695745615 -0.023146000792019287 0.05511457018718203 -0.08889448861976237 -0.057371639923403245 0.032924695671869696 0.9938421550932749
26228170.41 0.5329391940087055 -0.037297446098931236 0.050027281818182896 -0.09081816048045659 -0.05498522749216121 0.03618416855252475 0.9936897868201845
26278142.886 0.589068759916032 -0.04361856001252062 0.03970221098910234 -0.09465793343122 -0.053832902068708464 0.03428239472952351 0.9934619326904282
26328125.2355 0.5475386224175944 -0.06036606570586112 0.031370051428509516 -0.09703397550124335 -0.04708612329195833 0.03654267922697774 0.9934948098438525
26378112.097499996 0.6057805820618367 -0.07777655673863124 0.02822546796041112 -0.1046926159787851 -0.043634888884965736 0.036031439322909004 0.9928933417098913
26428111.0685 0.5803872157813125 -0.08811712058887697 0.023114204691224417 -0.10398736976677107 -0.03980027104077788 0.040098771796081435 0.9929726349978206
26478112.276 0.6453578546500925 -0.08586944594235602 0.02188286606503086 -0.10431647352787887 -0.03856216502341502 0.03932440227208715 0.9930179374841914
26528113.945 0.6184734632978014 -0.09568070541346879 0.014067882319370797 -0.1055511594829944 -0.03263208432639712 0.040063033617843656 0.9930705177084083
26578101.2275 0.6813088698140639 -0.09774832376809219 0.014457160824243748 -0.10878121994142373 -0.02957392873432883 0.03917760956082212 0.9928530323448543
26628079.9895 0.6548004663155683 -0.10540337398291692 -0.0013994122946027181 -0.10838929136629503 -0.024440181000417283 0.04069725503906466 0.992974406770922
26678048.535499997 0.7197068789003555 -0.1074572975813143 0.0025620919825749687 -0.10702565259252471 -0.021535627952958578 0.03681907395494682 0.9933408690922347
26728032.6605 0.6715731188940465 -0.12364169135926611 0.003534768795098295 -0.10479545577489703 -0.009389473192359383 0.04179286498568102 0.9935708865895729
26778034.719499998 0.7464412279172502 -0.1371600018857685 -0.002216499259988796 -0.10447263133917431 -0.009070740654730092 0.034098687374873454 0.9939016402463347
26828094.3215 0.7173139039236528 -0.16115336790801454 -0.011617216256469847 -0.10708538961287375 -0.001850819995401354 0.026595598258953534 0.9938923321718766
26878150.2975 0.8013151320032844 -0.1825516118194811 0.007911136079798585 -0.10559593309105841 -0.007251001397354639 0.02458431567802017 0.9940787359741722
26928240.768000003 0.7574902604120718 -0.20083182921834045 0.030905491382380138 -0.104015591771874 -0.0021069850330536133 0.024984793617298155 0.994259562373085
26978304.5325 0.8204930023942877 -0.22089706588454297 0.030944505260587445 -0.10300956509246229 -0.007666355146587454 0.022058730380315146 0.994406189095903
27028340.907 0.7733135988409767 -0.2316655732000406 0.014512510302422798 -0.09918818013639157 -0.006262796080661246 0.02253660154475679 0.9947937393737939
27078374.075 0.8272558148151778 -0.25575072895107975 0.00593688038658162 -0.09806188221180918 -0.011721443033380274 0.01907894134505962 0.9949283738176554
27128422.340499997 0.7638348557105787 -0.26397176295950986 -0.0023528471859503752 -0.0946839539233562 -0.009203586929296782 0.015525332075091179 0.9953437631899005
27178482.0035 0.8084119916570207 -0.2838938388634349 0.007739501548217311 -0.09362739419908216 -0.016855832741766212 0.011544439129403316 0.9953976682126893
27228534.338 0.7268383134181807 -0.29795210373547465 0.014509554388513446 -0.09401461994341316 -0.014500832205823416 0.009440598542664736 0.9954204399154111
27278584.498 0.7547224344457256 -0.304735993525482 0.024585488742178897 -0.09142154711098187 -0.02166466729518202 0.006352898483769629 0.9955563186458507
27328626.2975 0.6658902988110862 -0.29526540779189464 0.04098976599504193 -0.09034400271301675 -0.01821990116403534 0.0005483594552759005 0.9957437901776094
27378728.421499997 0.6987501868282017 -0.2973506893715645 0.05605605348151389 -0.08895026353995185 -0.024294349796302208 0.0007095496971835628 0.9957394898884825
27428691.289 0.6169883373023388 -0.2778355936101162 0.0775692760674531 -0.08390949184376291 -0.02301105493599341 0.004991567066569494 0.9961951479441535
27478742.141 0.6513678630889376 -0.26626496697017743 0.08333363875838976 -0.0811526985769874 -0.030392764913562426 0.008322491707351203 0.9962034207361279
27528791.88 0.5892761001639111 -0.2713801503565112 0.097861290899717 -0.08476050429398084 -0.0340752325415527 0.010047080370395084 0.9957678402193454
27578811.4115 0.6352745782748956 -0.250587151932424 0.09095533524448579 -0.07857938014652148 -0.04358852844536513 0.009779995689514508 0.9959064579005747
27628805.5015 0.5577263744049484 -0.2296865413549778 0.08789000790303825 -0.07238153349996199 -0.04254667854881382 0.007872536501102924 0.9964380145908207
27678790.087 0.5929141923765182 -0.2219549345855496 0.07484425613514425 -0.07033474779770875 -0.048670598902151876 0.007571401694029521 0.9963066144170308
27728775.6155 0.5203818991451771 -0.21761870225648958 0.08366826038543183 -0.07494722822200801 -0.05005617003663345 0.0036943366961194293 0.995923513478559
27778794.2665 0.5527780003045618 -0.2272346382266806 0.09000710309479536 -0.0840359741973396 -0.055086159162215424 0.004188602085639628 0.9949301109736439
27828871.496000003 0.4702185887191927 -0.23355935561584795 0.09729634569810701 -0.09211787216366257 -0.05226849283245362 0.0022547118620122567 0.9943727764573416
27878855.208499998 0.5030028161409987 -0.22330700598220943 0.09556630680839256 -0.09452357811921638 -0.05506500223240861 0.00485155430655204 0.9939867208013877
27928905.127499998 0.4205156248722205 -0.20949973623420107 0.10592575785814222 -0.09484576906843027 -0.04981933410925369 0.003600009541428259 0.9942380771073044
27978968.4705 0.4586241302948317 -0.19382639520310432 0.09662007799968116 -0.09549802440665493 -0.05167132658488046 0.010240646529842835 0.9940348738862411
28028986.4905 0.38774247655271227 -0.17875240998844102 0.10030299486424889 -0.09475338411120618 -0.04760906277457255 0.007248842089034617 0.9943352692274218
28078925.7125 0.42960130097471194 -0.169899370658915 0.0991440379913376 -0.09819237557703901 -0.046601491512956644 0.011881027924336308 0.9940047281289796
28128831.18 0.3732421985291399 -0.16642557525650856 0.09898463367456782 -0.10219316123559866 -0.04591424450037037 0.008375513009770314 0.9936691052510682
28178750.2225 0.4209392820652102 -0.1513864005652646 0.08128987746753373 -0.10224336839901794 -0.04871000295253421 0.012045026088826712 0.9934931034372138
28228717.584000003 0.35662869714039086 -0.13522223982743412 0.07007889628122611 -0.0996556218494647 -0.04450163203895888 0.014461474399096078 0.9939211374841919
28278706.902 0.40695529275387893 -0.11373251574319625 0.05630243905922428 -0.09894570137829743 -0.04514881403592378 0.017238497589323484 0.9939185917220632
28328670.436 0.36198933748752565 -0.09764468923086346 0.04221067831213171 -0.09782278125906045 -0.04414986793878407 0.01586937391132494 0.9940974075005892
28378547.834 0.4277314652058209 -0.08385609119168844 0.02458840558679468 -0.09852105050343427 -0.047469824122302814 0.015067330760745035 0.9938879182026732
28428391.337 0.38545388404493786 -0.0630311270465574 0.025945703750840307 -0.09437504218339601 -0.04369284817886819 0.01689114059822143 0.9944339977093462
28478263.761 0.4438189262894144 -0.059584429394254665 0.026334132726965814 -0.1021644384173859 -0.03895625958888449 0.011705219081418448 0.9939355236673854
28528182.694000002 0.43799216830383564 -0.07960780036463291 0.022346698814302738 -0.11630970484459004 -0.04248469606990876 0.008162428929224334 0.9922703653303303
28578142.586499996 0.518218685218985 -0.06777750715173843 0.018135400023858134 -0.11637785220746726 -0.04704587864830283 0.006743995382751934 0.992067235294092
28628044.9975 0.4821120299033067 -0.08075306699761 0.016450541816471573 -0.1195615482426694 -0.041792769598085894 0.010194916610403393 0.9918943816084674
28677979.900000002 0.5512367636485207 -0.0769820057162858 0.0036831768537172777 -0.12088390926442133 -0.04102480433721795 0.010892066751118343 0.9917587452560896
28727929.998499997 0.5236405322896986 -0.07060938302365947 -0.0016720089911012954 -0.11789057663517474 -0.036238062217353546 0.014028759253553923 0.992265996948985
28777903.636499997 0.5975826403524302 -0.0646923445876766 0.0008491441861935279 -0.11701106451401264 -0.035649212916554984 0.013625529806289645 0.9923970421848433
28827906.498499997 0.560142505944811 -0.0688346504233366 -0.008944822774216413 -0.11536612573896757 -0.027274054794180585 0.014761718762603205 0.9928387958909738
28877936.307499997 0.61285362118114 -0.08619390877093644 0.006077401270544537 -0.11936594188249575 -0.021130931471165362 0.014514637137572403 0.9925193101206797
28927966.007000003 0.5715029231957687 -0.09375790508686387 0.020067524107588303 -0.1152331065439838 -0.011928526525577961 0.016971551563027418 0.9931218494468316
28977997.039 0.632165887168757 -0.09279971499033773 0.03415157463077815 -0.11166149277013915 -0.010336917730677408 0.01745287478803691 0.9935392575665072
29028031.94 0.5936988293559959 -0.10928522430855664 0.030945332434599803 -0.1113429091431508 -0.007660768603574549 0.018813393212131713 0.9935744186742069
29078078.5115 0.6501565545565146 -0.12330136622718943 0.03622884734117983 -0.11209630037943055 -0.010585540271497216 0.01792345219268132 0.9934792980429444
29128115.939 0.5943656801532435 -0.1570760113455267 0.03001462936238191 -0.11308101044861184 -0.008472925627392849 0.017514746987526433 0.9933952527796761
29178164.765 0.6231467534755286 -0.17935627684529384 0.038973148426698474 -0.11322067510879992 -0.009716621829626113 0.01860656516483333 0.9933481070203408
29228243.0255 0.5620699200311128 -0.20411654764917728 0.0440257460527501 -0.11164196686244857 -0.010101949762953767 0.018287565808354514 0.9935288555361016
29278353.3855 0.5934480694377605 -0.22102763247547993 0.05331445507751648 -0.11248298974601849 -0.011782191939878537 0.017781205502126016 0.9934246754041195
29328460.3385 0.5273911593689936 -0.23973587527739373 0.05063532696256341 -0.11147941131397213 -0.01172873602436337 0.011694109288428678 0.9936287160767403
29378524.985499997 0.5661615185480331 -0.23164001469232715 0.0500374404795011 -0.10655328359334057 -0.01864405338258248 0.009080516413222207 0.994090710775739
29428557.039 0.49726454625745553 -0.22349586177800254 0.03726095752398219 -0.09866607440821833 -0.02262597944733435 0.00443400221542888 0.9948534617918733
29478573.584999997 0.5443945397645219 -0.2068727593432436 0.03349108834474741 -0.09094349829609005 -0.03467672511837533 0.00881511868556971 0.9952130920236595
29528612.9775 0.48705336384798115 -0.1973618347132577 0.02838863554919989 -0.08152753878111031 -0.042041342995985276 0.010918459171393237 0.9957241451068217
29578692.601499997 0.5003441386471363 -0.19717278979674324 0.02158151064476473 -0.08032915288735686 -0.04170568156862151 0.011299198573453595 0.9958314071332025
29628769.277999997 0.4111679978089025 -0.19630501472707138 0.02143541149256142 -0.07707897468599897 -0.036852133487178876 0.010449771785429024 0.9962888909289468
29678820.209000003 0.4294029277554285 -0.19305962087478604 0.021985853462766783 -0.07658652371791688 -0.03615173120711483 0.012353207286435821 0.9963307457793681
29728874.816499997 0.3291795691492366 -0.16944066105862363 0.015104883952404433 -0.0699240701481885 -0.027556187057055526 0.008238311190540627 0.9971376089575178
29778862.665000003 0.34410581487768027 -0.16395094623498963 0.010171457573275719 -0.07035050200749854 -0.028759461802954613 0.006591126983295006 0.9970858825944672
29828895.562 0.25355419628664766 -0.15401719053344254 0.01381229401845908 -0.06982683910793835 -0.02504294129018063 0.00205901944138929 0.9972426104367336
29878959.0545 0.29478966837970505 -0.15028570937904187 0.009345184197747828 -0.07012355706514509 -0.029027547364720102 -0.00018043540500885493 0.9971158687342133
29929009.9065 0.21141520944347617 -0.14288186347088885 0.00044252267788358427 -0.07053743769609737 -0.02466867181307647 -0.007395351384104995 0.9971766319424826
29979026.1715 0.24510508786616736 -0.14461807303140894 -0.006619982667179698 -0.07490226576881505 -0.029182573416669987 -0.003972904300249639 0.9967558597885942
30028997.915 0.16281017716402324 -0.14655640963730568 -0.009751798706375006 -0.07779620251421619 -0.02683930531492272 -0.008947323905481811 0.9965677839261661
30078967.944499996 0.20324087469513627 -0.13385669712105963 -0.012709989855856545 -0.07783574745669669 -0.029887734798854284 -0.00935018082949576 0.996474231400344
30128982.445499998 0.14149904324879764 -0.12549503920115063 -0.008586236419847343 -0.07925211254386458 -0.03360290502092016 -0.01394299990835249 0.9961905140007333
30179041.6395 0.17756990240689055 -0.1136495905798455 -0.021906022994375086 -0.0807643035899909 -0.03599304975347791 -0.014643236997761289 0.9959755033359479
30229011.577000003 0.10488517087521054 -0.10860479980035274 -0.013404066112539486 -0.0835255811706201 -0.03354632123226778 -0.017269093969027267 0.9957910925567575
30278948.693 0.1609274515149103 -0.09777573539489648 -0.022411019438912876 -0.08438027394958719 -0.03995307776168277 -0.02099454375726468 0.9954109453275998
30328843.9155 0.11648565900596945 -0.08776031610880979 -0.04757525448091398 -0.08707154116873217 -0.042815475362944846 -0.024218232291867734 0.9949868637387148
30378733.774 0.17507713116883294 -0.12824433189155984 -0.02614734402308996 -0.11062497068512775 -0.04132281626618841 -0.019543721757724862 0.9928104469920742
30428637.487499997 0.06850649281892782 -0.09450332228776068 0.0010080134544409483 -0.1053813178351733 -0.018707038005407635 -0.028958102595328127 0.9938341173830092
30478574.2455 0.09837771255006005 -0.06451833135058362 0.0281109277275021 -0.09638380792747633 -0.012736209548285042 -0.042816835605440834 0.9943413242566549
30528527.7735 0.05260902240188213 -0.06900139746883023 0.028162222392253498 -0.10704997500624733 -0.009169422781782396 -0.028683283430298266 0.9937975114623038
30578478.825 -0.03941089099485184 -0.1538519874426763 -0.08800976245365431 -0.11240968232810145 0.012589789094657343 0.021296817452332518 0.9933539178439119
30628412.985 -0.021774783082606664 -0.20313697553172477 -0.16575244912159587 -0.12020844429475062 0.02865362585475405 0.039337708481785645 0.9915550636938997
30678324.699 -0.06522557573217026 -0.22680342564979936 -0.20946628246585847 -0.12867423146935117 0.042045417018842235 0.04135903163239226 0.9899315913566524
30728229.645 0.012431764503784781 -0.20818983478065223 -0.2167447827980298 -0.12609161535862642 0.03734186174118422 0.03955782529259662 0.9905259554176633
30778132.757499997 -0.0232061938733737 -0.19538188299458192 -0.2278052147134593 -0.12349425824527628 0.03647173442671235 0.03296887395271321 0.9911266488792674
30828055.878499996 0.0730558681277252 -0.18527474439963332 -0.2508669620254479 -0.1263054142343637 0.030504806107592975 0.036326379873228024 0.9908565957113722
30878006.9515 0.044619182954558544 -0.17462461692016965 -0.26894069440386453 -0.12312216457255515 0.03513944216545425 0.030142971419242538 0.9913110276140825
30927979.651 0.13527857919903985 -0.161544770277443 -0.27421418814483806 -0.12150969652372269 0.030430296341178997 0.035546986567940704 0.9914866627752688
30977961.807 0.1159751176292266 -0.17149398575685265 -0.2755905067308023 -0.1225747679076054 0.03394044927726457 0.03235019498788284 0.9913510665044447
31027947.0545 0.20380662556190288 -0.16428043335957299 -0.27232974838399143 -0.12159600644048171 0.028951989120582992 0.036865513006251106 0.9914722020785424
31077932.2015 0.17291496796157826 -0.18041098558732532 -0.2738761942567361 -0.12232070350756086 0.03277128363151709 0.0376435342974245 0.9912349130191878
31127931.1335 0.2206134287249772 -0.18443452096585977 -0.22504538461906484 -0.12276871747228932 0.027129209453606532 0.03574849113599856 0.9914201396916097
31177964.28 0.5153753292229438 -0.10835867564105338 -0.06980664156774066 -0.1065282311598929 -0.04584255381160868 0.003719116775802031 0.9932453696828303
31228043.413000003 0.5959755177013225 -0.12191599434436856 -0.17692157932463454 -0.080190756324142 -0.0746631281243086 0.046980703398900696 0.9928684068933806
31278155.037 0.48887022973922833 -0.1477072488229756 -0.15071792637598314 -0.08154257953037129 -0.048191634307800116 0.04500435193416576 0.9944862907115724
31328268.345000003 0.5574232050732814 -0.1805457591355096 -0.219157842617221 -0.07851920958419352 -0.06250057540084973 0.05485950907661171 0.993437892404306
31378346.9865 0.594761382333921 -0.17212975378831435 -0.16621521685275867 -0.07326692671022106 -0.07436283892754804 0.05053712438505344 0.9932512898033228
31428382.2375 0.6057532061592259 -0.16689650018488855 -0.23606959754154785 -0.0678771041937142 -0.07747131488265942 0.044821470050276334 0.9936709364367863
31478426.213499997 0.5653776832503029 -0.18676614245754633 -0.20814847926514984 -0.07104876697543096 -0.0760073118449073 0.04332365771446757 0.9936287143292617
31528504.934 0.6755982440176024 -0.18560982219476502 -0.19872796141232377 -0.06201171581739459 -0.0944422373388386 0.048934629156982615 0.9923913607932537
31578619.615000002 0.6656114509071868 -0.18859623149470908 -0.1979696276829775 -0.05210951878802074 -0.09907403605122132 0.05225400834932212 0.992339887358979
31628748.221499998 0.6632339670337666 -0.11519531952712293 -0.024901630695898264 -0.02853629332266083 -0.10865559762719931 0.032485076427486895 0.9931386413171022
31678845.4595 0.6147165861692124 -0.14910372257297558 -0.028377050598598182 -0.03793165562850743 -0.0934200000656083 0.02998705023144176 0.9944519444937695
31728904.943 0.49716479881666487 -0.1560401003100953 -0.031146125110561505 -0.03793240841851873 -0.0861275775957925 0.031862399312896784 0.9950517374885977
31778938.09 0.5349354582646402 -0.15757626073778644 -0.010211093799778139 -0.03704595853440138 -0.0889990468655357 0.028887430362768807 0.9949232548193503
31828984.108499996 0.441803560856359 -0.16977484721453517 -0.03252015880695284 -0.03747148979978642 -0.08591448558047138 0.029610815249735 0.9951571676071441
31879051.4515 0.4996493182184461 -0.17611544019182007 -0.04610352689183374 -0.03813965649541045 -0.08964374238396647 0.028205620019408354 0.9948436103494508
31929160.970499996 0.4260005330767352 -0.17714420158823568 -0.08963605145919266 -0.03550866540612163 -0.08349464528910257 0.03198441748192314 0.9953616307289854
31979260.072499998 0.4569307695057536 -0.15851379761639986 -0.05384588373217076 -0.03669888212444209 -0.0862973585197099 0.030466743212117692 0.9951269946702199
32029308.899000004 0.3673361491269269 -0.1531365938299966 -0.047266679148443784 -0.03838663123633848 -0.08560213226774092 0.026652289735533075 0.9952328355442231
32079273.726 0.40004383680960504 -0.12344129027844698 -0.015055204601420697 -0.03784315696949455 -0.08657630762855971 0.025299856583474258 0.9952046802968939
32129278.271 0.32143114567101166 -0.11105946367511477 -0.03272504404969136 -0.03572257240780997 -0.08271153528487207 0.025618626558355076 0.9956035283809774
32179113.775 0.3702120131094119 -0.08653247191515799 -0.017614122594841804 -0.03601949281886788 -0.084495584409772 0.024214361219986314 0.9954781549903698
32229072.124500003 0.3223865697227805 -0.10451097166733002 -0.0340350121081685 -0.04452462952263591 -0.09070269447181209 0.01603511075452068 0.9947529611941426
32279055.548 0.38082686488342915 -0.08529794115524338 -0.02483618698987336 -0.04471971984137328 -0.09582619343774515 0.009465116863708616 0.9943479767522522
32329009.146499995 0.3281627553658978 -0.09569788674585186 -0.04418324382826226 -0.05128856565608743 -0.09936498889328567 0.004927923698599773 0.9937161554403748
32378930.825000003 0.3720883990118973 -0.06617828108581003 -0.027427411538508636 -0.049187035256903516 -0.10187758692141329 -0.0006942279277775726 0.9935799469057788
32428848.893999998 0.31027541869418657 -0.06771333092310229 -0.055918798967926835 -0.05294723784681407 -0.10428619599174566 -0.007497049124960407 0.993108641380379
32478775.343499996 0.3479388039235385 -0.021822164264574048 -0.04995391999036132 -0.04546925772662256 -0.1023903355772364 -0.011543166058871283 0.9936375199737116
32528728.942999996 0.30405063428976137 -0.03789767336681368 -0.07079086474686956 -0.057222566248031265 -0.10643727995777386 -0.016978798153061476 0.9925262735869805
32578659.221499994 0.37776271910587333 -0.009936233108808687 -0.06405182545866057 -0.05566075373244125 -0.11201516720926298 -0.02000736948011459 0.9919446496531465
32628535.496499997 0.32909884870498074 -0.0095571160850533 -0.06967208055651063 -0.05861010223215256 -0.11368567249255457 -0.022166265132443873 0.991538743810009
32678409.245499995 0.40293985831792745 0.01282239459370121 -0.0468381150903349 -0.059991096771194595 -0.1186768354936054 -0.0215284949694916 0.9908851603136266
32728342.814499997 0.3497414598049625 -0.026786690658195347 -0.030276831595838025 -0.08009453463912788 -0.1167502807037271 -0.022998022477529738 0.9896591981276511
32778240.071999997 0.40880869420621496 -0.020804457552193442 0.03941028871374603 -0.09660381782750437 -0.1216014691443133 -0.006571540474616498 0.9878449270704819
32828203.293 0.37329777147799215 -0.04736447791189253 0.02064827152636943 -0.10427627647902753 -0.11807570964511821 -0.012315980082159558 0.9874375431337857
32878170.856999997 0.28748856822156965 -0.16842847002559275 0.04179396509182012 -0.1627867835816706 -0.04983358869379501 -0.04064265747684008 0.9845634824236843
32928143.544 0.2430304019726962 -0.2681761384013375 -0.02517852119555375 -0.1889685280183266 -0.026565938209134818 -0.04197617717999919 0.9807258265667366
32978114.054999996 0.3405021720439222 -0.17000893390195573 0.02968437730831481 -0.15431876696430427 -0.036317312100174026 -0.036965353222354044 0.9866612051082082
33028099.491499998 0.3252312957574163 -0.07355392255536829 0.07160172971430472 -0.12191060125242927 -0.034522362686966006 -0.028395237934369186 0.9915340247512595
33078112.941000003 0.35115728383446365 0.014932956864823604 0.07689371003629593 -0.08384423368820144 -0.02285939109489749 -0.023081716984358226 0.9959492090749722
33128158.3675 0.2932360770360154 0.03568689385643414 0.07935069828689768 -0.07538539132870362 -0.012261970271470928 -0.023658083001824152 0.9967983657530537
33178212.667999998 0.3453172009073363 0.01963109767757665 0.08026595098396679 -0.07944215326457629 -0.010662787931812408 -0.028349371947388548 0.9963792261726443
33228272.713 0.31869636656313827 0.018620227786713555 0.08882953807761655 -0.0838192500897877 -0.012835906501146839 -0.033694664424930215 0.9958284201648249
33278309.118499998 0.38651130434044245 -0.007616283777178366 0.11599538086754099 -0.08701170425315587 -0.016774145842325755 -0.033276505369034357 0.9955100529601126
33328403.092499997 0.3270876522727478 -0.01926134080718725 0.13800312437913154 -0.09137122529475229 -0.0101747144372745 -0.027679115265217786 0.9953801489643996
33378405.367499996 0.3696804952574405 -0.017295847198349746 0.15400895546512017 -0.08978309439845597 -0.010138235265392764 -0.02815727207993973 0.9955116172978383
33428469.684499998 0.31628104924412037 -0.004465174624770065 0.1566856218196191 -0.08855319050875587 -0.006635439492863828 -0.026179235429231586 0.9957052530873769
33478515.882999998 0.37068941853617976 -0.011143048003777401 0.16975812806385082 -0.09024222400796825 -0.009107076599737373 -0.026849606340572412 0.9955161981611642
33528529.060499996 0.3327331577757802 -0.007045499095217806 0.177115670800674 -0.09332020954496859 -0.009048263918905572 -0.02878386917095767 0.9951788564303836
33578529.614999995 0.3845755783732513 -0.004777478960211432 0.1978794408170935 -0.09032648206059446 -0.00953890112435109 -0.027391294426489264 0.9954897553433376
33628545.841 0.33727964800235033 0.010199908381582861 0.20795113261771295 -0.08891390662307795 -0.0061672942855904075 -0.02869661244422391 0.9956067427074023
33678577.7455 0.3906618962709052 0.007227562018239072 0.21573437518668395 -0.09049886418572628 -0.01021438735205699 -0.029156598056341916 0.9954172565622401
33728596.116 0.34181677363876545 0.011929418912828355 0.2174876708714221 -0.09119290416234889 -0.008996653239207569 -0.02808442147615373 0.995396493730654
33778600.5615 0.3928638616948525 0.00661811592488825 0.23349176791430185 -0.09277044375400231 -0.011427799685507223 -0.025936391208260426 0.9952840568255504
33828597.5285 0.34032275245441795 0.020239077564498983 0.23692027016168796 -0.09145362490617581 -0.008966436466131012 -0.02835090117244101 0.9953652916951293
33878585.7235 0.38505900548729965 0.024288260534771122 0.24132524853228426 -0.09161084524088611 -0.011083084854596881 -0.027864539379933554 0.9953432501953788
33928586.831 0.3321130987872746 0.031919197738711595 0.24434791929769178 -0.09127348619228387 -0.009001072388077543 -0.027904322138895675 0.9953941331051436
33978601.030499995 0.3787040230856107 0.031884704411902345 0.24454407891702848 -0.09179275867083475 -0.011102718592909556 -0.028216285876357366 0.9953163619205645
34028603.822 0.3243634935475681 0.0383974439524035 0.24082877206943587 -0.09112918311812039 -0.008582017126832486 -0.027869004427980383 0.9954120451142089
