#timestamp tx ty tz qx qy qz  qw
3178524.5335 0.0 0.0 0.0 0.0 0.0 0.0 1.0
3228603.036 -0.013884761025999372 -0.0003567669199503044 -0.005937079341883433 0.00022867132882831162 0.0008068653956754296 -0.0006238563632374748 0.9999994537402981
3278667.3614999996 0.01462341396990991 -0.004474543034287956 -0.004990966682372679 -0.0004146585204085245 -0.000684306693172983 -0.0006202843429154994 0.9999994875148661
3328672.8200000003 -0.02925651801156736 -0.001998411855213426 -0.002617797438272284 0.000330908503619243 0.0024127357416237364 -0.0023353500515460356 0.9999943076567687
3378627.3395 0.01521670784141254 -0.006486897113395133 -0.005691148463595981 -0.00023846846117649015 -0.0006609209900148027 -0.0010952298656944682 0.9999991533935313
5828571.024499999 -0.011581305089420613 0.004891408664067004 0.021195140702997793 -0.0013375338054489648 0.009870904895067183 0.019299093935605156 0.9997641327898978
6279119.276000001 0.058003278984495185 -0.10943278878546805 0.03802157287166994 -0.0024948324210228028 0.004762807390369287 0.015187081172450346 0.9998702135989523
6629534.926 -0.06984618205876024 -0.11618394142145425 0.06331767566125214 -0.006003027061741788 -0.005634530486343009 0.020806666167119403 0.9997496178420398
6979444.6615 -0.07625417335505158 -0.03525312612459543 0.04326577019627204 -0.0011481848530159747 -0.01802213068935019 0.012421268686534337 0.9997597694252235
7029381.909 -0.1388011540617986 -0.026275199632720028 0.03708600923214928 -0.002214926699570841 -0.013806157409142412 0.01736825878450081 0.9997513829468325
7628357.9395 0.08407718411480988 0.07590552180992163 0.06176678759105273 -0.008394364678585257 -0.010715603081576342 0.019419764175066637 0.9997187520756153
7878206.262499999 0.33808623119525805 0.0472676987188001 0.08847467484042197 -0.008933961408772662 -0.022109561600395997 0.03375653654267646 0.9991455588952131
7928221.5455 0.3214869646468471 0.017153190105139708 0.08424595763051106 -0.010254135372085974 -0.020940422070991782 0.03477748995659515 0.9991230542949044
8128697.413000001 0.39688190610500046 -0.07600268024467205 0.08195987332831986 -0.009714112273655321 -0.025106751957664344 0.03192008143296522 0.9991278173638166
9827910.363499999 0.3627696737084682 -0.021768067861868173 0.07402767862285392 -0.08793346348168178 -0.06143371138503364 0.004941554181264586 0.9942178765984093
10027789.2285 0.4671784433996922 0.007871089071822273 0.07905901286814779 -0.07635821176740061 -0.055375165495815545 0.013462190354405226 0.9954505432078771
10227916.214 0.5674039790751286 -0.06134722104864502 0.07687908757295304 -0.08069760806898116 -0.060300339918896766 0.01559225740263267 0.9947907551674878
10378169.441 0.6720554680195683 -0.1255769586605625 0.09121100118949318 -0.084988317642163 -0.06507181365501305 0.01462917563337334 0.9941471883741813
10428205.0045 0.6641290674504977 -0.1419541032490945 0.06987686097542427 -0.08461303259201673 -0.06459802126710051 0.014000183627644198 0.9942191535181515
10578301.830500001 0.702797213830229 -0.16879136768539119 0.09950188230787133 -0.08107351459598895 -0.06177741059143384 0.019432274395878444 0.9946019422278817
11927982.455 0.3738607439176216 0.05224556814396608 0.06232309811823259 -0.057819181552254316 -0.050692901226929446 -0.01709169878892931 0.996892695249761
12427834.223 0.6942040933025614 -0.04425070871996987 0.06510133159336975 -0.09277484698245905 -0.08088256489682369 -0.003330026270790856 0.9923909256881223
12527866.1825 0.7537289582550027 -0.06749008729034078 0.08041396732556409 -0.09367627024785143 -0.08268448112076338 -0.0017057605482909439 0.9921618433275861
12727933.0055 0.8118189009563629 -0.09965696565189033 0.0954195932032465 -0.09305804223293147 -0.08312775052114889 0.0011224233110699972 0.9921838126249481
13628479.152 0.6938545238159495 -0.17555284931023404 0.140415456459124 -0.08693427255102751 -0.07614674443020954 -0.011551994249547651 0.9932324284866874
14627760.932500001 0.7828853718595337 -0.016698390784757034 0.10272219334378406 -0.10811262938633441 -0.10310755668801919 -0.028313741789772664 0.9883718041035277
14877714.2995 0.9532938331476924 -0.030407698649656024 0.13101298018769955 -0.10932145572969218 -0.10942264237733065 -0.023001901870214718 0.9876975332371023
15578566.943000002 1.0161225630724806 -0.31188909542106497 0.21017858512116439 -0.10523910115720143 -0.09318845467582375 0.005814575859629617 0.9900539552015986
18728460.7845 0.6473106485250993 -0.07302440304000098 0.08161816722949797 -0.07338722301474743 -0.11255875048654018 -0.023598765269226524 0.990650261931455
19327753.198 0.7875090855529709 -0.02439844400196919 0.054026949468706946 -0.11236723282386889 -0.10041891076100332 0.005758512038687569 0.988562839119588
19577694.152499996 0.9067704459807796 -0.05615121256416719 0.07357762319446565 -0.11722616991673404 -0.08358444685684073 0.008669181897523566 0.9895435870215706
19677867.786499996 0.9134285112591385 -0.14670482245667002 0.13560998759941556 -0.13159731638363176 -0.06933689757885138 -0.010540345222087261 0.9888192160740836
19727922.366499998 0.8798925833431208 -0.17213192412142522 0.15026474430067505 -0.13146709369861043 -0.06659572955416497 -0.009827678620858309 0.98903226884289
20378559.8085 0.8169489613819315 -0.22472776776269857 0.23615109415685565 -0.10419422732319458 -0.07200341031377853 -0.02290483649089089 0.9916826308658601
20878599.662 0.7084612730406102 -0.11283674537939418 0.2808183459419283 -0.1021417486013423 -0.07244011243885258 -0.015887628640275566 0.9920015506836142
21078492.983 0.6773589625510911 -0.11447473305677479 0.27083659309818353 -0.10577692056448078 -0.07865545748114625 -0.01390119691188482 0.9911767343964163
21128538.3305 0.6092058582148585 -0.09588712945720376 0.2812373356670522 -0.1020344779004043 -0.06813796747033385 -0.018162666064870218 0.9922783381037901
22028194.617000002 0.7753701193880922 -0.10483671751870918 0.13453723109943228 -0.10793225561913168 -0.03615090027892142 -0.0021114263468525224 0.9934985065337401
23128800.894 0.6127427768992757 -0.3510214979682916 0.12176321195750575 -0.11074208340542531 -0.04416437680514064 0.009357111014129291 0.9928233192557016
23828303.8925 0.5374978186619941 -0.11171245879372368 0.04578222580559518 -0.0949047563495496 -0.0455555121543626 0.02503931876021073 0.9941281683216762
23878284.2675 0.5810589035162641 -0.09518475165601367 0.03348471381523964 -0.0947707449801155 -0.048451560577741686 0.02212018989934367 0.994073261571959
24278086.4885 0.6641283706874987 -0.05052976429449342 0.07764152345918553 -0.1012735063264393 -0.037790956231865236 0.0013247384708744818 0.994139711313965
24578184.2495 0.6811712294840011 -0.03853455257385321 0.16830468830618725 -0.09953027708535706 -0.03736983178615948 -0.020448699316191803 0.9941222612495217
24728363.451 0.6153500466194439 -0.04651521006393255 0.22024289456409932 -0.09919018817856627 -0.03523821965591209 -0.02032948665008224 0.994236534440938
24978549.666 0.6337572447256913 -0.03569711421236775 0.2766691361688807 -0.10263135064830882 -0.03981500674741321 -0.025348146149756456 0.9935990351185824
25178448.5525 0.5767487713522736 -0.011855709614859444 0.28345551955535403 -0.10040790182226124 -0.03677575824885565 -0.021982849086867547 0.9940234158222314
25328543.865 0.4822580288325438 0.001487103068118377 0.2720232317091778 -0.09922171470452174 -0.033707501928326805 -0.02165079482690238 0.9942585673396079
26878150.2975 0.8157938253367472 -0.18993628655483052 0.016989143979335493 -0.10800683868009502 -0.011065887094824057 0.0239321446149498 0.9938004434469052
28977997.039 0.6516976606930726 -0.09729461459312067 0.0320332780401627 -0.11184492895794639 -0.01590321634681853 0.017748637228136924 0.9934398751070758
29078078.5115 0.6625838217239317 -0.12180196169819374 0.04162428264025556 -0.11048859219353731 -0.013362777766141672 0.018777679105465895 0.9936101377969506
29178164.765 0.6349231479178353 -0.1765028384299731 0.0434739199626814 -0.1116333394479513 -0.012863144874307647 0.01958836553444271 0.9934731163767493
29778862.665000003 0.28812047586738415 -0.17310866970479966 0.05152747294080237 -0.07980082902013935 -0.010804721299470323 -0.005864616689805133 0.9967350159176817
29929009.9065 0.1621603701302411 -0.16154607849394437 0.06629586317264392 -0.08536045824805892 -0.0014823418478523644 -0.01642810258408171 0.996213587678774
29979026.1715 0.20033386978876086 -0.15402841706159115 0.04355086852049602 -0.08762579259980466 -0.007162937386848995 -0.013642911854293572 0.9960342784038028
30028997.915 0.11865982928232455 -0.15670317165680847 0.059307680111647956 -0.09039153892230815 -0.005045592853249926 -0.019987446832518012 0.9956929314066326
30328843.9155 0.03689808170299369 -0.07393659600337707 0.033502190897274485 -0.09052286336901891 -0.0084036213266124 -0.03057599132514842 0.9953894208351609
30428637.487499997 0.08987231022755535 -0.12570304708620367 -0.006167888106312483 -0.11720795566438942 -0.02596040046126149 -0.030842933863221962 0.9922888017949081
30578478.825 -0.01796912776206041 -0.20596727023145417 -0.06260842029521817 -0.13482571137365457 -0.0015710516455259085 0.017771604822890467 0.9907087005832411
30628412.985 0.07986624187266614 -0.19295314741618136 -0.2111331022659774 -0.11595774419204713 -0.005650695944085946 0.03573367233326054 0.992595071445964
30678324.699 0.06507601537573446 -0.19751841356089447 -0.23935711269086293 -0.12122349063620688 0.0034499254167223476 0.03275437496774982 0.9920786834989777
30728229.645 0.11956413345290666 -0.1988514217351163 -0.2578041152580435 -0.12285805379091969 0.002264800152487005 0.03851078624506406 0.9916741847208507
30778132.757499997 0.17776508525595264 -0.14800936380496127 -0.19616252434010584 -0.10940657948784965 -0.03377596702344051 0.03442191793327418 0.9928265286454604
30878006.9515 0.2502225671744877 -0.1237042848878685 -0.21897287494901593 -0.10774970940862867 -0.035090622816863426 0.03192420062144917 0.9930455647790599
30927979.651 0.31762923270215826 -0.13912372996346914 -0.20782668560631223 -0.11055691603578319 -0.04009061102642993 0.029763599111565356 0.992614748727879
30977961.807 0.32385129273286306 -0.12350129614345391 -0.21549594811894732 -0.10876249439375266 -0.036395800607142086 0.034047847492548355 0.9928176114435814
31127931.1335 0.4111638005740247 -0.15744157851455107 -0.18295411145565033 -0.10962541851190606 -0.037836813965601436 0.03631697840549772 0.9925883941516325
31228043.413000003 0.6443415000325323 -0.08132355832750632 -0.20335466639851513 -0.06188105925814166 -0.08909359528182567 0.05694908402230005 0.9924665574284454
31278155.037 0.6590248380008178 -0.12010808485039359 -0.20125876803604878 -0.06926278178909806 -0.0883758428383254 0.051888564629505377 0.9923204897220157
31378346.9865 0.6748235486051898 -0.15218144260259794 -0.19254066542623702 -0.06534792288936991 -0.09152431553496174 0.05440217719172516 0.9921659900221846
31428382.2375 0.6828503096244782 -0.14686151318485016 -0.2028950512826527 -0.060728787613471294 -0.09284761306233828 0.051637070601163584 0.9924842306270435
31478426.213499997 0.6898858689659711 -0.14833707383013806 -0.20783785524083925 -0.05453705473240839 -0.0971044748961172 0.04768213842180566 0.9926342953433491
31628748.221499998 0.4213510590742069 -0.305750799062967 0.023122581454295403 -0.1138052133367715 -0.02069384388449601 0.010094413234256765 0.9932362463503394
31678845.4595 0.39726991054875876 -0.32071456225803363 0.027172944026909358 -0.11382566806829598 -0.017046681683417785 0.007858813417460715 0.9933233949646307
31728904.943 0.34935197987344707 -0.3166455641313928 0.044939156984712535 -0.11175159521555367 -0.01295973693102555 0.006275312404517989 0.9936318466311772
32728342.814499997 0.14422126234410046 -0.06324356320059782 0.0004353845517301026 -0.10553888143700668 -0.014165119393095208 -0.04015677325688045 0.9935030586058607
32828203.293 0.18405459854969225 -0.07795683446365927 0.014900455680904656 -0.11780730588211064 -0.013896382553421134 -0.04156221541742004 0.9920690054035172
32928143.544 0.2667870190943244 -0.3416304854698159 0.019139955885373303 -0.2140650028959161 -0.03070079669960557 -0.039403757993588674 0.9755413776325245
33028099.491499998 0.3039513129377776 -0.044071174418774735 0.06806420347159708 -0.11151590770728824 -0.025774948391980305 -0.0223997991217183 0.9931757666007146
33178212.667999998 0.32405509912875163 0.0013031275489923315 0.09453679284419851 -0.08398642966047332 -0.006196848297764016 -0.026080202116070757 0.9961062703153946
33228272.713 0.3050478233147794 0.005126662342031264 0.10749544404185687 -0.0865266631919509 -0.007001105555702982 -0.02979862372657484 0.9957791738642994
33278309.118499998 0.36436799149920635 -0.01229702360743375 0.1183916619759836 -0.0900790401444571 -0.011723396510746121 -0.03148413226937643 0.99536781036768
33678577.7455 0.3906618962709052 0.007227562018239072 0.21573437518668395 -0.09049886418572628 -0.01021438735205699 -0.029156598056341916 0.9954172565622401
33828597.5285 0.34032275245441795 0.020239077564498983 0.23692027016168796 -0.09145362490617581 -0.008966436466131012 -0.02835090117244101 0.9953652916951293
