#timestamp tx ty tz qx qy qz  qw
3261198.4894999997 0.0 0.0 0.0 0.0 0.0 0.0 1.0
3311088.6410000003 0.019773020992078064 -0.004193390104694087 0.0027867463669094404 0.00031166071045107845 4.9583066214585806e-05 0.0018701165495135716 0.9999982015349889
3360916.286 -0.11744396077826769 0.000962649242311344 0.023091163743858206 0.002798877300945409 0.006214953274241968 0.0040594536584347765 0.9999685302436513
3561375.2484999998 -0.10068540891950731 -0.03243267983471295 0.016370785280624377 -6.644733540643449e-05 0.01368657932660393 0.0004990133019745547 0.9999062076599049
4410568.3319999995 -0.23560609472202254 -0.05003985011770979 0.027223485286654654 -0.0004148911290730687 0.010486167843935402 -0.005171328392063046 0.9999315604139921
4460611.676 -0.09890414338392185 -0.056865620079328466 0.03208658562002117 -0.006114099331836631 -0.0024148190299363432 -0.007079778970023422 0.999953330495053
4760652.314 -0.28524242367616603 0.01292666677758744 0.018610511126893353 0.0008985565893671732 -0.004161404142719786 0.00027819289133896235 0.9999908989187511
4860701.098999999 -0.1856695251641955 0.05738398636004629 0.022437344777576723 -0.0003669982235167985 -0.006512562193503507 -0.002455862098038341 0.9999757099986655
5160907.792 -0.23230158162231038 0.11585284989746274 0.019944812787922508 0.002022637192711468 -0.0038615248746935752 -0.00045069957519642536 0.9999903971710536
5261025.590000001 -0.08512794385532312 0.16947452556031006 0.02728956417125118 0.007204355500412695 -0.0019315959260138712 0.008777338182906507 0.9999336600662192
5360995.7265 -0.1518546482846627 0.15992244164121466 0.023745136541558364 0.006939274951070339 0.001868638996895673 0.009461060653023422 0.9999294190005474
5712234.128500001 0.1654971217560828 0.11114651666512645 0.0002821294972960719 -0.0006852253447927948 -0.00752512280394104 -0.004518300824502974 0.999961243224292
6161694.208000001 0.10194858671774984 -0.05416655145281263 -0.006562880848329039 0.00047650020593560264 -0.002921740454463268 -0.0031452509846214764 0.9999906718447499
6660473.177 -0.06990300714333596 -0.09899477787021088 0.009616133606051291 -0.0012669909334984024 0.00047250815928776317 -0.010005526301420034 0.9999490291577093
7060067.278 -0.22359447465202295 -0.03513444951621867 -0.05536993936422998 0.013142298946800288 -0.04329491739039462 0.008193031719315668 0.998942292796635
7160239.914000001 -0.34628459244047244 -0.0222777305508997 -0.05914032175647374 0.01438225679348272 -0.03845741981994807 0.007755236126308621 0.9991266355487396
7660648.396 -0.062431623170352196 0.07024389059301281 -0.029595282793847766 -0.0076956864896269425 -0.011807651578585694 -0.003068292755373265 0.9998959652649966
7760886.8950000005 -0.09792404803188708 0.03463441638222072 -0.01204582249184554 -0.008295706001691215 -0.008611543734665937 -0.0054277943760876 0.9999137770951305
7911613.422 0.12129713995867096 -0.007120448072772791 -0.02107023102528674 -0.0005583407468291534 -0.005346643365695123 0.002285216526534188 0.9999829395773496
7961743.884 0.03146328969145677 -0.042444416432001475 -0.0407668644259405 -0.0008926874893608563 -0.0027218252911690153 0.002522131083656577 0.9999927167889412
8260651.456500001 0.19911280645426227 -0.16106160360115485 -0.049205298823176986 -0.0027104295744431834 -0.008544714226116742 0.006561990948627064 0.9999382889484261
8360628.01 0.036971726243196466 -0.19618012378294875 -0.06591025961490021 -0.0031319026067588014 -0.0027939194527037453 0.004091448832100082 0.9999828224757703
9059938.519000001 -0.1923118506105592 -0.09256856588349725 -0.0651555596172037 0.011171841331309464 -0.03605242319121514 0.01922075577936976 0.9991025849684202
9160034.8915 -0.3503599513615935 -0.07942196693321432 -0.06433740222969525 0.014199344444920523 -0.030197279013922176 0.023736207783665333 0.9991611959026134
9260207.0055 -0.40974040362582415 -0.06012394293718294 -0.0865678169412083 0.015108240528441284 -0.0264574237706228 0.027414191569361028 0.999159750938835
9410290.262000002 -0.1796990135475455 -0.0007591453106165768 -0.0966159829130991 0.012311808362055395 -0.06989150578913766 0.03128241481205567 0.9969879674885297
9460370.518 -0.4112297742851389 0.00031525212444237776 -0.06594837470661527 -0.0019438490373800733 -0.013619583064657716 0.019174800705214278 0.9997214889287817
9610512.643000001 -0.43475210808778053 -0.005464263257144107 -0.05837092980437313 -0.03749727657655967 0.020960906785948658 0.022933434666009462 0.9988136223592826
9660433.9615 -0.34115163700730705 0.04752921778632389 -0.037058102849680224 -0.029112605090668785 0.0060593661077425936 0.009469081871157 0.9995129197742891
9810729.317 0.031778283763682 0.13469664440236429 -0.0028187408886636085 -0.003562969889512206 -0.05953309537834874 0.0037641567495112355 0.9982128765570016
10112314.231500002 0.050988482223194166 0.0574216837388294 -0.059483571566078856 -0.01913033857733194 0.005700669988570818 0.013943515063339887 0.9997035114949215
10212567.318 0.23229609399479656 0.044238405726722885 0.01658431144259946 -0.0066034589928739 -0.011589247937746272 -0.005749096187014983 0.999894510213252
10262092.736000001 0.21573621473327192 0.02476748704025138 -0.08920303435505177 -0.009210165469056094 -0.008250267444374215 0.019658766030906744 0.9997302830550202
10511862.158499999 0.3107514189020383 -0.13224832693528085 -0.11894957651201969 -0.014860802043813837 -0.009841741764903763 0.01579197715313157 0.9997164148593553
10561213.4515 0.3492353964438129 -0.1381204383136209 -0.037798851930032656 -0.010634404047777003 -0.008187938358739762 0.007386837159978722 0.9998826439901605
10660814.1435 0.24445885620274366 -0.173665470885967 -0.10185243129995034 -0.016123648796388588 -0.004176762418093861 0.02966428637992813 0.9994211388192483
10761328.5045 0.28260345577155166 -0.17683914828882005 -0.05290917950415679 -0.005854913881612881 -0.01636346771279932 0.01612333365264419 0.9997189580175904
11060902.6235 0.060688968948746806 -0.17992491806726635 -0.10802011692837817 -0.0003558216473106313 -0.038612992042930665 0.026083368521828777 0.9989136940311723
11160287.616000002 -0.048820398070795856 -0.13302404835531398 -0.07389143127909008 0.009858149894593651 -0.025784697869096696 0.0077264237888018195 0.9995890498659392
12210490.894 -0.15697640203161134 0.04132752350751697 -0.04499604680078363 -0.04456888014593398 -0.01661547690007629 0.009009187070086246 0.9988275003213801
12260632.7025 0.003529460524455413 0.07974748693614633 -0.06309159257859126 -0.027600463906982415 -0.05366755392290518 0.01753068978717951 0.9980233879842881
12511413.638500001 -0.039680688371272074 0.017857860395604903 -0.06878143610341314 -0.052993378778348775 0.016428719298175253 0.013674266767854536 0.9983660718475152
12761939.5155 0.2373694506671837 -0.0008729956916666117 -0.05149326017127834 -0.022386988346603222 -0.005028466071817126 0.007765272493298595 0.9997065758635574
13460750.423500001 0.1993679949401116 -0.2956217441147491 -0.025434218125611887 -0.045135595095182154 0.00736043030172713 0.019658503954061168 0.9987603042489551
13561079.86 0.02090022750563325 -0.31237115816740274 -0.05466770755979063 -0.04584329929158466 0.016335288667670294 0.02464005187956854 0.9985111006381343
13660906.7705 -0.06451266598977959 -0.2749584766650076 -0.02371793136169177 -0.04033011056308169 0.024171416641300028 0.006979415059141425 0.9988696174000661
13760389.898 -0.11063027642792903 -0.34958360336329275 -0.12539837181420305 -0.04084959895748839 0.00990241680769876 0.0182045159956458 0.9989503731436028
13810216.239 -0.1368216064512672 -0.3522637722249222 -0.12698018692650972 -0.04398498466994998 0.010310192888735538 0.025631619165581147 0.9986501094703449
13860150.7815 -0.156905050647997 -0.3308083529549317 -0.09712639203621493 -0.03713852037030576 0.01234559059898341 0.022784182920183506 0.9989740725895374
14260207.5115 -0.32976910430802936 -0.2276936583474592 -0.15710794876026338 -0.02686676822503907 -0.010873058324627071 0.027482553095998258 0.9992020129298865
14810497.8655 -0.2924499871121179 -0.12428294235460144 -0.17649548703460133 -0.05305253692362965 -0.005736697361618053 -0.0011042701231252171 0.9985746337739826
14910452.423 -0.300977181717084 -0.06542423895413718 -0.12317849962784198 -0.043465041154325056 0.012448954391204992 -0.001141006813421441 0.9989767323794235
15010703.8955 -0.27289294647439294 -0.01755056050287291 -0.12217103632009094 -0.03618075771971891 0.017795298137606674 0.0044728730114288896 0.9991767979402065
15161212.907 -0.06609066265753062 0.04859786013583121 -0.0610479551703215 -0.02376692482242524 0.017396317485431398 -0.017407400293940393 0.9994145705549013
15311759.845 0.09744179243033535 0.03179825038486609 -0.013423605822569431 -0.029119872631845307 0.010055692512032031 -0.0013406875630453375 0.9995244462357421
15412633.794 0.0994616179441526 -0.028991772335798697 -0.06229436953714578 -0.02851565875122158 0.010869899944768347 0.0034539947065737845 0.999528274938604
15512315.429 0.38889364033745527 -0.02112519618095584 0.14407775368105447 -0.05555844538372373 -0.056790672708323386 0.06960454781181617 0.9944059963434414
15561951.996000001 0.40503006983720063 -0.015303664802490862 0.19411636089850148 -0.05861316599631238 -0.06190584214191382 0.08815554635421416 0.9924518946163483
15611700.6015 0.3743273400090209 -0.02634176306499705 0.20140685446360612 -0.05222743432953445 -0.05683243006751059 0.09097279313875441 0.9928576538983366
15761920.752 0.3659855362054717 0.012167605645010869 0.2499299200608024 -0.0299091722239547 -0.05734805774238674 0.11255055251252713 0.9915387107012911
15811703.3125 0.378390035170501 -0.01143571186057422 0.1552260497063706 -0.007053544925090913 -0.0542451606826519 0.10247890295801401 0.9932299756325446
15861178.3155 0.20859611334728229 -0.095823822546858 -0.05916781171989514 0.01441350067485308 0.01688812331964671 0.039806293656324536 0.9989607105759379
15910800.676500002 0.17123850934843282 -0.2710898212489906 -0.10946522066435266 -0.02994016186052767 0.02649704429355606 0.006519268729614505 0.9991791593536676
15960831.209 0.2647113258375096 -0.4197399853928091 -0.15051847336331858 -0.06661463022727437 -0.010940964507653863 0.023780515277858093 0.9974353479942675
16011089.1305 0.13284274167365795 -0.3422295035680577 -0.14745128855162007 -0.033367604569595234 0.017960123132487137 0.004645290806300454 0.9992709633606282
16210218.275 -0.00024058854969694868 -0.3535475560156238 -0.13407989150229577 -0.014382496299891565 -0.001149356354989152 0.0058457892693143014 0.9998788174213771
16310056.272000002 -0.1197479372324347 -0.33281269815221043 -0.13692540904175407 -0.0076669231384783355 0.0052820164298898065 0.02390729955380777 0.9996708256321515
16509507.8435 -0.28499353291879576 -0.29065200398625174 -0.14443156720669886 -0.015295416814316773 -0.03194711956352608 0.030931312224735916 0.9988937309344402
16660540.8475 -0.5174143984782625 -0.2412998993074332 -0.18290691617177557 -0.00731512639969605 -0.01908685518888652 0.03479329303940338 0.9991854720942599
16760178.5125 -0.5785537622151945 -0.2000905679468521 -0.20875035328582564 -0.0025766616530244523 -0.010828448865992733 0.03367803082149113 0.9993707498970885
17160454.109 -0.5003731752464746 -0.08344696598674539 -0.10409011801193559 -0.03854896467382008 -0.004013564147106916 0.033105282410816665 0.9987001095934224
17310661.838499997 -0.3396797793248559 0.1027154688252944 -0.09060719592315475 -0.0004088450326808306 -0.028792729019670837 0.005463570486116545 0.9995703882162987
17360520.7725 -0.4651757050614945 0.03818903977977472 -0.10564879217317327 -0.030425255894663637 0.028865815584290366 0.017478420940515212 0.9989672533651062
17460364.9235 -0.305806033156325 0.1079111091416659 -0.05871622506646492 -0.021392511109718355 0.016160459114509806 0.0012992918834640358 0.9996396910238361
17510508.468 -0.23028038121329766 0.11382001635640827 -0.05251184052076635 -0.02192456459562877 0.01353525665309276 0.00505693711520309 0.9996552094005412
17560790.1705 -0.0703598884280938 0.12755744870928132 -0.05442631552959206 -0.023330230952011914 0.008832811714708653 0.007977162050799805 0.999656964486595
17862015.472999997 0.0837088705668959 0.11529538099310192 -0.05342344534503244 -0.03049818422254226 0.019495666859079525 0.019381027589899 0.9991567221924732
17961735.775 0.2567504862679662 0.1098024414785282 -0.022892930452603197 -0.03144704231909819 0.013854744918717797 0.018941269668942582 0.9992298823974124
18162369.7965 0.3772753084096 0.038566620171429956 -0.04319222978088 -0.03441206526160935 0.008178283773837326 0.018092308686011842 0.9992104852358963
18261814.117000002 0.2929747778745978 -0.01761760753224113 -0.059846733281431065 -0.0364264724529569 0.011923172211983992 0.020946834646200722 0.9990456346870958
18561412.4775 0.3081566603077487 -0.15512520810066938 -0.058848018217619785 -0.031806104631545304 0.015577023685109588 0.017236514417265994 0.9992240142290537
18711773.6315 0.2084683152080276 -0.22703404246646733 -0.10246333135013853 -0.03619872995113772 0.0158957230274677 0.02198090709775436 0.9989763849373611
18761713.0945 0.13099164087887155 -0.24943177454002172 -0.11177250730964113 -0.03795929777713447 0.018697714959669074 0.023703165468036243 0.998823131046908
18811188.2775 0.11639933288982356 -0.25244537787177473 -0.10279189146971707 -0.037238663412555106 0.01897518873590013 0.021170991826479805 0.9989019037246682
19710410.389000002 -0.1449955866212145 -0.1192136691565924 -0.0901665226508022 0.007338064730239385 -0.02011596801083992 0.004505132441631379 0.9997605735468292
19810414.381 -0.2048666659786629 -0.09994774514462715 -0.06743419786423319 0.006101541879882596 -0.018363449305935236 0.0011805354602058068 0.9998120629659873
20561217.021 -0.09793400366429775 0.015765851251296436 -0.03124633044286223 -0.030805241076529793 0.004083492576187902 -0.005682573850648144 0.9995009107374685
20662596.7475 -0.0233362992258191 0.007922519983479367 -0.04757280388186598 -0.03226892764885121 0.001019735638239429 -0.0053218861460759504 0.9994645336256157
20962267.0285 0.1513588045050234 -0.013974416792581879 -0.06251032336548944 -0.027455856120887343 0.0009392803408707054 0.003581957828686255 0.9996161579802639
21162176.737000003 0.2493253933733439 -0.0352715458029022 -0.049499604704411476 -0.02838055606951404 -0.002019528328271984 0.00607783913966482 0.999576673104124
21262286.713499997 0.39461344167603474 -0.08022727235037506 -0.005724253868321121 -0.03033083901388979 -0.007318669849901289 0.007023122469778762 0.9994884456696416
21312183.261000004 0.4421131006209803 -0.09657388532896166 0.01564708657908887 -0.03021502565091228 -0.010047472831107074 0.00876425861709411 0.999454495355099
21361943.958499998 0.3981012717061508 -0.11909756970568008 0.0003562004803713115 -0.0317657952665902 -0.0070496360992745154 0.00946974826228392 0.9994256154160739
22211797.134 -0.04329558764051253 -0.2717419116582823 -0.07926082914175286 -0.03200801016545029 0.02668904786951613 0.00673878374799966 0.9991084880045134
22560503.8195 -0.30719784908497394 -0.14651099173064316 -0.026323228227887612 0.0015877501182144339 0.011903168397599227 0.037398910926982755 0.9992282597550651
22610393.529499996 -0.19418456444875834 -0.12440611154913568 -0.023799541352227522 -0.0025389643299509154 -0.01993780590377548 0.0402480503389774 0.9989875534759107
24761641.073000003 0.28709899851637677 -0.20479952789807132 -0.031891330695906814 -0.062459098100771895 -0.024799771958648152 0.06183711501936724 0.995821270902223
25561859.755499996 0.4622718260322346 -0.182270298510163 -0.06668641308387346 -0.1100885054495483 0.016492961625657835 0.04043025462790052 0.9929621834165803
25661766.3045 0.5450897514279944 -0.2046159209168955 -0.04080190710449689 -0.1137206629812845 0.012058779226989471 0.04138945343623106 0.9925770044681177
25711626.089 0.6350140233376154 -0.21500129648212074 -0.032014605839542715 -0.11540586696009893 0.007550222361537158 0.0440402369838472 0.9923129231950402
25861548.795 0.634893892196927 -0.2828691936355968 -0.01782870729666596 -0.12694867398073792 0.01714110485823294 0.056654404172598885 0.9901416541013811
26011331.378000002 0.7445335429296028 -0.317815733971365 0.03519622526118974 -0.12315895319644417 0.0021967797044514965 0.07615913183463213 0.9894578480383495
26611638.169 0.44880059360708496 -0.34794366541152766 0.03598249320962537 -0.11506025206643623 7.315665465705242e-05 0.08740245030723413 0.9895059093925632
26661358.344499998 0.32876199208861845 -0.307011873384414 0.04579233164674296 -0.10333758225773176 0.013835105068968852 0.0718158430771758 0.9919538389683119
27162502.97 -0.04128241797228226 -0.1382555316510696 0.08263194186458445 -0.07220538369837744 0.08204477334514654 0.017558194779506178 0.9938544901180446
27363350.3855 0.060711314204436 -0.09777865177481661 0.045599102685653384 -0.0829730713456987 0.073517702894437 0.02012840723476177 0.9936324592195942
27662277.216000002 0.4059228023693446 -0.15315002917700002 -0.01800747850763135 -0.11633880005647938 0.02117053310330876 0.05363250417010609 0.9915344908907525
27762116.6955 0.5205773410176023 -0.1924171031439991 -0.009329852505750651 -0.12725770117254173 0.01127818098135372 0.058219915247410256 0.9900953093488608
27911883.490499996 0.6781206812137648 -0.24184184406564316 0.025871683464472307 -0.1323901970966151 0.002686569655900171 0.06378824987195922 0.9891393618871286
28311297.5325 0.6957672573830219 -0.37206978536916974 0.08634235484697748 -0.12464751479448821 0.002120236303849405 0.04519893075655264 0.9911687839677145
28661162.296 0.4718746396540258 -0.4688765517568868 0.049082709243890424 -0.13311962753643417 0.012558377474527102 0.051097168804459 0.9897022437379522
28711564.659499995 0.3884307974623046 -0.48709916679832005 0.05393978615641059 -0.1330696795182928 0.01632918031266518 0.050738579254243514 0.9896723775262579
28761753.1865 0.3756539149827314 -0.4759013400116504 0.06060218740229018 -0.12940254550047944 0.02036851477088301 0.05296351943336971 0.9899671562396682
28860786.208499998 0.26626738076437695 -0.48171377312955915 0.07355392459020074 -0.12783508937198007 0.02632378814282907 0.05221755008122714 0.9900699851861907
30111801.130499996 0.2023783263496581 -0.08108310208608988 -0.04716708517045192 -0.10945387135511397 0.016964802900899086 0.017930419296630286 0.9936853352906839
30211966.015499998 0.3244531189934183 -0.09533058120103513 -0.07434609458970165 -0.10929759395974754 0.005445184586434082 0.029764998247452195 0.9935484038529573
30362090.886 0.4615665903813435 -0.16182873749278512 -0.06252841846245223 -0.11188714025469396 0.01895166059167809 0.04855874059199197 0.9923528360006657
30761194.3215 0.4861668552124301 -0.3144075879406275 -0.05530585005505077 -0.10974892705268977 0.026247603154799758 0.07935503851567148 0.9904387988167608
31511557.1095 -0.1861792207493041 -0.2040206899494542 -0.03342833129802063 -0.06689579939235947 0.0770634892974056 0.024622670935826062 0.9944746827933589
32211551.53 0.0608591264250964 -0.12120512460222937 -0.18355154451271843 -0.11701993848334115 0.043390473266228434 0.012970673452941084 0.9920964481628108
33960334.767 -0.21734389491346673 -0.1736337413313767 -0.0768192730374023 -0.06296605369241787 0.03841570308227241 -0.008439423866989834 0.9972403351067843
