#timestamp tx ty tz qx qy qz  qw
1643117087182837.0 0.0 0.0 0.0 0.0 0.0 0.0 1.0
1643117087216171.0 -0.026856364820034045 -0.004752604721159275 0.14472564367522864 -0.0006531948539836151 0.0015065092385131522 -0.0013792502046340409 0.9999977007149917
1643117087249504.0 -0.05729105687795881 -0.006835789776030085 0.3550863611715125 -0.001075235688820563 0.002199642791445952 -0.0008903547731985659 0.9999966063483322
1643117087282837.0 -0.057054490793985634 -0.006248390204524703 0.41543023523087214 -0.0004842604118022324 0.002686529779869916 -0.00040977453680401504 0.9999961900599544
1643117087316170.0 -0.10663550569664877 -0.01792756901613293 0.5986082139812936 -0.00016622235008139085 0.004451732035527835 -0.0012415532846227941 0.9999893064415517
1643117087349504.0 -0.06289567229932509 -0.012763038025301446 0.7079625485896052 0.0021205343502278466 0.0034255968109125757 -0.0001724115087315031 0.9999918694143618
1643117087382837.0 -0.14006994195143932 -0.021124746299923503 0.8721543445783372 0.0038298721824051793 0.007202214116985013 0.0013214587465196306 0.9999658563859373
1643117087416170.0 -0.10255793207854672 -0.019759017795929215 0.9752496031243891 0.005337879664868515 0.007051853254001179 0.0021007567101960947 0.9999586817602075
1643117087449504.0 -0.1797652787016706 -0.02793561028906654 1.1348334487717442 0.006631310205764881 0.010229951422580983 0.0025817301508955673 0.9999223512294714
1643117087482837.0 -0.14323462441173465 -0.02563357577008671 1.2379871386934982 0.008414052434721885 0.009631214308802259 0.0032198312540302914 0.9999130342781113
1643117087516171.0 -0.22237758312876507 -0.01604908860541982 1.415638314915736 0.012149476288424822 0.01255691707582044 0.0030087564369566237 0.999842818369053
1643117087549504.0 -0.18768141075286582 -0.027639715923956008 1.5123450540521062 0.013701690197680638 0.011953071898691816 0.004176919831004729 0.9998259554035577
1643117087582837.0 -0.27280025787637024 -0.025959655874154906 1.6877010857187795 0.017859970029953577 0.015516255761573535 0.005320486220727537 0.9997059366153858
1643117087616170.0 -0.22405648479297666 -0.03473389453878709 1.7829449183988766 0.020207577886515834 0.014341902096843811 0.00738749423681859 0.9996656383857084
1643117087649504.0 -0.3149455132820482 -0.045272951077014234 1.9469976857125164 0.0229270583550488 0.018765045438818663 0.010988084991333767 0.99950061783527
1643117087682837.0 -0.26439221350019404 -0.046232198701402424 2.058233169816378 0.025504898831528674 0.017865310346513383 0.013557241260251082 0.999423099608583
1643117087716171.0 -0.37365674681978805 -0.06013543957824031 2.201972032978095 0.028198612954455173 0.023340937992586033 0.015319380248263315 0.9992123675324881
1643117087749504.0 -0.31188049347399727 -0.04931219555227717 2.3148365953071544 0.029729818124173732 0.02111148270545256 0.014253557739624213 0.99923334577267
1643117087782837.0 -0.4237473668168071 -0.07636986855833712 2.4528365503022473 0.029463164717418514 0.0247382966623888 0.012759457452407919 0.9991782297711446
1643117087816170.0 -0.3613544012142122 -0.07076731430885515 2.569955724388878 0.02948456145934912 0.020462851747719047 0.011256803551309636 0.9992923579752363
1643117087849504.0 -0.46713066723531177 -0.07761087232076158 2.7565437724938135 0.030532994541873595 0.022909169224623924 0.008687809002777951 0.9992334202699962
1643117087882837.0 -0.4576351485612772 -0.09465510543349562 3.1459648252780563 0.029626448843371008 0.01807148691483034 0.008449771297765184 0.9993619445699509
1643117087916170.0 -0.49154896411394766 -0.10233809334992554 3.3522315930742836 0.0303215058781941 0.01738691449850528 0.009571718664747764 0.9993431261019927
1643117087949504.0 -0.4924777014504325 -0.0928970058292539 3.4633062259367944 0.03186588357185593 0.016528903898210694 0.0114540647822987 0.9992898304296265
1643117087982837.0 -0.5349131011563882 -0.10624198413483615 3.693076800374884 0.031214160615620237 0.01695597144938609 0.012224914263056648 0.9992941122014734
1643117088016171.0 -0.5427787822166336 -0.10115991481665548 3.8075920372105467 0.03183295183166908 0.017195976162933096 0.013700971840251736 0.9992513422318327
1643117088049504.0 -0.5946656137718606 -0.12177879150986576 3.9918522974827333 0.0314313365641526 0.01907572590367592 0.014181209577785825 0.9992232388500328
1643117088082837.0 -0.6037356505625227 -0.12428978783381055 4.125937348714379 0.031002525109880733 0.01877772279241928 0.013128438177842833 0.9992566660646067
1643117088116170.0 -0.6568807086152328 -0.1562179636149032 4.324263505169338 0.029117143014834382 0.019158061118489157 0.009648644481736681 0.9993458181913301
1643117088149504.0 -0.6688426051554462 -0.1487086548858195 4.525639846742375 0.028317314080973197 0.01734314920001312 0.007144789232781637 0.9994229819680378
1643117088182837.0 -0.715450459121603 -0.14579092300350163 4.68241269119165 0.02821516507656009 0.01663162220094935 0.004948885347449961 0.9994512505052385
1643117088216171.0 -0.6882324727178172 -0.12799237893670123 4.815333703298613 0.029435928505890774 0.013081693025547778 0.004883478217267416 0.9994691326204541
1643117088249504.0 -0.7810887506313723 -0.12039175170042185 4.967816690410106 0.03204278489162415 0.015627741084780503 0.0073695488095641744 0.9993371420073006
1643117088282837.0 -0.7196760554598101 -0.10871184272933346 5.098274984936831 0.03517897930060248 0.012188688011570435 0.007461084109295041 0.9992788437287353
1643117088316170.0 -0.8380989967395289 -0.1316509580714728 5.283548895760184 0.036167258082360466 0.0166241003532361 0.008298688207935752 0.9991730082944981
1643117088349504.0 -0.8021948324489474 -0.15200020815777857 5.455891422731808 0.03647074439510606 0.015892059671054126 0.006353814391754797 0.999188148591322
1643117088382837.0 -0.838519953822735 -0.1743012205304711 5.659702117201372 0.03587264960845722 0.015104647710574097 0.004680473994089514 0.99923125240897
1643117088416170.0 -0.8983918444193117 -0.16137193698271557 5.764000837956154 0.036826941439697336 0.018295703147332924 0.002465839006954284 0.9991511213367743
1643117088449504.0 -0.8772821093157002 -0.1440364362313736 5.899821682622439 0.040272538056212094 0.016230811406275573 0.003863724841862437 0.9990494257392631
1643117088482837.0 -0.9687863228928293 -0.15706901201082998 6.087243782673112 0.04400452000747007 0.020178653458138164 0.006055693918250898 0.99880916732612
1643117088516171.0 -0.9322212826868422 -0.17133286140484827 6.2302704096405765 0.047595032193873704 0.017953061049480655 0.00890833374873529 0.9986656307790105
1643117088549504.0 -1.0206793482265932 -0.1824827027872818 6.371976482803785 0.050842107383671724 0.021999084656367254 0.00914599576830607 0.9984224913094032
1643117088582837.0 -0.9901907797720552 -0.19192314100420374 6.529490121686741 0.05110236067457553 0.019955289818284 0.009545275091769605 0.998448407713276
1643117088616170.0 -1.0667141550958263 -0.19300236010778268 6.675490276432353 0.04995314929267904 0.022553791921688316 0.007489118146199926 0.9984687889238645
1643117088649504.0 -1.0051976040874788 -0.20130680565302406 6.815158941271772 0.04660929493851409 0.01806671813003509 0.00668429014304157 0.9987274340813053
1643117088682837.0 -1.117432595651194 -0.20657850849007905 6.978542806123459 0.043522028636252444 0.02150556565740717 0.0033603773626832843 0.9988153240379928
1643117088716171.0 -1.067890691496872 -0.19335750926325881 7.147614237001285 0.04179221742167912 0.016387716685474504 0.00369252336769616 0.9989850942711782
1643117088749504.0 -1.1682750485128994 -0.16005105852716212 7.30242099345257 0.04335241144817467 0.01822820871802994 0.002675067906273081 0.9988899563216445
1643117088782837.0 -1.1534282782948304 -0.18237856217201784 7.500150944972523 0.041313301423478666 0.015033249644997857 0.005543264490169129 0.9990177599769665
1643117088816170.0 -1.2160888896103967 -0.19348257290141982 7.651048887357177 0.041546440201196515 0.016544077464905254 0.0062759651099618076 0.9989798792114796
1643117088849504.0 -1.2297517833269624 -0.2062817539164941 7.7998939549733315 0.04056950444522959 0.015796554118036196 0.007132307336663684 0.9990263832247475
1643117088882837.0 -1.286712055430961 -0.22081106873366202 7.950793980715883 0.03979345021925366 0.01655615549522198 0.004647765239164719 0.9990599448046885
1643117088916170.0 -1.2435228833766037 -0.22040597268234108 8.11397827943566 0.038560532751750996 0.011913731636152473 0.004841727089726831 0.9991735114539373
1643117088949504.0 -1.3162247888935497 -0.23049429860987727 8.226506027385021 0.038391858374127674 0.013546717299288804 0.003817428335179055 0.9991636397016755
1643117088982837.0 -1.2686844230940046 -0.22795252331551613 8.381483630607486 0.03880788907933408 0.009194659320614928 0.007035673566026451 0.9991796161264781
1643117089016171.0 -1.349546391092951 -0.2396744110519366 8.512419664795871 0.04017994890501217 0.011935214289272807 0.009205833522652572 0.9990787631588477
1643117089049504.0 -1.3104153033528656 -0.24018757847746072 8.660875906529897 0.04203892856183635 0.008969895988965873 0.01264529298917689 0.9989956786776096
1643117089082837.0 -1.391331601129669 -0.2575667087142388 8.803657261906745 0.04352019523473725 0.010436673303103093 0.013709060048678856 0.9989039644178395
1643117089116170.0 -1.3476547832493868 -0.2576844845659684 8.945170661409453 0.045329123013620305 0.007112212712174774 0.014096277561063774 0.9988473266701345
1643117089149504.0 -1.434489544497 -0.273939906738589 9.095195496904173 0.046592126225814406 0.009194636132163623 0.01259644814776987 0.998792251639056
1643117089182837.0 -1.3835765082008507 -0.27468791907571943 9.224618979553155 0.04706647516398624 0.004652003370034087 0.01130409796730631 0.9988169617850052
1643117089216171.0 -1.4732947500323361 -0.2883361649437501 9.370925914980559 0.04679979774500716 0.005786907276496938 0.008622444749212015 0.9988503111486459
1643117089249504.0 -1.4173802596713592 -0.2893029284090515 9.504083373949312 0.04661856351461502 -6.422209607708484e-05 0.005408838539398674 0.9988981178663873
1643117089282837.0 -1.5054158181110853 -0.29661501849126654 9.655525309494221 0.046570928641571564 0.00022470223861599322 0.0008624488610158058 0.9989145880886552
1643117089316170.0 -1.4621203005210557 -0.2966549554705184 9.791708299733859 0.045396001479745034 -0.0031215369351809004 -0.0021807654986415576 0.9989618127429363
1643117089349504.0 -1.545877109524727 -0.34197532743813397 10.31703761009601 0.037607669407853546 -0.012718847793355652 -0.004534961367400716 0.9992013451942082
1643117089382837.0 -1.5636214016184131 -0.331160661391877 10.60041029949811 0.035522878342924114 -0.014744176592281708 -0.006762650943350097 0.9992372095368885
1643117089416170.0 -1.5698407068383087 -0.33456568469180326 10.692445095175849 0.036380524005204515 -0.01426480452107431 -0.006447949119378304 0.9992153905826493
1643117089449504.0 -1.6407864377527186 -0.34217818167503095 10.877028475037273 0.03788236345577919 -0.011872016395504796 -0.00822779365236622 0.9991778045860122
1643117089482837.0 -1.607260459606163 -0.3478778354224043 10.982865495325669 0.03951057598659378 -0.01320262581250767 -0.007287581101496653 0.999105347908093
1643117089516171.0 -1.6981507253511012 -0.36452901647598196 11.133835701004568 0.040791522822511535 -0.008722638440204555 -0.007351860856646246 0.9991025559903279
1643117089549504.0 -1.6437876555636308 -0.35865209066741444 11.257651660388245 0.042178574182379275 -0.010086965387032323 -0.0061511027100207 0.9990402318949287
1643117089582837.0 -1.7442068080435675 -0.3735511982801351 11.413848258603132 0.042323124956025714 -0.004059316089851465 -0.005274991545409635 0.9990818032128476
1643117089616170.0 -1.6786980497715662 -0.36989571703805985 11.545749632359591 0.04363117184939072 -0.006158639003111172 -0.003433847452838995 0.9990228229126444
1643117089649504.0 -1.791202810661419 -0.3953067011671405 11.709378018018098 0.04477351500075082 -0.00041297011868691205 -0.0014732072425459653 0.9989959917189754
1643117089682837.0 -1.7232815128015004 -0.3956089977314902 11.854999633011605 0.04763420366657682 -0.0023533007286565574 -7.469360398940868e-05 0.9988620720788216
1643117089716171.0 -1.835001094115852 -0.41204843832221766 12.021602870521585 0.048877601668167785 0.0032942385476002894 0.00155526341852275 0.9987981323587156
1643117089749504.0 -1.7704683117054452 -0.41548382243274223 12.186823111761438 0.04881613806702858 0.0013690998115483133 0.001466363008120015 0.9988057669083891
1643117089782837.0 -1.9034511876513724 -0.4342155945277002 12.355159124512433 0.04661117398915519 0.008716367963782935 0.0009750150761133066 0.9988746031081549
1643117089816170.0 -1.9016157564229332 -0.44111215280312105 12.525594150757842 0.0439660835440237 0.009502844010457473 0.000943797966372514 0.9989873816514959
1643117089849504.0 -1.9699160730294312 -0.44696286126040063 12.654733523089394 0.04218654073053084 0.014140202259092158 0.0010465214142544343 0.9990091367220786
1643117089882837.0 -1.95089234451027 -0.45003554710882054 12.821019363514772 0.03908464665175557 0.014359845210292606 0.0004966922701698707 0.9991325930718268
1643117089916170.0 -2.032346792874577 -0.4686155265878923 12.945019154948564 0.034286252058608094 0.01959062788844116 0.0001245791024620319 0.9992200181635462
1643117089949504.0 -2.035110985713627 -0.4708621962184314 13.092886137653064 0.030288804965254268 0.020736974959203652 -0.0017739922440481012 0.9993244813947251
1643117089982837.0 -2.0773513949231868 -0.482510412826485 13.28228635369542 0.026774851828151792 0.02330722376768339 -0.003018694514771915 0.9993651825600341
1643117090016171.0 -2.083600236087278 -0.4704764299349904 13.449408957571217 0.02694749641703084 0.025177063741832366 -0.0026035931212773865 0.9993163509124889
1643117090049504.0 -2.144551894135951 -0.4774396462376868 13.608258938577931 0.02722362873990806 0.02931914245990226 -0.0007474516759569726 0.9991990308440254
1643117090082837.0 -2.1117497454452834 -0.4821006001806192 13.746998150632095 0.028850190043098706 0.029775622214586853 -0.0013657818901083871 0.9991392362909386
1643117090116170.0 -2.1990397494642493 -0.4997369545816436 13.875149931084447 0.0289546430142568 0.03645903630130055 -0.001602628563657618 0.9989143100895013
1643117090149504.0 -2.1709277055676783 -0.5054691912398753 13.99920649214672 0.028867532705619106 0.037828060808489626 -0.0026415407126565604 0.9988637172475646
1643117090182837.0 -2.2573332261647234 -0.522681916200297 14.130229260217783 0.028346395717105566 0.04259885877327881 -0.003726369342919647 0.9986830995128453
1643117090216171.0 -2.2194434738991036 -0.5205396218771318 14.301213503407125 0.02932558121094951 0.040334970161665346 -0.0024441907355054553 0.9987527854280788
1643117090249504.0 -2.3054120350718543 -0.5224904982409588 14.437979567885577 0.03196634672252513 0.044083402467893815 0.00034885311527892073 0.9985162415331925
1643117090282837.0 -2.283857168392041 -0.5177555555154648 14.577176789810366 0.0355685147956476 0.045095552156093635 0.0012543107653713358 0.9983484855677766
1643117090316170.0 -2.3785037942339224 -0.5368518221945875 14.73644090011189 0.037841906592901875 0.05003586332683967 0.004336553794260237 0.9980208398564336
1643117090349504.0 -2.311394148883421 -0.546000872803129 14.859712534152495 0.038969848051688634 0.047143150436984096 0.005446318535575033 0.9981128252477839
1643117090382837.0 -2.4127131344216153 -0.5705174020541682 14.990832944486053 0.03851696013791395 0.05147896195327949 0.006037419732046349 0.9979127766598272
1643117090416170.0 -2.440665819641803 -0.5775136364865291 15.442805522597649 0.038087641342144624 0.04920034137202495 0.004733081640890758 0.9980512291080298
1643117090449504.0 -2.4329767983805284 -0.5605861035732048 15.637282287093369 0.04037844334447517 0.04755038025228756 0.006060217928672256 0.998033975578786
1643117090482837.0 -2.472868297654377 -0.5573910229631371 15.749663150920261 0.042652684843840924 0.04898126614241041 0.006897441642062864 0.9978647249710216
1643117090516171.0 -2.482723017212557 -0.5690915322981736 15.897471551916848 0.04339025354468988 0.048232004667822334 0.00682778128092249 0.9978699018538592
1643117090549504.0 -2.5496210070656833 -0.5915562549735865 16.04307332454142 0.042225199504560475 0.05077086000861069 0.007666410022851177 0.9977878424084689
1643117090582837.0 -2.5522190674179077 -0.5985469324429614 16.218830568654347 0.04003282162186585 0.04954194172930494 0.007193166245526974 0.9979434991832185
1643117090616170.0 -2.5920534890031868 -0.6053894000322864 16.393647957974313 0.03770187205318603 0.049058770165924435 0.005468009226999403 0.998069089186007
1643117090649504.0 -2.560455185338122 -0.6035818921292261 16.499697680444243 0.035533796803799686 0.04504155000678402 0.005615154160976711 0.9983371565265119
1643117090682837.0 -2.667386537096595 -0.6083710576105075 16.686249545258846 0.03443743125046773 0.04868403712524041 0.0039514722911034245 0.9982125593904286
1643117090716170.0 -2.6233485116567965 -0.6191095147063019 16.828413026424403 0.03187696159442535 0.04463966328123578 0.0037511659069886013 0.998487400289049
1643117090749504.0 -2.7240562036070264 -0.6242345179004546 17.029808402385044 0.030338256187713356 0.04803752380653552 0.0009801324498939887 0.9983842075365604
1643117090782837.0 -2.7045325881190063 -0.627763911562285 17.17059564103454 0.02812538880450961 0.04447860588056776 -0.001962185597760844 0.998612420286868
1643117090816170.0 -2.7472654872127658 -0.6221442041935413 17.36053823466601 0.02788857773222594 0.04346222672158269 -0.004279370475102205 0.9986565721351921
1643117090849504.0 -2.745659602728211 -0.6152096422417753 17.504269548805233 0.028447838571823814 0.04086163165959967 -0.006958402879624498 0.9987355146224007
1643117090882837.0 -2.7895994717960666 -0.6193876682518568 17.661586524262788 0.029275339805096848 0.03967517773355444 -0.007867188296184817 0.9987526931625362
1643117090916170.0 -2.7801413868118967 -0.6139459527468644 17.772054641227495 0.03065159370099028 0.0377138383529699 -0.009654684322838216 0.9987717122901018
1643117090949504.0 -2.837331716393289 -0.6322687269719863 17.90800680477898 0.030010085473039152 0.03766913273356888 -0.010677610697291742 0.9987824687282004
1643117090982837.0 -2.8286174542232008 -0.6307609022591406 18.048311639701584 0.029606333283683128 0.03574790454572067 -0.011628847319772964 0.99885450505071
1643117091016171.0 -2.903187038121195 -0.6418514331993508 18.225474954323474 0.028207036212809112 0.03750124273117418 -0.011574841311675858 0.9988313385904131
1643117091049504.0 -2.8642141671710877 -0.6490451819977127 18.328053678680966 0.026327681098785527 0.035719493281682044 -0.010480653157805978 0.9989600226821123
1643117091082837.0 -2.9295772528253994 -0.639116355906853 18.4669902807687 0.027254392550302084 0.03845365750868649 -0.010820960462160911 0.9988300261433849
1643117091116170.0 -2.8795401509580336 -0.650918576978394 18.582030840360908 0.026565452029171245 0.03625667778899908 -0.009269171516792327 0.9989463511788723
1643117091149504.0 -2.9613329966844515 -0.6631179951765962 18.729057141224477 0.025575145843513766 0.03940769843271611 -0.008453006260617985 0.9988600962619726
1643117091182837.0 -2.917019114505957 -0.6685162179444821 18.861619819397877 0.025175095449361702 0.03752074457922752 -0.008167929001903846 0.9989452904094176
1643117091216170.0 -3.001094289470017 -0.6751354622431319 19.02391481326809 0.024994282106918314 0.04079822061936665 -0.007429798496680827 0.9988271067359715
1643117091249504.0 -2.955670097171629 -0.6826403659047513 19.132111901101688 0.025658804633321056 0.040485543884196125 -0.003472769127267993 0.9988445756752041
1643117091282837.0 -3.047563016726275 -0.691664105201591 19.287584094114017 0.027434747426832506 0.04474189321181423 0.00015006013278408674 0.998621787819295
1643117091316170.0 -2.994510903673617 -0.6915752386021101 19.398066039862844 0.030414630937618276 0.043509422161754185 0.001686436737287159 0.9985885220345815
1643117091349504.0 -3.0845434887393526 -0.7019299554646473 19.558726325987067 0.032764693274821524 0.047878187249577965 0.0021072865397561967 0.9983134344501934
1643117091382837.0 -3.0496125276382737 -0.70320205057116 19.65698979698531 0.03443023107504181 0.04740766664430846 0.002621012835591234 0.9982786197365829
1643117091416170.0 -3.149717638597373 -0.7271969946305433 19.79660266297523 0.03477725447461468 0.051277563506797984 0.0020076627887845176 0.9980767121529992
1643117091449504.0 -3.083329111441627 -0.7194101012209282 19.90605331209804 0.03611677917386998 0.04794047233227181 0.0019279542140118351 0.9981951574553011
1643117091482837.0 -3.172382038842217 -0.7258982005615072 20.092499775920107 0.038741986394719534 0.05148347926262296 0.0021402534329740836 0.9979198009702228
1643117091516171.0 -3.11836528887022 -0.7224151991013603 20.202846791226044 0.04301436457073524 0.04941498457236334 0.0025567523194484246 0.9978483786416982
1643117091549504.0 -3.204047478002049 -0.7382544696563832 20.386273273540596 0.04595438979314528 0.0522114372691742 0.004055513946500653 0.9975699036577119
1643117091582837.0 -3.3348205275934695 -0.7926123641082844 20.81756261334273 0.04230761518921682 0.053077495499229965 0.004257914392889818 0.9976846773071907
1643117091616170.0 -3.3297785171071665 -0.7903460123645408 21.103631003231015 0.042353249955569744 0.05106557290345617 0.006476246574146756 0.9977758103464694
1643117091649504.0 -3.317939007911889 -0.7844616063216836 21.177054950947497 0.04546142995946715 0.05107725063357743 0.008007073999280382 0.9976273149927909
1643117091682837.0 -3.379228236679174 -0.7965332437904661 21.371739310100157 0.04818457290642238 0.05265332866936359 0.008158362464177496 0.9974163198162364
1643117091716170.0 -3.351143928371024 -0.7928570405007601 21.465244941094667 0.05075260295559584 0.0508061709851164 0.009072510699311523 0.9973768574779915
1643117091749504.0 -3.4310194851644105 -0.8198216705143724 21.660453857350557 0.04969531307502651 0.052923803383603495 0.005330562423608218 0.9973469967859916
1643117091782837.0 -3.401975813187437 -0.8276661485697112 21.788895488731786 0.0481925230846658 0.04958463905324253 0.0013823351588931655 0.9976056001437652
1643117091816170.0 -3.48917076634977 -0.8111337421493066 21.99161242102497 0.0480361058850769 0.051261375958475255 -0.001312097427232857 0.9975284869449007
1643117091849504.0 -3.495640896122442 -0.7909785219042044 22.181785171991958 0.04914331144402129 0.049664901612555684 -0.0010028988089684984 0.9975556759811003
1643117091882837.0 -3.542978705304493 -0.7984095391246521 22.34631882943938 0.049811014218944995 0.049753479466135744 8.469332692319099e-05 0.9975186449237594
1643117091916170.0 -3.5479586730426003 -0.7928142950227258 22.505885424165868 0.05168191336082409 0.0481150526272294 0.0016650722266965416 0.9975024556744324
1643117091949504.0 -3.590169955058402 -0.8274700326508547 22.656440807679466 0.05034849038084258 0.0483960763649202 0.0013413384076087086 0.9975575422601581
1643117091982837.0 -3.574441108415193 -0.8745411452823609 22.83116962993866 0.047269110663526084 0.04658626132256224 -0.0008708515977879089 0.9977948652155713
1643117092016171.0 -3.6385691517094854 -0.8918827852294019 22.960235383399294 0.04570199279205368 0.04872129979642176 -0.0025487769425938476 0.9977630312539542
1643117092049504.0 -3.6314012263722897 -0.898305222473057 23.12402937961862 0.04470557285626678 0.04668718773695701 -0.00422478172454324 0.9978997291693125
1643117092082837.0 -3.694149987522496 -0.9170663711125566 23.25134056914309 0.04327603000399005 0.04649199328417817 -0.006099442044965377 0.9979621619050983
1643117092116170.0 -3.659280409541998 -0.920486421250788 23.420852937390116 0.042710302242542256 0.04124641995007732 -0.006943011344037284 0.9982115795346842
1643117092149504.0 -3.7414211214390996 -0.923682887393824 23.534584699596426 0.042395601260626234 0.04254858031591968 -0.008096595544604197 0.9981616484555179
1643117092182837.0 -3.707977840541656 -0.9306808915371024 23.71650733190426 0.04196819320582544 0.03830575645356782 -0.008115967717367008 0.9983513764449715
1643117092216170.0 -3.774124655635535 -0.9252208532502617 23.878583709269577 0.043101630788635464 0.03983278837864212 -0.008585726661003613 0.9982393919752139
1643117092249504.0 -3.752421736687891 -0.9264951929206139 24.053082809723737 0.04254138581290825 0.03726638606704879 -0.0076330612178782675 0.9983702636492451
1643117092282837.0 -3.83006351174157 -0.9338875753446673 24.181459216637027 0.041728875472128175 0.0385261403296711 -0.007741962104593576 0.9983558982075986
1643117092316170.0 -3.8137996337867683 -0.9377162152856404 24.325553387915555 0.04132383811238463 0.036259360501910455 -0.006818188075247576 0.9984643766760156
1643117092349504.0 -3.8925440610080577 -0.9563864998951788 24.45665945675188 0.04193201861390533 0.03828086663708171 -0.007114581811767835 0.9983614895367913
1643117092382837.0 -3.848706370130748 -0.9682645273724861 24.616201087578933 0.04267008065281633 0.034539618117141055 -0.004546692446910565 0.9984816506001487
1643117092416170.0 -3.93349487457127 -0.9656653521906092 24.754460339016436 0.045441721347033524 0.03854719359492035 -0.0029881181668403043 0.9982185306719142
1643117092449504.0 -3.883360081246053 -0.9682550119482447 24.900639216756183 0.04640682055376807 0.035654004881568634 -0.0010261946827942155 0.9982856033553065
1643117092482837.0 -3.9810574172051654 -0.9866943228447885 25.028715474969065 0.04707856884702733 0.03958430174603396 -0.0018586947130956597 0.9981048224833694
1643117092516171.0 -3.912082750303235 -0.9893612359316948 25.186226342461683 0.047019169151335014 0.03465874568693936 -0.0013917334428559967 0.9982915566896027
1643117092549504.0 -3.9901234524769884 -0.9944772539339279 25.33659250768125 0.047973142805988814 0.03563537114248251 -0.003784612804019894 0.9982055773230168
1643117092582837.0 -3.942491332451964 -0.9902715846125387 25.50991471331888 0.04950260851459489 0.03131018745533147 -0.002918720768292333 0.9982788412967789
1643117092616170.0 -4.012925181081637 -1.018769732368815 25.63795195576198 0.049774993756755405 0.0328460224032365 -0.0040707905452857995 0.9982119101038303
1643117092649504.0 -3.961040889985466 -1.0230610883721547 25.79503901144822 0.05044013546554499 0.02776560539566454 -0.0010783220482936905 0.9983404735423631
1643117092682837.0 -4.053461237397655 -1.0401758191240549 25.930199286654343 0.05221566254091925 0.03027188788707158 -0.0010533078767590532 0.9981763511182191
1643117092716170.0 -3.992312535090853 -1.0439237838107098 26.063533006573074 0.05322522422045879 0.025365636955062512 0.0020635548275405773 0.998258183893335
1643117092749504.0 -4.08518856638821 -1.0497956851997434 26.20142508185108 0.05531652228103552 0.029105848685772626 0.002085691762158442 0.998042374764161
1643117092782837.0 -4.054076612923104 -1.0523689649018007 26.357174203142506 0.056142855304358634 0.026576176557265147 0.003977731633986342 0.9980610523855336
1643117092816170.0 -4.1438999664326035 -1.071976182252047 26.488172847673802 0.056248825826485764 0.029665693551375407 0.004329821091832158 0.9979665670094215
1643117092849504.0 -4.082759860754194 -1.0678517384299073 26.62250870533742 0.056631283454179566 0.02527135671599039 0.00598631136333148 0.9980573231735373
1643117092882837.0 -4.165856525038074 -1.0729521987286474 26.782017594242035 0.05712280609913191 0.028494790142760004 0.005526296637376472 0.9979451347662138
1643117092916170.0 -4.130855243697601 -1.0837436367693953 26.885165241216924 0.05618953717767518 0.025552932896479846 0.0050146496969709605 0.998080476124327
1643117092949504.0 -4.203945014253234 -1.0954409607332087 27.05428260083945 0.05523928123511339 0.026932013420254194 0.0025549108102340973 0.9981065879416442
1643117092982837.0 -4.166256248436731 -1.1032075496243559 27.149997910434365 0.05333144108075169 0.022901373483808725 -0.0010058850148169307 0.99831371456078
1643117093016171.0 -4.238912950845206 -1.163739212362201 27.77633794936932 0.04523393465250138 0.017479136371038453 -0.005792023381390236 0.9988066997235878
1643117093049504.0 -4.271046402460826 -1.1411630292515724 28.08440529292467 0.04396325574228998 0.014534676270474561 -0.005455461105718915 0.9989125153257288
1643117093082837.0 -4.2856679081611295 -1.1289393693778786 28.209938973461046 0.04432304958292085 0.01375812148016725 -0.006394332203062883 0.9989020441888602
1643117093116170.0 -4.357888902852709 -1.140125297482248 28.404700495692186 0.0443683410007049 0.015898558428937858 -0.006556443065068316 0.9988672079966692
1643117093149504.0 -4.332993232380303 -1.1457804757233176 28.491776430820128 0.04573675760465345 0.015089362434940266 -0.004830896944028657 0.9988278743506492
1643117093182837.0 -4.3728007413564365 -1.1768685261694156 28.691921958204706 0.04516506171822869 0.015098108826587736 -0.0036068303474299517 0.9988589265180013
1643117093216170.0 -4.320807819375743 -1.19507934189957 28.795286833880155 0.044180951405104016 0.013241920955505684 -0.0031977621052674777 0.9989306629490687
1643117093249504.0 -4.415407333187513 -1.2002639327811633 28.95283532307284 0.04276977294629999 0.01648566846518535 -0.0033827046332882563 0.9989432048754032
1643117093282837.0 -4.372682329843673 -1.1997474274305144 29.052787923741114 0.04180580139272907 0.014636578149149612 -0.006367909648304365 0.9989982458826976
1643117093316170.0 -4.4662799524873344 -1.208324709805033 29.220726000390872 0.04011133799874267 0.01710987691392225 -0.00844422216765625 0.999013026835949
1643117093349504.0 -4.413548046319551 -1.2088144867592268 29.333126439657 0.03955077495551068 0.013767652059598729 -0.009577936229341166 0.9990767993977094
1643117093382837.0 -4.511712269041915 -1.2233246040672554 29.5071862034031 0.038210603361176425 0.015906612842232853 -0.01085001806826663 0.9990841839237475
1643117093416170.0 -4.450506609025658 -1.2240042309903492 29.636088799262073 0.03736290200369827 0.012941842002090297 -0.01066697849168442 0.9991610169784012
1643117093449504.0 -4.541895279627699 -1.2367948069239876 29.82530584065727 0.03590388126823486 0.015759677507778205 -0.009569640722794226 0.9991851509360835
1643117093482837.0 -4.476360635553465 -1.2438393914675312 29.975200014063486 0.034366405002904506 0.0129067161000494 -0.008100690235590702 0.9992931230146618
1643117093516171.0 -4.5860928722929915 -1.2599813698987736 30.110147841525645 0.03387200196365945 0.01841644849604873 -0.009352313427672674 0.999212718164314
1643117093549504.0 -4.52575058192577 -1.2619243230523456 30.241303551168464 0.033560826474318586 0.015963232259416198 -0.00976721927194288 0.9992614510576732
1643117093582837.0 -4.623903899459462 -1.27979917986661 30.400511529377212 0.03294183490615001 0.020746685318567448 -0.010484406025650973 0.9991869133408412
1643117093616170.0 -4.6213827461719355 -1.2895580220364062 30.62288158957094 0.03318856908152512 0.02083137167777182 -0.010477384680090544 0.9991770600081893
1643117093649504.0 -4.712139974658565 -1.3185172809412402 30.83349516833442 0.03320980711510332 0.024478573343065305 -0.010547884262071594 0.9990929137452931
1643117093682837.0 -4.707767910117153 -1.3315585596145272 31.00668842939791 0.03334473740208113 0.02412805530436114 -0.010554446096866506 0.9990968767353865
1643117093716170.0 -4.768333137534123 -1.3527138455224135 31.12967712606692 0.0331572286351347 0.027614043659626775 -0.01118790051823412 0.9990059527670472
1643117093749504.0 -4.732842209514976 -1.357437789233245 31.270162470588303 0.0335139502612821 0.026495444297426014 -0.011531197743490923 0.9990204392543562
1643117093782837.0 -4.806441461475794 -1.383538941783681 31.39550190196337 0.03306733367265606 0.030660712013585428 -0.012448721628660103 0.9989051514094885
1643117093816170.0 -4.716181909386181 -1.4362818659977004 31.547800406527834 0.03152156529401369 0.027350970281409332 -0.011361092741127411 0.999064182581784
1643117093849504.0 -4.79694108859633 -1.4444414418047145 31.682668019631755 0.03418305471946484 0.03142681495273996 -0.009363665564327392 0.9988774678804061
1643117093882837.0 -4.737811444810941 -1.4455128484078419 31.83623384832409 0.036667490942377576 0.02911248298305749 -0.0074681564807114065 0.9988754602458364
1643117093916170.0 -4.859678033360859 -1.4507416785430531 31.96469963363469 0.038797778133959994 0.03584211996548507 -0.006704005014212457 0.9985815595959187
1643117093949504.0 -4.8003357068190775 -1.470008706533531 32.12062832444163 0.03889733754885724 0.03420152898219363 -0.007995012951394239 0.9986257218371644
1643117093982837.0 -4.876617318841393 -1.4534228449288833 32.27566243187118 0.04060069308348157 0.03628330639988285 -0.00914957185110281 0.9984745318398336
1643117094016171.0 -4.835866076674662 -1.4460861016873598 32.466998299320636 0.042359477917229015 0.03452322574926666 -0.00824059548956543 0.9984717893362948
1643117094049504.0 -4.9383620253477964 -1.4347305699220108 32.62360501886518 0.04450409518164641 0.03847688750019631 -0.008009020466304913 0.9982358289660467
1643117094082837.0 -4.888050872488297 -1.445191154729407 32.75583542314807 0.04650766892409761 0.03723301953101654 -0.007576851529516294 0.9981950362072279
1643117094116170.0 -5.095794722278946 -1.4368749590457701 33.14875602245591 0.0496593289627873 0.0442664924359775 -0.00450768004857689 0.9977745785070697
1643117094149504.0 -5.087738742494468 -1.425055991780886 33.40441158386435 0.05178809927560207 0.04392107128459985 -0.003269267197667123 0.997686445814828
1643117094182837.0 -5.136456300099167 -1.4491772024725902 33.53997098943433 0.053147218293614594 0.04590611489596204 -0.002187709104998528 0.9975285538427867
1643117094216170.0 -5.123361375772419 -1.4586873731288137 33.712219734146935 0.054750175593329974 0.04513137725230758 -0.00034625667818805083 0.9974795522546425
1643117094249504.0 -5.204150213366114 -1.471512355112272 33.837565705978115 0.05595742533658608 0.04849654279401544 -0.0003541263827841741 0.9972545946152536
1643117094282837.0 -5.166558971654863 -1.469833029456515 33.97889971144377 0.05646720350130386 0.04649460703619584 0.0009960525139898935 0.9973207680203402
1643117094316170.0 -5.249272965356355 -1.4961740228898934 34.155170800718466 0.05483921740853149 0.05016291999983929 0.0010499934048870244 0.9972337936537045
1643117094349504.0 -5.203682840489596 -1.4847968270074243 34.29185638100292 0.054141515736188056 0.04751664669519622 0.0015119918543054507 0.9974009115903517
1643117094382837.0 -5.271790088671077 -1.5049447513624716 34.46235999336861 0.05168423467555139 0.05081125103320276 0.0006811073886444864 0.9973697873643299
1643117094416170.0 -5.256876370516318 -1.4991700591071813 34.58666443821016 0.04989112996086343 0.050140028773926676 0.0010137282433054283 0.9974947744328422
1643117094449504.0 -5.334989202626038 -1.5183001559284162 34.7580674429797 0.047146530383880496 0.0544423298848166 0.001185136513931532 0.9974025430291013
1643117094482837.0 -5.320461621662371 -1.5172096243495214 34.88162964657746 0.04513270134368335 0.053306966769045346 0.0010323738857969656 0.997557186715361
1643117094516171.0 -5.354958098694406 -1.5288697315651676 35.140402313216164 0.04415588749752504 0.0559294252585653 0.0015222240070775488 0.9974566856879674
1643117094549504.0 -5.399652328429873 -1.5218487699019017 35.322093133227874 0.04544078830749202 0.059428445846200856 0.0006162473720974359 0.997197580633585
1643117094582837.0 -5.423939603063371 -1.5476172545759863 35.486262394892734 0.04522774642671238 0.0610877059626788 0.001244258532838557 0.9971064110485309
1643117094616170.0 -5.463347730559662 -1.574064626944134 35.66822028728827 0.0448545041879903 0.062003393600529186 -0.0018199894628028862 0.9970658655647694
1643117094649504.0 -5.457974991675931 -1.5847659419801225 35.75192833825055 0.04375919199035912 0.06057410584375342 -0.0042456986740125975 0.9971950084413531
1643117094682837.0 -5.511318637763825 -1.6073476671284306 35.871941697790305 0.04098424829679631 0.06155849728820027 -0.008399326792405728 0.9972263003514295
1643117094716170.0 -5.511753460610047 -1.6073120968643049 35.98841104971407 0.03857328343542083 0.06109251392841983 -0.011005597788066148 0.9973257659181597
1643117094749504.0 -5.569383841029349 -1.6241948561486572 36.162010372116704 0.036518326430256626 0.06216838579661379 -0.014199923008817446 0.9972962778576486
1643117094782837.0 -5.533983593789557 -1.6181158331408567 36.292428836633306 0.03553972347630893 0.06059757230653862 -0.014920847187705286 0.99741778137598
1643117094816170.0 -5.599364325623433 -1.6336255824930526 36.465864414158865 0.035195133278568685 0.06315872590993081 -0.015629255112626944 0.9972602490421256
1643117094849504.0 -5.558151525797427 -1.6402458078489404 36.58414841846531 0.03567039272132437 0.06218906148661186 -0.014275506449963992 0.9973245979269326
1643117094882837.0 -5.63249752714703 -1.6499371326473962 36.75207604102907 0.03746692958660779 0.06552014605162908 -0.01375775203934548 0.9970526886316236
1643117094916170.0 -5.587446991365085 -1.646059063333308 36.867623630609415 0.0398268130424487 0.06439355606672081 -0.012345099483079889 0.9970531046131479
1643117094949504.0 -5.64834429616574 -1.6676758098977509 37.05094120908282 0.04119710531371709 0.06616668841065522 -0.009894069980119439 0.9969086594256097
1643117094982837.0 -5.613629655421458 -1.6693039941382233 37.16589716732331 0.042744520450530274 0.0658387113804597 -0.0076616205474000455 0.9968848828354266
1643117095016171.0 -5.687313893372369 -1.6864356506391165 37.34658235135712 0.04404345276917786 0.06859502771106692 -0.004828881449979194 0.9966602120810428
1643117095049504.0 -5.641435593551281 -1.6838365886873103 37.44257773355674 0.044784361175257914 0.0675213340102844 -0.004902797651464314 0.9967001520130236
1643117095082837.0 -5.711045726634367 -1.703502232950833 37.6212623156105 0.04377910226093297 0.07003490465835642 -0.005040745621054892 0.9965706664448364
1643117095116170.0 -5.667545432821148 -1.7065943745505294 37.72293326554557 0.04228447079134556 0.068733051784782 -0.005427484482001388 0.9967238000240809
1643117095149504.0 -5.74926462750959 -1.7096233350002785 37.90348447025949 0.041611529417350586 0.07113803125910874 -0.006826272007584901 0.9965747654534534
1643117095182837.0 -5.695936943090464 -1.7064891391582315 38.016783838443764 0.041394682793914235 0.0699022434716584 -0.0063570558713555506 0.9966743422174912
1643117095216170.0 -5.760879371722949 -1.7175226738269236 38.21051538448777 0.041888554282068564 0.07250212186642437 -0.004324509412405917 0.9964788457179442
1643117095249504.0 -5.7610582238176145 -1.7828630270349934 38.79694854447628 0.037472427929209774 0.06854129730013471 -0.001111385835769058 0.9969436656757636
1643117095282837.0 -5.797172501566599 -1.7996591819972982 39.08462452768933 0.03749190554552196 0.06945030471071992 0.002344349045475289 0.9968778843076552
1643117095316170.0 -5.77676705702264 -1.7973813702957349 39.16935417768338 0.03816568582885911 0.0690536993999883 0.0022118172313057337 0.9968801707772725
1643117095349504.0 -5.849203723668177 -1.804066692720935 39.36212293196056 0.03801840022865779 0.07237420774215386 0.0004997747108709615 0.9966525600844998
1643117095382837.0 -5.777692676207981 -1.8061884769544436 39.46767996793295 0.03764344035186813 0.06859943920243627 -0.0001919961667327166 0.9969338250240377
1643117095416170.0 -5.865707790698179 -1.8161186489623078 39.68063437773844 0.037688802857255475 0.07076531372641404 -0.0027771138912696335 0.9967768617653723
1643117095449504.0 -5.8520468577409455 -1.820920236018406 39.823521272342155 0.03828882882750731 0.06865078951648773 -0.004162026086809489 0.9968970419379493
1643117095482837.0 -5.90991739024162 -1.8408413258358896 40.06548534572968 0.038654583323470666 0.06920689401235379 -0.0063944944274660865 0.996832653683791
1643117095516170.0 -5.919355416047085 -1.8453727474393453 40.270749897719 0.04089445352261602 0.06767636125986144 -0.00602269654946453 0.9968506813580378
1643117095549504.0 -5.929604503034208 -1.848718715001379 40.376966072243256 0.042986990188619865 0.06768812631338139 -0.006401064840209175 0.9967594808175233
1643117095582837.0 -5.951607250054412 -1.853307844768702 40.53436408578609 0.04453610161333931 0.0683564969170996 -0.007505929582283459 0.9966381419569565
1643117095616170.0 -5.946807730741972 -1.8682100927192773 40.70559196756348 0.044451972912753115 0.06804309984642198 -0.00920183173899097 0.9966491283095075
1643117095649504.0 -6.00084598755692 -1.8780320541656748 40.83622256037364 0.045196284676925325 0.07018745540171224 -0.011786955213981284 0.9964397044690755
1643117095682837.0 -5.964836090000914 -1.8664990496994267 40.96046809165038 0.04776234139320922 0.06850623722249115 -0.013305223010148559 0.9964178968921146
1643117095716170.0 -6.031856029358411 -1.8749798919195115 41.128352903814026 0.05053336732573254 0.06993762436794856 -0.014872301646261313 0.9961595866768702
1643117095749504.0 -6.005222539934977 -1.8921822951638076 41.307472550664 0.05249013827036512 0.06789477663779306 -0.013941279958645577 0.996213192746802
1643117095782837.0 -6.037016584281795 -1.8860996433018986 41.505459208847164 0.055769719124132686 0.06840088092413546 -0.011262754685407156 0.9960342405131031
1643117095816170.0 -6.048240417879272 -1.8896927230981806 41.664274105431026 0.05825767705490893 0.0693684527071019 -0.010192307672099608 0.995836421154351
1643117095849504.0 -6.077089364943513 -1.9042605398610106 41.75513024547494 0.059179443065993945 0.07123218448553116 -0.009216419394466073 0.9956599956939937
1643117095882837.0 -6.075588234328173 -1.9217311406095727 41.88929086101184 0.05828743120285355 0.0711622007727506 -0.008646089337861942 0.9957227333370032
1643117095916170.0 -6.111903418667026 -1.9445032697994753 42.023634398712545 0.05633447890239277 0.07219152950430648 -0.009161158881282633 0.9957564374497293
1643117095949504.0 -6.082444201079707 -1.9312793382253974 42.13442030444583 0.05554818053521025 0.07118379666078509 -0.008822850609939098 0.9958762091943448
1643117095982837.0 -6.163283487064743 -1.9429017832263988 42.271216095028585 0.0541412126125185 0.07364090897831976 -0.009207183005283849 0.9957715467931388
1643117096016170.0 -6.102084276878186 -1.9410669011033006 42.41427749368178 0.05227876351830704 0.07115858040911187 -0.00936346673711482 0.9960500553736342
1643117096049504.0 -6.164298094429846 -1.9501687965607126 42.64079384234917 0.05003859988984586 0.07366069396898631 -0.009861055438362229 0.9959784135565954
1643117096082837.0 -6.109046414752629 -1.9492000679833388 42.78071060785656 0.04769479207623164 0.07117374318582517 -0.014218622903371404 0.9962215295065927
1643117096116170.0 -6.193897446544847 -1.9371405916178037 42.96892704742296 0.04759061426290945 0.07510026130066665 -0.014064582889796123 0.995940395653669
1643117096149504.0 -6.139790716273988 -1.9461464035144844 43.0769113144631 0.04662064918672818 0.0727481215212953 -0.015098742081024666 0.9961456991184079
1643117096182837.0 -6.209001174834414 -1.961236359116806 43.16095485017618 0.04711851772366484 0.07564864058374618 -0.015470809580903204 0.99590048825988
1643117096216170.0 -6.152199178965027 -1.9667369230068814 43.30836389061551 0.04741162651052307 0.0737005526274119 -0.012304625627570556 0.9960767853946834
1643117096249504.0 -6.226883053465693 -1.9893078852896668 43.451777363327835 0.04730876435120455 0.07773103326425715 -0.012389243684559863 0.9957742083043514
1643117096282837.0 -6.205702738082534 -1.990618823510403 43.57701918919544 0.0465634482441613 0.0775617127184486 -0.011864143604626865 0.9958289351612167
1643117096316170.0 -6.261571469808937 -2.0030220003828303 43.68369910514518 0.04531941090320384 0.07983379773671276 -0.014014794054274443 0.9956788143181196
1643117096349504.0 -6.218226221001647 -2.025719208709753 43.853248854300396 0.04291221535049459 0.07778291899308827 -0.013859808783079979 0.9959499309639636
1643117096382837.0 -6.284923506065327 -2.0236333277988243 44.05956141639113 0.04445191355189086 0.08101138517964679 -0.016395190781403553 0.9955864505767902
1643117096416170.0 -6.23939452098778 -2.012385673053736 44.194883397510154 0.04684527021533503 0.07889178446746108 -0.014433226901927594 0.9956773016209567
1643117096449504.0 -6.294811095883888 -2.028226109517419 44.35588764216877 0.049345642224039504 0.08137789123082849 -0.0151944686406954 0.9953450530017454
1643117096482837.0 -6.262963727965553 -2.0561443346608974 44.459340574098455 0.05080312258521301 0.07977811584417543 -0.011131187611061463 0.9954549671533678
1643117096516170.0 -6.3556424207476265 -2.0584932099645568 44.55867834965618 0.05460014442437927 0.08375611885895393 -0.011244194446772215 0.9949257785753493
1643117096549504.0 -6.349130993783876 -2.062583881062769 44.67862275269227 0.05689602927792529 0.0829867785629266 -0.010296994479784287 0.9948718552360583
1643117096582837.0 -6.408948772962251 -2.0759250889241976 44.743137499522796 0.05904655681973101 0.08468002631155855 -0.011845112204420158 0.9945865928055097
1643117096616170.0 -6.3656539078178325 -2.0910595863688335 44.87547525653589 0.05966905395375876 0.08187753749482542 -0.010531341705237781 0.9947988558979822
1643117096649504.0 -6.452813249883173 -2.167548885162028 45.565159955691726 0.054907760687079026 0.07935133009133001 -0.010352569344877731 0.9952795228160914
1643117096682837.0 -6.416513551985846 -2.179755473008598 45.877476033011824 0.05271926313196903 0.0739367629213203 -0.011504818497872705 0.9958020252715243
1643117096716170.0 -6.424769687792136 -2.1767498525558744 45.939398540010686 0.05198003912367165 0.07072912609189119 -0.013712205908272617 0.9960459033920616
1643117096749504.0 -6.5213839245225085 -2.1922954132364376 46.01508919390714 0.050482279605627414 0.07079639675624472 -0.015158087697146935 0.996097205110785
1643117096782837.0 -6.454257758203255 -2.192403116145797 46.12474640795263 0.051074687938552035 0.06225078753059287 -0.013446177313222292 0.996662137346183
1643117096816170.0 -6.49447090345159 -2.2042584177193 46.29301553105411 0.05284514297491102 0.057775433514672 -0.012669009287179437 0.9968494802876883
1643117096849504.0 -6.459905174651809 -2.196680538817106 46.33664867321011 0.05582774601340798 0.04941789050524653 -0.008741482808773546 0.9971783799057106
1643117096882837.0 -6.547987350777137 -2.214041504091494 46.4461235545738 0.05857216960354719 0.04583027429977319 -0.006531762305385285 0.9972092172592102
1643117096916170.0 -6.4896727856864 -2.217973722986304 46.54920796499129 0.06084541521855919 0.0359580347266667 -0.002184079491907794 0.9974969097607521
1643117096949504.0 -6.577468381771284 -2.2322310738088653 46.70256190649981 0.06242971999986264 0.032523028855403174 -0.0015190905056755694 0.9975181577389179
1643117096982837.0 -6.527610377721804 -2.211542162715801 46.768276471242125 0.06487137542978967 0.021289216305170854 -0.0002574214223930666 0.9976664811715238
1643117097016170.0 -6.612711614048638 -2.2160624131412927 46.93202088824109 0.06548753978730307 0.01607058717833975 -0.0001821747195826654 0.9977239523899991
1643117097049504.0 -6.582949356770225 -2.204387982839074 46.991153332196205 0.06711021776376896 0.004797120492897423 2.4761592959579057e-05 0.997734035549324
1643117097082837.0 -6.669382568754315 -2.2044313549207497 47.14598495415123 0.06953929589495883 -0.003208871163337102 0.0002596600331340357 0.9975740183309495
1643117097116170.0 -6.631024215947476 -2.197591376520648 47.23804770494589 0.07284366804578499 -0.016631861058599533 -0.00030857692595453003 0.9972046359717968
1643117097149504.0 -6.74468324057051 -2.2048966459433985 47.40418758126286 0.07664725086381534 -0.023573764389912037 -0.003872348949075 0.9967720308481397
1643117097182837.0 -6.704061553584372 -2.1950256045197483 47.52320565185996 0.08149351131660759 -0.039521440060515195 -0.010494679347630504 0.9958346876335568
1643117097216170.0 -6.818266137417054 -2.214039262554686 47.64066689612729 0.08414853520336017 -0.04683322231797436 -0.016763758184834523 0.9952108569152391
1643117097249504.0 -6.763692504861014 -2.2096069236723976 47.70346344439685 0.08781331106691519 -0.06265021636505078 -0.02222945014440959 0.9939163065043026
1643117097282837.0 -6.851808361460104 -2.2124359031722314 47.78717663866463 0.09152623814613986 -0.07319017821991458 -0.02956298410928381 0.9926692175712448
1643117097316170.0 -6.8189618297968195 -2.243689088850735 47.956400375090496 0.09332434827769777 -0.09160024486923973 -0.03563146508891659 0.9907726075412338
1643117097349504.0 -6.971179021765673 -2.267788612847088 48.09208072490664 0.0967653012516525 -0.09916699239449818 -0.0428186168159262 0.9894285978013155
1643117097382837.0 -6.9204749136442185 -2.2728805320722487 48.1955300080591 0.10240290115098133 -0.11779313301183321 -0.047083010715216984 0.9866213122333763
1643117097416170.0 -7.011748342649366 -2.290027899711171 48.25268357580923 0.10812261766094948 -0.12909333035051904 -0.05312889462378463 0.9842874235533088
1643117097449504.0 -7.015323573593201 -2.302156078319288 48.353052548034064 0.11301194187791798 -0.14585793607822561 -0.0579318577806641 0.9811206160967484
1643117097482837.0 -7.0958168402018025 -2.3241624464859316 48.44058798417965 0.11683135696522118 -0.16069737374912563 -0.06299346813954565 0.9780381439757608
1643117097516170.0 -7.068984511788377 -2.3240277339066098 48.55714155584918 0.12221239317497776 -0.18064578504211745 -0.06784504491152528 0.9735647288094998
1643117097549504.0 -7.19702410491563 -2.3505890942166485 48.62378190644143 0.12403778751884013 -0.19231983707523992 -0.07044404930393408 0.9709095444233975
1643117097582837.0 -7.148323813901827 -2.3758218629514363 48.696832638741924 0.12627776886516487 -0.21371663178674086 -0.0720296459403724 0.9660180414950185
1643117097616170.0 -7.263317700342841 -2.3914494940722286 48.7495184847659 0.1284830790172545 -0.22661939467079922 -0.07369493298532959 0.9626550811259317
1643117097649504.0 -7.23637804520822 -2.384049362900515 48.82214451609832 0.13262866438614318 -0.24583715075145374 -0.07307149931478299 0.9574101987557081
1643117097682837.0 -7.371200813477405 -2.406367538854943 48.88973646239806 0.13462036243147615 -0.2598460305760122 -0.07292989903449468 0.9534351725416504
1643117097716170.0 -7.345323503157646 -2.440333465726086 48.99621504316907 0.13546078065995082 -0.2825286189460968 -0.07150769240475056 0.9469501604130787
1643117097749504.0 -7.477694482525105 -2.4738457774037945 49.488228780359385 0.13587641400547323 -0.3015650030596865 -0.07340194758472965 0.9408550914659457
1643117097782837.0 -7.546095024651113 -2.463836653501571 49.58391273567175 0.13864183815041087 -0.31962316424608733 -0.07082002924855356 0.9346678538651194
1643117097816170.0 -7.602102954611759 -2.4971907770724995 49.628252226936176 0.13719427552132785 -0.33751885313607094 -0.07010436761684309 0.928624860846904
1643117097849504.0 -7.6114670794672525 -2.515358116953384 49.71761412522437 0.13739083483883682 -0.3577295433310292 -0.06852365216604264 0.9211177131204719
1643117097882837.0 -7.724209172158539 -2.5370255177733245 49.74972068290479 0.13691163872456039 -0.37237290972641424 -0.06650148732025435 0.9155168875929233
1643117097916170.0 -7.75664255598835 -2.5520919784210094 49.846756267270294 0.13656147523031975 -0.39232348132794587 -0.06372112331075026 0.9073989574193128
1643117097949504.0 -7.862405270917136 -2.5738235596424164 49.85795635579648 0.13554645226707146 -0.4063001798379314 -0.0616723600791756 0.901523068558836
1643117097982837.0 -7.8571942617689965 -2.5814198252891765 49.96750459503922 0.13696155208101946 -0.4286384177771904 -0.058986189331485035 0.8910843223428271
1643117098016170.0 -7.9497681417182795 -2.59744643340131 49.96529263516658 0.13746400783001667 -0.4426206323789405 -0.0566609245613679 0.884296422005442
1643117098049504.0 -7.971308578772424 -2.59864708517357 50.05398862033709 0.13916789800790555 -0.46166806229755303 -0.05323772694316151 0.8744487639927279
1643117098082837.0 -8.05929592552921 -2.6081695911624583 50.0375062981079 0.14041753043090907 -0.4759581094114815 -0.049885586042064126 0.866751535065484
1643117098116170.0 -8.07877800816282 -2.6185716095573603 50.13236886807833 0.14202221587203553 -0.49641298702069425 -0.04686134783317793 0.8551069234869094
1643117098149504.0 -8.167092395771476 -2.6164804801649866 50.09596947963877 0.14380708357270813 -0.5082190458467436 -0.044231268327140194 0.8479837964578746
1643117098182837.0 -8.200625157857703 -2.6365638016100936 50.20486146591868 0.14396963347579148 -0.5278147660489586 -0.040673578756359435 0.8360801261653571
1643117098216170.0 -8.289928178092726 -2.6539042775229293 50.18345656391874 0.14331194133111883 -0.5402479954931588 -0.03779608241211534 0.828350920197368
1643117098249504.0 -8.325465054318737 -2.6763057308252103 50.280979429911625 0.14251924322617804 -0.557169816350823 -0.03442377060583013 0.8173524729730159
1643117098282837.0 -8.406676246464347 -2.6942832898920095 50.255265832551814 0.142258797813065 -0.5682891522804079 -0.03224795296001989 0.8097962357130867
1643117098316170.0 -8.451374796428134 -2.704600492334303 50.327066081899304 0.14245912454139592 -0.5830473063392153 -0.029791752446735868 0.7992957449477863
1643117098349504.0 -8.533871483374 -2.7195217772049918 50.26098985332311 0.14230226303128513 -0.5913270954401623 -0.028187163541979036 0.79327663267358
1643117098382837.0 -8.552198028890157 -2.7296224821418527 50.35747479483484 0.14345722148305579 -0.6076578986358904 -0.02659537463236664 0.7806821311378528
1643117098416170.0 -8.59568077429448 -2.713244906010327 50.29055985789537 0.14548416792498936 -0.616335418613958 -0.024027733175582176 0.7735552188975092
1643117098449504.0 -8.627550584588919 -2.721512386040839 50.374520203993725 0.147137683146615 -0.6304113635946523 -0.022965083302151402 0.7618429101841814
1643117098482837.0 -8.692934875978722 -2.7245015328812188 50.32169335540671 0.14907030962062845 -0.6391151960980933 -0.021958742035127193 0.7542066179465282
1643117098516170.0 -8.730457114405185 -2.737794899096638 50.42100601373873 0.1494526690009983 -0.6532421369981495 -0.02156640846724818 0.7419390138039601
1643117098549504.0 -8.795555975524167 -2.7364705584187545 50.34109701661061 0.14939524541876284 -0.6588810071866639 -0.021106444915934303 0.7369609195866262
1643117098582837.0 -8.83410537251623 -2.758733329112645 50.4314827386509 0.14739221395652122 -0.6713204500999418 -0.020972126159340656 0.7260609881180529
1643117098616170.0 -8.874314879272054 -2.737900047281007 50.33808006545527 0.14724132531890888 -0.6750345778910094 -0.018889454455952435 0.7226973773857178
1643117098649504.0 -9.168107790460786 -2.841784238774313 50.57643071690876 0.14551124783887373 -0.6870998820667547 -0.02103997425555498 0.7115318322461415
1643117098682837.0 -9.250509518427762 -2.861760515408895 50.59255544598254 0.14474655194005948 -0.6944042343976379 -0.01911896676875981 0.7046173855801383
1643117098716170.0 -9.280524290118528 -2.8804827236581536 50.59100441611541 -0.14376319952001693 0.7001510062093966 0.020265088168207122 -0.6990779907630279
1643117098749504.0 -9.35018537329096 -2.884453240044615 50.603864611207676 -0.14426628030990976 0.7057621328167171 0.02068948753554646 -0.6932957502776557
1643117098782837.0 -9.430300906880323 -2.899523368985114 50.595316988578205 -0.1436192913047925 0.7105542388108894 0.02149552682957812 -0.6884940923488782
1643117098816170.0 -9.46132132126194 -2.9157735631582593 50.65655541910241 -0.14351689501636178 0.717525468424132 0.02242312283912074 -0.6812175178089112
1643117098849504.0 -9.51664874106795 -2.9216884491790682 50.57111718057362 -0.14472477772196035 0.7185542092826938 0.025769805608845554 -0.679757680467337
1643117098882837.0 -9.577364967270414 -2.9613526811938375 50.66301641437407 -0.1435777929141453 0.7267710327426714 0.02996599738350532 -0.6710374969767825
1643117098916170.0 -9.632662059500833 -2.9460545236660236 50.58116753114187 -0.1423118467763372 0.7279654274678848 0.03110278487319863 -0.6699599177948927
1643117098949504.0 -9.690000734871935 -2.979647374776381 50.669869048515764 -0.13920662645672888 0.7351286400132785 0.03478156650367869 -0.6625689703074802
1643117098982837.0 -9.741372266228755 -2.9648613827974493 50.60441379784675 -0.13716056080843625 0.7356726081612956 0.03553869460193324 -0.6623517157416159
1643117099016170.0 -9.791225385785534 -2.9989907108573135 50.69863967800507 -0.1329089806449148 0.7422091200418762 0.03760948994491191 -0.6557791939797091
1643117099049504.0 -9.83347468759711 -2.9738862681008045 50.62144095279919 -0.13139203570316565 0.7416234919119983 0.037833745069461196 -0.6567338402519329
1643117099082837.0 -9.888931842054888 -3.01275083911158 50.697829144486334 -0.12571559572625388 0.7465468689164326 0.03978080575574057 -0.652135606293421
1643117099116170.0 -9.946373904297058 -3.0113516282648765 50.6047880925666 -0.12221456074715947 0.7444411905244878 0.040405038055886223 -0.65516284074386
1643117099149504.0 -9.998415411684588 -3.0616472956435534 50.696071749728816 -0.11701009241855384 0.7492101251498198 0.042765604725611965 -0.6505105146710893
1643117099182837.0 -10.051263044975105 -3.0314277520188013 50.616565716373984 -0.11566104124076777 0.746990853102805 0.041837416360717986 -0.6533581097010314
1643117099216170.0 -10.09514734332391 -3.063643990950831 50.70763200491894 -0.10974450836240728 0.7509562458021098 0.04177855439547991 -0.6498272171644697
1643117099249504.0 -10.146969843263488 -3.0320198799233498 50.629497601447405 -0.10976686345016914 0.7474193378929282 0.041101209232556335 -0.6539313875565466
1643117099282837.0 -10.20276112707901 -3.051115460518974 50.7053277817807 -0.1062873478035518 0.7499948402414257 0.041253485071702366 -0.6515434669134238
1643117099316170.0 -10.259356568828053 -3.0549073295942155 50.61137093625821 -0.10396706176431361 0.7460461613695284 0.04439789089113233 -0.6562277062562248
1643117099349504.0 -10.306564477574666 -3.1089610629535764 50.7001820771763 -0.09719458494515114 0.749153581830439 0.048247913155653764 -0.653447979845441
1643117099382837.0 -10.357278103440217 -3.089341035696948 50.59406934922751 -0.09461826656001952 0.7435783122460254 0.05130983430394775 -0.6599287674395098
1643117099416170.0 -10.42071780616821 -3.094273340745914 50.66360880487864 -0.09110023390095018 0.7442219892204571 0.05500376260459659 -0.6594004581764219
1643117099449504.0 -10.465733279501412 -3.05397149942246 50.597239110944216 -0.09155155178503258 0.7390764489421537 0.05825962823662788 -0.6648233838415571
1643117099482837.0 -10.523328360413766 -3.073237900320455 50.66501321354985 -0.08875384464690547 0.738635791679615 0.0625183697516569 -0.6653054755176877
1643117099516170.0 -10.52529040255131 -3.046042158490839 50.629574732048646 -0.08808100763512974 0.7336555887093493 0.06286844055947347 -0.6708492918913593
1643117099549504.0 -10.592940912717491 -3.0424284795385796 50.6672273165101 -0.08636521336342623 0.7310869426407486 0.062135317772998494 -0.6739377823702581
1643117099582837.0 -10.66359025078746 -3.0327687876131493 50.6053495097914 -0.08496997815341618 0.7242623936380296 0.06020222805659833 -0.6816155659250609
1643117099616170.0 -10.730692944511533 -3.0651042711793024 50.64318622417127 -0.08262556415016574 0.7217370810016128 0.05951143095310705 -0.6846363937463824
1643117099649504.0 -10.719010237227929 -3.0705012065808535 50.62787413637197 -0.08152536889769321 0.7175702723882155 0.05838927183305431 -0.6892294330232879
1643117099682837.0 -10.756552220186299 -3.0940865245210203 50.65321915407888 -0.08018631161940734 0.7145112704553831 0.05855362800235855 -0.6925426141898209
1643117099716170.0 -10.783040768295038 -3.1103788386404223 50.615268629023724 -0.07882146885433598 0.7085704617435984 0.059413150202269636 -0.6987024791534313
1643117099749504.0 -10.785767699543834 -3.150600436285383 50.72216044085692 -0.07600965356388475 0.7093535270570371 0.06082907907983265 -0.698097363807613
1643117099782837.0 -10.816129199774801 -3.1383016330748132 50.59182929176953 0.07456751543501858 -0.699126918239149 -0.06239597478835439 0.7083558287792158
1643117099816170.0 -10.874108479796135 -3.1490689906113185 50.67132237570445 0.07307917496660532 -0.6988248017438586 -0.06337050954241494 0.7087224486173636
1643117099849504.0 -10.909411670669597 -3.119022956645754 50.594865512295144 0.07415825371049185 -0.6920896661587151 -0.06359305998829841 0.7151701686481712
1643117099882837.0 -10.982602529487023 -3.1148091823949224 50.633839503927604 0.07347132943132133 -0.6906595260666933 -0.06336044906287011 0.7166427536084324
1643117099916170.0 -10.994871718078786 -3.0942905505458396 50.59512998449231 0.07452339030961834 -0.6869281647083718 -0.06305901312999707 0.7201385433999621
1643117099949504.0 -11.000741256299017 -3.0844917889431485 50.67054372241474 0.0748124699895547 -0.6882325914714793 -0.0626857815624682 0.7188946286907536
1643117099982837.0 -11.024983158980252 -3.064694139378907 50.602130720167125 0.07622553574104325 -0.6833902681949336 -0.06322940894275161 0.7233045353668108
1643117100016170.0 -11.078734712524769 -3.071111612465583 50.66619103142893 0.07648015186122877 -0.6845421225111328 -0.06415939008808921 0.7221055612185527
1643117100049504.0 -11.108192097628224 -3.07352738962927 50.607143328574196 0.07635411471252435 -0.6816664155399478 -0.06600381022599126 0.7246685063717321
1643117100082837.0 -11.157837382182697 -3.0984901836483485 50.63373066418208 0.07625229026537828 -0.6816884877201065 -0.06938381701762351 0.7243426536351588
1643117100116170.0 -11.180123900288004 -3.1142854344352773 50.555485118149285 0.07549630965618737 -0.6781243729641695 -0.07208383750484781 0.7274967782683466
1643117100149504.0 -11.217265087945524 -3.1356152137745137 50.6354953827127 0.0746228536964087 -0.6811049872368179 -0.07361430999267866 0.7246436085632995
1643117100182837.0 -11.206634655655995 -3.1353841989825733 50.56728387507124 0.07368903533934378 -0.6773879696272147 -0.0748807472829059 0.7280853922181314
1643117100216170.0 -11.24663461307084 -3.158852659992966 50.631728548171225 0.07226532342874467 -0.6791358931383336 -0.07577416710091646 0.7265056347208186
1643117100249504.0 -11.245010881473448 -3.1234571776088638 50.56258627757682 0.0733065583121672 -0.6753745854209875 -0.07480694660941038 0.7299994785031225
1643117100282837.0 -11.276439058090624 -3.13404984685325 50.6441670844517 0.07333108677955456 -0.6786501231024245 -0.07571285696886447 0.7268590822259882
1643117100316170.0 -11.28249814191653 -3.1218838945452303 50.58095950657015 0.07344952572380217 -0.6757692100426889 -0.07718742759192176 0.7293718139268686
1643117100349504.0 -11.320247334919037 -3.13413658027311 50.632714050059974 0.07336430504506902 -0.6775768470785406 -0.0788261209155373 0.7275257642927617
1643117100382837.0 -11.339553188114017 -3.119202582595179 50.546024569704365 0.07368486600778518 -0.6735533320297302 -0.08076202896619063 0.7310088536470177
1643117100416170.0 -11.366231390168567 -3.164435456350231 50.65420468364436 0.07264767689010188 -0.6792045161731862 -0.08498585497691233 0.7253833088142176
1643117100449504.0 -11.348666769946517 -3.1433092992923473 50.6182882672046 0.07299042796860832 -0.6787075977633764 -0.08595361436704753 0.7256999175557808
1643117100482837.0 -11.347963325807454 -3.156516326454871 50.69172030370179 0.07278603580417696 -0.6824347597550544 -0.08787276005137032 0.7219857129548537
1643117100516170.0 -11.344893511941097 -3.1361634487350787 50.58889896091879 0.07308873650732982 -0.6779162906956789 -0.08940613144595716 0.7260124537947279
1643117100549504.0 -11.398543675514949 -3.160040080852825 50.64533829123544 0.07184530085672172 -0.680040225619058 -0.09080926864737573 0.7239732184359561
1643117100582837.0 -11.41362216369167 -3.124872642275822 50.58785304865897 0.07318127687936965 -0.6783361810200189 -0.09084167994252704 0.7254325023175489
1643117100616170.0 -11.467166869793754 -3.129674379761755 50.63873219473291 0.0725771949502657 -0.6810626157901137 -0.09020410683376699 0.7230141653222304
1643117100649504.0 -11.484741517303892 -3.128125405915245 50.56089723774613 0.07276905902505003 -0.677702938257355 -0.09208754325826937 0.7259085864643102
1643117100682837.0 -11.489727265349238 -3.1329300299750282 50.6387256307587 0.0716562656893924 -0.6813816059896739 -0.09174439740732032 0.7226115499704885
1643117100716170.0 -11.485090968808734 -3.124249766595469 50.55969043114253 0.0718799096573225 -0.6777150086330316 -0.09296969253511252 0.7258734613767827
1643117100749504.0 -11.504207455049206 -3.147301449052909 50.63402906506995 0.0707651785522361 -0.6810010477202606 -0.09346348829368198 0.7228377680118508
1643117100782837.0 -11.505468144253479 -3.1448482598218894 50.552247934082246 0.07171244554298563 -0.6774108047377881 -0.09429854871938811 0.7260025554281224
1643117100816170.0 -11.514512596105682 -3.1459695158484844 50.641481368921404 0.07218311383126534 -0.6822008112753908 -0.09219137726714566 0.7217287586970663
1643117100849504.0 -11.516074901025759 -3.1379329274989978 50.56372056960806 0.07359900786415362 -0.6797411395117452 -0.09206589141858494 0.7239192226581552
1643117100882837.0 -11.527335038445708 -3.1505789576058643 50.63906300374072 0.07351261401964446 -0.6839457331679437 -0.09047728732460458 0.7201583090819295
1643117100916170.0 -11.529853551985465 -3.1357840416965317 50.55988383215463 0.07544104022526267 -0.6812103362772961 -0.09014311434177145 0.722589334363212
1643117100949504.0 -11.545532294836153 -3.1548866798783357 50.62884563432749 0.07401474701120339 -0.6847725832119795 -0.08840338936577923 0.7195784649742534
1643117100982837.0 -11.543522760922526 -3.1472383713973215 50.54126296026857 0.07425963649247708 -0.6814260520547625 -0.0869586647396307 0.7228984939780728
1643117101016170.0 -11.555749947543806 -3.156391482239302 50.62784888644484 0.07473599909737787 -0.68614209684799 -0.08484834962344057 0.7186266839869909
1643117101049504.0 -11.564592938261613 -3.1430336000288883 50.55564442824078 0.07630729354467825 -0.6839894388261885 -0.0841358808919375 0.7205947530149381
1643117101082837.0 -11.565095325539486 -3.1496304728753803 50.63795466663571 0.07529171180960507 -0.6885016705541683 -0.08228643585493463 0.7166069705572159
1643117101116170.0 -11.562887339404327 -3.1366588568421294 50.547605949820685 0.07609667726128826 -0.68482309959533 -0.08324943212228135 0.7199278783473755
1643117101149504.0 -11.578347809573692 -3.157032768362111 50.62806357853674 0.0742956626341212 -0.6887652282372696 -0.08296287034555033 0.7163796319194495
1643117101182837.0 -11.584737252554957 -3.1531832327426987 50.53263823567662 0.0747724429404242 -0.6847695953501541 -0.08410309114999323 0.720018300545009
1643117101216170.0 -11.595712328730732 -3.168815129961886 50.61857979658601 0.07293516351456673 -0.6891123755671584 -0.08296094065395106 0.7161857846181412
1643117101249504.0 -11.601233239077686 -3.1587735757657005 50.53496522321121 0.07292712679751913 -0.6859196564845781 -0.08298624810312372 0.7192420605407499
1643117101282837.0 -11.606121010310245 -3.164826139725676 50.620033074837366 0.0718534665796768 -0.6900486775229556 -0.08201959032055929 0.7155017042557976
1643117101316170.0 -11.58992874005005 -3.1374860898155785 50.53789287242783 0.07326034203928561 -0.6866183614333466 -0.08155800758686213 0.7187046955637165
1643117101349504.0 -11.604472884194449 -3.1490143073395447 50.63313074387057 0.07232556945639955 -0.6908536401788993 -0.08050750741022811 0.7148487959736405
1643117101382837.0 -11.614487149903015 -3.1403381611237777 50.56759410715892 0.07183365724236518 -0.6879798100021824 -0.08076271804189959 0.7176357642223747
1643117101416170.0 -11.625601816259179 -3.157630042790416 50.63119047848497 0.07042552400638835 -0.6905553330304736 -0.08164403874881083 0.7151977548401424
1643117101449504.0 -11.613780085355435 -3.152691132518487 50.52341142033861 0.06994198183547629 -0.6854971695436431 -0.08311265791254026 0.7199264100026426
1643117101482837.0 -11.628000838405416 -3.167248147383081 50.616187755595064 0.06890933584363969 -0.6891545903233212 -0.08251993570113653 0.7165946652618648
1643117101516170.0 -11.623578949587994 -3.154242575138911 50.5421008684217 0.06954284341224945 -0.6854125054619058 -0.08216505961782548 0.7201544232069755
1643117101549504.0 -11.635816546340322 -3.1635204708973115 50.63157662162467 0.06887454753687285 -0.6890641775993497 -0.07948526817509662 0.7170278571952807
1643117101582837.0 -11.626399564427278 -3.1585873342123367 50.5449791588725 0.070648023612501 -0.6850224212163206 -0.07854764345867579 0.720821341871664
1643117101616170.0 -11.63777541918184 -3.1782771859183283 50.63032189901761 0.07111867720460745 -0.6891594276109451 -0.07544538600154897 0.7171536870285886
1643117101649504.0 -11.625390941964616 -3.172157994010745 50.5461063282659 0.07252512276117452 -0.6854273524576474 -0.07266445773595265 0.7208670665617322
1643117101682837.0 -11.632674344357051 -3.171878734594932 50.62980942051203 0.07339260209831534 -0.6889030752358618 -0.06914781277289203 0.7178054463965399
1643117101716170.0 -11.620178443954728 -3.16181408084282 50.54097443075951 0.0746483505874936 -0.6847816545281953 -0.06868474005502923 0.7216537368154946
1643117101749504.0 -11.637528786201461 -3.164925732324242 50.62828442825763 0.07544968784196586 -0.6885046210220731 -0.06695920440787703 0.7181818685965731
1643117101782837.0 -11.632882581072016 -3.1546609203691256 50.5433359609153 0.07629433203087219 -0.684521349767342 -0.06763326429978114 0.72182784524623
1643117101816170.0 -11.641027896691353 -3.1688348549193095 50.630892346861465 0.0757718789373034 -0.6884232483389068 -0.06875521355240266 0.7180562471827551
1643117101849504.0 -11.637220352077843 -3.1601376117479716 50.55476243390289 0.07626270253953304 -0.6853442742403087 -0.07018465415530735 0.7208060351360073
1643117101882837.0 -11.65005376264144 -3.166679141017518 50.62779939891801 0.0757712010657108 -0.6886505804644162 -0.07045371154860905 0.7176735871161121
1643117101916170.0 -11.636735103814365 -3.14704093172049 50.54130969731688 0.07678339577858935 -0.6850330089910961 -0.07205754930688897 0.7208618427363171
1643117101949504.0 -11.648148103891309 -3.165199577582491 50.62003540108891 0.07567479324819892 -0.688496665565488 -0.07303370916389287 0.7175735115636659
1643117101982837.0 -11.639098570035305 -3.145312528274732 50.53487180692846 0.07671027635606391 -0.6845853426526767 -0.07380972869904678 0.7211175813110279
1643117102016170.0 -11.648531255910019 -3.1653303249412383 50.630589455413634 0.07566607840554589 -0.6891311007152012 -0.07425840117987247 0.7168393547092612
1643117102049504.0 -11.644426612878025 -3.15294937986113 50.54669041927526 0.07620931826714251 -0.6857889394381524 -0.07431029638193315 0.7199747566444122
1643117102082837.0 -11.651676536214007 -3.1710826590609837 50.62831577467933 0.0749499315611837 -0.6899155003111944 -0.07388781483589263 0.7161980878277359
1643117102116170.0 -11.630475012017868 -3.1550552863377024 50.53364930288095 0.07542126040296657 -0.6854215850770062 -0.07390656299496319 0.7204489601186359
1643117102149504.0 -11.64539561323897 -3.1792280100486594 50.62602629503044 0.07352606450766924 -0.6890103860085144 -0.073969458681435 0.7172078673528253
1643117102182837.0 -11.642379719452286 -3.1672967793171556 50.548193185187 0.07360457565806433 -0.6850566187257372 -0.0735963001482137 0.721015520073424
1643117102216170.0 -11.658777349932402 -3.1834312055888647 50.62251364985526 0.0726980431810569 -0.6879138811060147 -0.0736341133564429 0.7183783850099582
1643117102249504.0 -11.64668397340211 -3.166169936418446 50.53695297669438 0.07279743290466548 -0.6839947314194342 -0.07341502710771144 0.7221232408306223
1643117102282837.0 -11.652649755027936 -3.1728859103766087 50.629840328443265 0.07257781693857689 -0.6882146818772268 -0.07283036360112145 0.7181843428220824
1643117102316170.0 -11.635882794117055 -3.1621071618531333 50.541258357267935 0.07319411098940373 -0.6843363049489478 -0.07361732940171459 0.7217388257929949
1643117102349504.0 -11.640016772101855 -3.173091662797223 50.630782609582006 0.07290339840876542 -0.688073185448592 -0.0740031464944398 0.7181670559667874
1643117102382837.0 -11.628600687151705 -3.1476242778230485 50.55256567482184 0.07398715204528308 -0.6844534597246484 -0.07448036498044974 0.7214582718602416
1643117102416170.0 -11.642723359833132 -3.160995835472513 50.6474349496604 0.07314962225159358 -0.6883341862098207 -0.07441582327582211 0.7178491945426244
1643117102449504.0 -11.632485713489459 -3.147508764224754 50.56420949524029 0.07341953397486191 -0.6845501858870979 -0.07363652570118658 0.7215111067166687
1643117102482837.0 -11.640879776016591 -3.161190690807332 50.63318819488043 0.0729551489944947 -0.6877001065734204 -0.07286018341554948 0.7186358628170111
1643117102516170.0 -11.624424968961318 -3.1393765616975386 50.532651208006556 0.07415553272954539 -0.6829429450212934 -0.07272976903450475 0.7230492870527068
1643117102549504.0 -11.636915224293269 -3.162858127141008 50.61108841859265 0.07332490249637291 -0.6855280921545097 -0.07389183454845633 0.7205655350680874
1643117102582837.0 -11.612653696354494 -3.151899274970336 50.55442122042903 0.07457702362775977 -0.682959473064699 -0.0759429757968308 0.7226598716720994
1643117102616170.0 -11.635957611529136 -3.1775443368230416 50.621111437103316 0.0738924678331438 -0.6854337997532378 -0.07893701393547237 0.7200620509263886
1643117102649504.0 -11.627184414625706 -3.1519753400955364 50.54325521219064 0.07456488732030295 -0.6820880405367499 -0.07995661889583665 0.7230511196522645
1643117102682837.0 -11.641748158925191 -3.155557050144802 50.61745360589228 0.07459899538860292 -0.6850716955719877 -0.08196808971470788 0.7199951347624889
1643117102716170.0 -11.635876693093365 -3.1325532471813555 50.5189347232288 0.0754130456349087 -0.6800901752088852 -0.08482594487244222 0.7242891585609386
1643117102749504.0 -11.640640274685762 -3.1594193535435893 50.61740461241365 0.0737661239149032 -0.6841427337430602 -0.08676396417839108 0.7204021747254753
1643117102782837.0 -11.627186643258963 -3.1486286129880736 50.550256072387924 0.0745425843383393 -0.6812256514701356 -0.08876553254518754 0.7228386369939147
1643117102816170.0 -11.630466190188386 -3.17439234683094 50.636371003517894 0.07335275216496925 -0.6851112808963078 -0.09001316621299879 0.7191241453648709
1643117102849504.0 -11.620046548229311 -3.1459660702652275 50.545138656256796 0.07445619239183086 -0.6805483080295784 -0.09039379327704176 0.7232836497457801
1643117102882837.0 -11.633406752573457 -3.1631639757725263 50.61647900723927 0.07237006411810758 -0.6826323959704175 -0.09093368860661724 0.7214614681794329
1643117102916170.0 -11.639146872770539 -3.1335817677325317 50.532473039127076 0.07260479606709828 -0.6783005559015122 -0.09126931791530793 0.7254700621383553
1643117102949504.0 -11.652274330114334 -3.1573785386770217 50.62728834987232 0.07090035831284822 -0.682377094759793 -0.0927546823118503 0.7216170789605258
1643117102982837.0 -11.630684496900644 -3.1524133254474793 50.54977188874279 0.07019997130294264 -0.6791506323062374 -0.09351468218204884 0.7246249974183158
1643117103016170.0 -11.636312081131736 -3.1742804002126324 50.626071516102186 0.06921503880856654 -0.6825604518192625 -0.0937127819208095 0.7214834873506638
1643117103049504.0 -11.625930139907405 -3.1545852056893766 50.536330847992936 0.07026299809228878 -0.678690682440975 -0.09429566189148439 0.7249485477020652
1643117103082837.0 -11.637981902078222 -3.1693562903142234 50.6130182932916 0.0698174989862396 -0.6818568883306798 -0.09390687431023047 0.722065232253009
1643117103116170.0 -11.634755585961479 -3.147588492392603 50.537354464379874 0.07069701746318036 -0.6790476791997094 -0.09426090491937256 0.7245764713948972
1643117103149504.0 -11.642905751063495 -3.176751061571341 50.618692840718566 0.0692446213227233 -0.683311699718598 -0.09540162303031612 0.7205475929935059
1643117103182837.0 -11.636196798116496 -3.1518248686096393 50.53593307441743 0.0705020588697304 -0.6796942735159074 -0.09569825143502085 0.7238003860990209
1643117103216170.0 -11.644956606829485 -3.166137229160137 50.6252069782161 0.06993442837044453 -0.6836520840863648 -0.09513164113772553 0.7201937062397258
1643117103249504.0 -11.643990508646908 -3.138558837141231 50.54723097940288 0.07059880640360451 -0.6806134187511111 -0.09398260073609882 0.7231517499869513
1643117103282837.0 -11.646957946282589 -3.1596790218396915 50.63406986423045 0.07017633122660694 -0.6848802274146423 -0.09440984671304631 0.7190974464393964
1643117103316170.0 -11.639263065740636 -3.1451602326540566 50.53085082090843 0.0702128202952053 -0.6804592032213144 -0.0956872505044595 0.7231109062298149
1643117103349504.0 -11.646717985416682 -3.1682661402572205 50.62055167340241 0.06855843158603434 -0.6851640128834899 -0.09590538478574091 0.7187852071912407
1643117103382837.0 -11.649024096742515 -3.1279490211827246 50.5401833966201 0.07071249736953168 -0.6818522507049815 -0.09566013946675725 0.7217523042162841
1643117103416170.0 -11.65795502370594 -3.1484865908602644 50.62300174952269 0.07009855491608563 -0.6858984537053273 -0.09702381873897081 0.7177854013565788
1643117103449504.0 -11.648474186363828 -3.144602123412265 50.532817136267674 0.07057725119332653 -0.6824541507207411 -0.09933817455100644 0.7206990431899434
1643117103482837.0 -11.668935255237658 -3.1703582330403104 50.60126794717529 0.06894097123244754 -0.6856486494006234 -0.09994634130258738 0.7177351885764378
1643117103516170.0 -11.670812316770593 -3.1467553008238536 50.51004027180826 0.0700559695560018 -0.6819403743516305 -0.09969309999837442 0.721187058100352
1643117103549504.0 -11.670740535647603 -3.1554489427088646 50.61464301096712 0.0695359160213722 -0.6874770477839018 -0.09758208715279126 0.7162526100617745
1643117103582837.0 -11.66006856333403 -3.1225111952646696 50.53009985120452 0.07058252505296099 -0.6841768783322347 -0.09667341753617531 0.7194264080881261
1643117103616170.0 -11.671740129037932 -3.1511571164803724 50.61762037341114 0.0694741662383803 -0.6883056661641183 -0.09677681425939386 0.7155717283219439
1643117103649504.0 -11.654701782586121 -3.147811503421975 50.52874043880717 0.06903056565660662 -0.684867978066388 -0.09732475093732734 0.7188313616415006
1643117103682837.0 -11.665249894882562 -3.1693990736516726 50.61957510241343 0.06837805663843152 -0.6889133051897506 -0.09693717205274091 0.7150706846020904
1643117103716170.0 -11.663483344762943 -3.146965219181885 50.53070144613342 0.06987465434876039 -0.6849612024455888 -0.0970303206886557 0.7187007727079406
1643117103749504.0 -11.67257867247603 -3.1654202933523696 50.618706860886775 0.07047874643478376 -0.6891329298818137 -0.0973394818430079 0.7146002914413226
1643117103782837.0 -11.674191152597302 -3.1492923073207786 50.53234870374645 0.0715662958895667 -0.6860187738045532 -0.09803404152214848 0.7173882031251823
1643117103816170.0 -11.677523446526088 -3.1727180120163005 50.612587775755664 0.07084646569166601 -0.689889431285487 -0.09870087552248105 0.7136466128769074
1643117103849504.0 -11.682303626666416 -3.1355226239594254 50.51899493544257 0.0730347012761047 -0.6859567525815063 -0.0987267903081341 0.7172044944594239
1643117103882837.0 -11.697555855278233 -3.1537608852425647 50.59507616573396 0.07254918084721404 -0.6889778177196948 -0.09925463410634378 0.7142791475725868
1643117103916170.0 -11.695287818285582 -3.137041401233264 50.51456809133031 0.07310445102636284 -0.6856352847546355 -0.09975454995864942 0.717362548020254
1643117103949504.0 -11.70001804019472 -3.1737065181144595 50.60180073095415 0.0722308391776999 -0.6897018856690905 -0.10125971260100264 0.7133305582828681
1643117103982837.0 -11.699602865310068 -3.14605179391874 50.52151091466336 0.07459497044877568 -0.6866931766661093 -0.10069191560981948 0.7160650875687061
1643117104016170.0 -11.697942665570459 -3.162600828859735 50.6071315592238 0.07526241847943468 -0.6908921656364637 -0.09984950284441456 0.7120629611266878
1643117104049504.0 -11.697871284251752 -3.136773464399406 50.51918259074476 0.0776956053295669 -0.6876004319481598 -0.09989199896368288 0.7149759628408606
1643117104082837.0 -11.709299808647494 -3.1576840474566796 50.59922673304131 0.07832354220449138 -0.6911377174680648 -0.10060491565113458 0.7113878893939669
1643117104116170.0 -11.705765981220333 -3.1376557207865927 50.5223416741749 0.0791998952863377 -0.6885028964896387 -0.10034531183452 0.7138781103975973
1643117104149504.0 -11.710827092214275 -3.158164330738823 50.59502830178758 0.07901906277685575 -0.6915550385589734 -0.10059104171576472 0.7109072082122262
1643117104182837.0 -11.70156157811211 -3.1481922604591257 50.51056701968129 0.07925997746366682 -0.6882004452364581 -0.1015409406929457 0.7139940059356181
1643117104216170.0 -11.708547559082298 -3.1724217903016223 50.59752890611133 0.07861243482778993 -0.6921586869885962 -0.10220569959890867 0.7101340944400338
1643117104249504.0 -11.707737178677474 -3.157040248784338 50.52154802128605 0.07854698324219467 -0.689158988491446 -0.10263083043755898 0.712991705876509
1643117104282837.0 -11.71711056068245 -3.176596897681521 50.60377744197847 0.07753320312860047 -0.6925967640303312 -0.10314149305761015 0.709690184007909
1643117104316170.0 -11.721349609898777 -3.1690603142282745 50.50759219882466 0.07702012293946585 -0.6885835447171187 -0.1056227270076704 0.7132772547520778
1643117104349504.0 -11.734259483438223 -3.193492039086706 50.58403564529186 0.07570654990548208 -0.6918468069722589 -0.10739022671919643 0.7099886289152089
1643117104382837.0 -11.715351848100163 -3.16460107243589 50.50230217141253 0.07629123380299174 -0.688473083738063 -0.10831960407177318 0.7130577283689963
1643117104416170.0 -11.732781802172623 -3.1847597487021893 50.59693308042092 0.07475258924922845 -0.6924341629402432 -0.10921894138033113 0.709237762134491
1643117104449504.0 -11.730715812308594 -3.1784254998379557 50.51617228312714 0.07374285451287063 -0.6887165320214271 -0.11089876419909318 0.7126941798750611
1643117104482837.0 -11.747269069444991 -3.19571454683718 50.598101520261544 0.0726205387074197 -0.6917566794835477 -0.11103315051552656 0.7098384275554097
1643117104516170.0 -11.748478491938354 -3.1585619583332267 50.522168774896954 0.0731091266610523 -0.6885208395891773 -0.10952364415542373 0.7131610480257519
1643117104549504.0 -11.751735375940118 -3.1735354692217896 50.59664162056688 0.07163576762630533 -0.6917659602745451 -0.10930120705551345 0.710198154840066
1643117104582837.0 -11.741761669127822 -3.1429510197048662 50.50498176134663 0.07268050785462384 -0.6869692260483852 -0.10937277839576447 0.7147226186335981
1643117104616170.0 -11.752201938062422 -3.1583950089380246 50.58297299752968 0.07155669681110002 -0.6895018298693506 -0.10929830135950903 0.7124049038771613
1643117104649504.0 -11.74703307335094 -3.1445764249409267 50.49814517932039 0.07172420586862349 -0.6849802969712162 -0.11005541629408477 0.7166208456346185
1643117104682837.0 -11.760740880909971 -3.165614473732848 50.59376197019313 0.07069133738234826 -0.6887070862993385 -0.10962533085595182 0.713209345798899
1643117104716170.0 -11.757753943523072 -3.1595500119359774 50.52003911090052 0.07075443849508876 -0.6852499014268828 -0.11039085462225022 0.716407873521405
1643117104749504.0 -11.764983208484423 -3.184053903438069 50.607137582710465 0.06949063919017201 -0.6887567327987525 -0.10989217007380353 0.713238336775162
1643117104782837.0 -11.758532371981467 -3.16519628841002 50.51613951848772 0.07056211702861105 -0.6841690982402805 -0.11062425489051685 0.7174231017213204
1643117104816170.0 -11.759985594245174 -3.1754309626095605 50.59671789464925 0.07057469575862164 -0.686829273868912 -0.1114974906676849 0.7147398620827654
1643117104849504.0 -11.757903776421784 -3.173870588385898 50.506635624772045 0.07007817130754875 -0.6822673542662153 -0.1146561475670182 0.7186475318498343
1643117104882837.0 -11.767326010645238 -3.2040417954148035 50.600529215067915 0.06823003749726604 -0.6860871020015188 -0.11606206584253836 0.7149536679552331
1643117104916170.0 -11.772531891021853 -3.1914328884809415 50.50945782195782 0.0698394786746295 -0.6818278191160778 -0.11837560122831375 0.7184848567170392
1643117104949504.0 -11.776105226311063 -3.2181961166951893 50.60995750714101 0.06871419416349776 -0.6867418273757674 -0.11896637242422309 0.7138004092778836
1643117104982837.0 -11.77307462085337 -3.1775495036284656 50.52472866918435 0.07033220758202331 -0.6828716198402123 -0.11726753370212302 0.7176266835429584
1643117105016170.0 -11.782267524203066 -3.1971640081729498 50.599300713891786 0.06885688620499517 -0.6856627749227158 -0.11655356542141009 0.7152206335774932
1643117105049504.0 -11.770487234276494 -3.176475832571965 50.51330235892002 0.06975916927817341 -0.6821584228827199 -0.11600243293697704 0.7185659189973329
1643117105082837.0 -11.780006432541155 -3.1957848265756734 50.57698173752079 0.06856771896103375 -0.6848685812052936 -0.11598125720155666 0.716101837989734
1643117105116170.0 -11.777879063903235 -3.1630937443737226 50.49394232632165 0.07030787455023775 -0.6814981094572534 -0.11579746120452472 0.7191717997537195
1643117105149504.0 -11.791819360322176 -3.1907473974465965 50.56509543534261 0.06862237336961752 -0.6841895914294271 -0.11642435391306873 0.7166735258600522
1643117105182837.0 -11.786533937423963 -3.1650254509354734 50.4941566905197 0.07015547471320716 -0.681827055506232 -0.11612564044256982 0.7188218912771572
1643117105216170.0 -11.788744065375898 -3.1817340142384842 50.57618827455932 0.0698972180726884 -0.6858711417595981 -0.11611804034397652 0.7149907387608312
1643117105249504.0 -11.777687016452608 -3.155240721962009 50.485587317661796 0.07159061772157338 -0.6822299598899357 -0.11608337531410044 0.7183047509647322
1643117105282837.0 -11.789669990095078 -3.1730820567948497 50.57715269411484 0.07071558119959354 -0.6866689585461742 -0.1152514000260607 0.7142843710573186
1643117105316170.0 -11.783850474050817 -3.1515929247890897 50.502988767250535 0.07238135105759774 -0.6837100758782464 -0.11518770756505725 0.7169611315737737
1643117105349504.0 -11.78980623672028 -3.1780734076258303 50.57882043440682 0.07119953483087368 -0.686946949313809 -0.11496511615048267 0.714015081869301
1643117105382837.0 -11.783926906648981 -3.1745465490749285 50.48837613527332 0.07185127140141107 -0.683230772013461 -0.115638964393205 0.7173985899665247
1643117105416170.0 -11.790159260787037 -3.213127329068599 50.59045653230105 0.07170397852028088 -0.6881891985779487 -0.11658714562422183 0.7125037571130417
1643117105449504.0 -11.780964976699307 -3.176429994804964 50.515450596979804 0.07446517816594918 -0.6854172389937467 -0.11343526452297274 0.7153954056977903
1643117105482837.0 -11.786167193845426 -3.1984095314510625 50.60102121395957 0.074773495701133 -0.6902240155339655 -0.11141011833183087 0.7110467764177599
1643117105516170.0 -11.777874376921947 -3.17451703272076 50.50453989264724 0.07699115674198835 -0.6865522216987331 -0.1108457747434089 0.7144449754079021
1643117105549504.0 -11.785898220637062 -3.1874681711580433 50.59604449749581 0.076952110416782 -0.6906009678941774 -0.10904787734082277 0.7108144879597559
1643117105582837.0 -11.77899022324095 -3.173020378393453 50.51080557682739 0.07857601552457885 -0.6867672712265579 -0.10884428198856999 0.7143734648170389
1643117105616170.0 -11.788582995241761 -3.202977213532543 50.60488456135979 0.07885254838778064 -0.6914856245253693 -0.10862483737142341 0.7098102220971071
1643117105649504.0 -11.787135300141063 -3.1808375885356583 50.50845528804684 0.08114940026625383 -0.6876243943839766 -0.10849248924132777 0.7133139889716991
1643117105682837.0 -11.794196124528657 -3.205327706411587 50.586567289522975 0.08086431567741394 -0.6922110626125872 -0.10745587672774992 0.709054329232568
1643117105716170.0 -11.787945416660602 -3.1859775441236415 50.49792969523615 0.08179618240274308 -0.689411388064286 -0.10628736399748326 0.7118457127819751
1643117105749504.0 -11.79165805019225 -3.1999408487507117 50.57269868578789 0.08085232886461878 -0.6925289806856014 -0.10452302641137162 0.7091836495418778
1643117105782837.0 -11.782823513960379 -3.1746443821919375 50.50041648539065 0.08217267042489705 -0.6891052926290435 -0.10430260050666774 0.7123921079247215
1643117105816170.0 -11.786265159115999 -3.194354112285187 50.598937084563154 0.08208979303292212 -0.693419511143907 -0.10454322862086303 0.7081676078403212
1643117105849504.0 -11.789282358661959 -3.1796962202531525 50.503769914300015 0.08294439696874605 -0.6891302978331882 -0.10554937673725995 0.7120947891188424
1643117105882837.0 -11.797121141754676 -3.2108460045280878 50.57461771026541 0.08139366446674667 -0.6924365592990416 -0.10609975047742472 0.7089778033756823
1643117105916170.0 -11.796489075729214 -3.2001817939070603 50.476568581131424 0.0819329845892034 -0.6880535765049871 -0.1078291817122504 0.7129110249296666
1643117105949504.0 -11.798833018801453 -3.2084358869253196 50.566826904219184 0.08220216968032813 -0.6919374430084831 -0.10743377798827779 0.7091708973229895
1643117105982837.0 -11.783097775837273 -3.180252056829408 50.500894996034376 0.08323637602622445 -0.6889274661562929 -0.10688699823314474 0.7120574567337937
1643117106016170.0 -11.787231975233698 -3.195736925587876 50.581767458301144 0.08274685266355962 -0.6922065813078072 -0.10636107949290384 0.7090065782046999
1643117106049504.0 -11.782610818712401 -3.1850831740351615 50.5042808674086 0.08284681933437438 -0.6887676732512655 -0.10710607487706217 0.712224533089562
1643117106082837.0 -11.78688971861831 -3.210057946267871 50.59544254908487 0.08123641615807345 -0.6928215758843717 -0.10660063091761193 0.7085444334456769
1643117106116170.0 -11.775618193305322 -3.193761506521935 50.514409451210454 0.0810537901827107 -0.6887936721121183 -0.10693077628755988 0.7124320103966839
1643117106149504.0 -11.779225403531413 -3.2096387136424673 50.5865428607288 0.08083373469548506 -0.6914284897986321 -0.10695810379016742 0.7098961296299442
1643117106182837.0 -11.772037423731314 -3.170784625161178 50.509661998338224 0.08261995505422659 -0.6883193329291746 -0.10618584293313447 0.7128218611289595
1643117106216170.0 -11.774713574979051 -3.1937185585856587 50.591818014536074 0.08152861711468891 -0.692023383968497 -0.10633087823905404 0.7093309981701545
1643117106249504.0 -11.768427712883085 -3.1791838211615584 50.50651250041714 0.08161522457339614 -0.6882007315563904 -0.10700496876917884 0.7129296212542934
1643117106282837.0 -11.777931881235462 -3.199926286155476 50.57529515931918 0.08086929697518308 -0.6905151471880877 -0.10726651050811789 0.7107340459229212
1643117106316170.0 -11.778694315653327 -3.1980559480129345 50.50737996322063 0.08102946935631235 -0.6879913558971945 -0.10830481056441295 0.7130022351403822
1643117106349504.0 -11.78365031077596 -3.2169998128935386 50.59213705931082 0.08113786789412032 -0.6917091628269308 -0.10831549353366578 0.7093820087339552
