# ground truth for school_scooter1
# timestamp tx ty tz qx qy qz qw
1645338209.651433 -25.71313387222804 51.54091567451898 -133.87286830349424 -0.03862762193435962 0.15446584337234223 0.1168351283440834 0.9803049335996371
1645338209.751422 -25.71067145776181 51.54782575089267 -133.88348510141842 -0.0389993824439303 0.15301678528978369 0.11722268561148971 0.980471189564794
1645338209.851435 -25.709228623262014 51.54629015826857 -133.88270551630933 -0.040931011589385884 0.15331557983088906 0.11669619610654122 0.9804085796675035
1645338209.951430 -25.71323978620623 51.54643560818657 -133.87955342493896 -0.03842313997143039 0.15392023342453268 0.11705638077025414 0.9803723923990528
1645338210.051399 -25.710817938547944 51.54744967222489 -133.88135931936858 -0.03888821260503217 0.1544880463417401 0.11699962361261385 0.9802715126598369
1645338210.151357 -25.686450950208744 51.55149615213466 -133.87714189594286 -0.04075802554905773 0.14730027839248397 0.11462728368594163 0.9815813757267513
1645338210.251337 -25.660560687467974 51.54198003794201 -133.87820256141833 -0.03965384870700978 0.1325586027963774 0.11262770753497842 0.983956700573155
1645338210.351178 -25.624425761808272 51.5450988676493 -133.87912430314591 -0.032738198824033705 0.11871742037126728 0.11511472948768518 0.9856890906838357
1645338210.450940 -25.580074490505858 51.54025412708409 -133.88897462059796 -0.03427047507068156 0.11027600837500613 0.11640392688774456 0.9864658444773534
1645338210.550772 -25.53053000127386 51.545934558359505 -133.89186923940218 -0.03513686193142912 0.10768500228577613 0.1150501851351952 0.9868803352568545
1645338210.650788 -25.462814282622 51.56422063957386 -133.89883613773904 -0.036454803893292975 0.11034558084265578 0.11442389118950677 0.9866114094143907
1645338210.750708 -25.385654389627625 51.56556199669441 -133.89622857040195 -0.034177121449802624 0.11237306598026477 0.1169910670024142 0.9861629219623079
1645338210.850666 -25.295005993088044 51.59252520824626 -133.90174991419747 -0.034986772355123964 0.11196083665682258 0.11928896089409807 0.9859061013220688
1645338210.950707 -25.188361778521337 51.59566489277017 -133.89869090251221 -0.037590072963753496 0.1125461867644062 0.12061174478173707 0.9855826445712588
1645338211.050719 -25.082802875166077 51.61479411777413 -133.90276815810878 -0.043636748243178175 0.11459124729226954 0.12621746224833247 0.9843951607308694
1645338211.150708 -24.95376119051494 51.636227122139104 -133.90586102535264 -0.04255611517043505 0.11948695893321548 0.1315882938823266 0.9831563276608818
1645338211.250730 -24.82497646978165 51.655307864138294 -133.89879043222507 -0.04502303467141004 0.12096119234678382 0.13788157912420987 0.9820030480773649
1645338211.350856 -24.695962237088168 51.67621771339867 -133.90062367077925 -0.044891023677636 0.11458338932445836 0.14282230604545276 0.9820678346122291
1645338211.451077 -24.55345155685084 51.68821798213577 -133.90329006198036 -0.04332249496953662 0.1047530392063272 0.14598269310439482 0.9827710900920112
1645338211.551281 -24.401729116017474 51.70773745953316 -133.90924840253663 -0.036750306466951314 0.0937362304638746 0.15194895860090388 0.9832468906907916
1645338211.651452 -24.239867020561494 51.730004579868115 -133.91036740211828 -0.022616302737395507 0.08794864237839178 0.16027267331266143 0.9828866716684591
1645338211.751539 -24.05869903980553 51.715962602311635 -133.91318881831796 0.003043665864969647 0.08914770675943282 0.15923061508648825 0.9832034548844991
1645338211.851897 -23.882509650536207 51.739731461843334 -133.9209533073882 0.00815251530785478 0.09321012834684103 0.14665841913812827 0.9847521091948093
1645338211.952241 -23.697700608016266 51.76919091139945 -133.92168192656283 0.004222916344663774 0.09878881833589845 0.14096502311383438 0.9850643626727438
1645338212.052271 -23.506992795762837 51.81115294730713 -133.92389629670856 -0.008306227337727375 0.10064906222440015 0.14550000796571338 0.9841902867549244
1645338212.152025 -23.3058568614885 51.837817011963196 -133.9145411150251 -0.013770355462966016 0.09592156364712932 0.15125873769196152 0.9837328017351804
1645338212.251711 -23.112645949258262 51.878419105593764 -133.92904527914385 -0.025132177044597036 0.09419420549253271 0.15419732049030527 0.9832186998233098
1645338212.351422 -22.921921148974402 51.90642056414149 -133.944469842597 -0.02701065567011805 0.09350484251195122 0.1552645004435831 0.9830667341585159
1645338212.451168 -22.73142155870543 51.936562437304346 -133.96429739495028 -0.023715495799172363 0.09335074546396345 0.15449700052484466 0.9832872878305443
1645338212.551027 -22.522870790741734 51.96917407223664 -133.96828380209413 -0.01883169649277439 0.09665472885857301 0.15104004067029297 0.983610764840847
1645338212.651130 -22.311434476903894 51.99747519653873 -133.9869454671101 -0.01606968740608501 0.09967912293084794 0.14564017756450867 0.9841721273625799
1645338212.751181 -22.10112914873399 52.0168598401836 -133.98558102541264 -0.022268657737753925 0.10294936703002698 0.13431539358803324 0.9853247737451685
1645338212.851472 -21.880117449653536 52.06048178051167 -133.9914301002635 -0.014801654503869612 0.10144186512427067 0.11936703364733729 0.9875434017309279
1645338212.951515 -21.664279066917594 52.09267512407793 -133.98914995797688 0.005280224273224785 0.0976817615252636 0.11857242024169583 0.9881148586348516
1645338213.051359 -21.455513833331846 52.12854385193849 -133.9942752438943 0.010564504621696877 0.08274061379670228 0.11978838341843535 0.9892892020378272
1645338213.151210 -21.242976269101483 52.15442614963368 -134.00625238259133 0.0032061825404861555 0.07069171404993012 0.11838350506767766 0.9904432077035468
1645338213.251050 -21.012987079634783 52.185703093821964 -134.02546597944934 0.0007959407149438332 0.06971717567468504 0.1207798141043916 0.9902278113642498
1645338213.350819 -20.79250949886635 52.24548499511871 -134.01247537991446 -0.002153712098761701 0.06649771448653127 0.125608098043607 0.9898464634467968
1645338213.450635 -20.562346746403716 52.287681082743745 -134.03354911538005 -0.007773130195822935 0.06715359860747581 0.13034131986733088 0.9891618234526982
1645338213.550477 -20.338103932734366 52.325919908313985 -134.0466840562496 -0.0081627997189691 0.06677943563026767 0.13814423942805373 0.9881245087490217
1645338213.650565 -20.113779599489813 52.36551213199077 -134.04669955808603 -0.004554810106168611 0.06334277536155979 0.1396868042148254 0.9881571450142131
1645338213.750774 -19.888199990591243 52.391276892469385 -134.03794107507568 -0.0006842009914603045 0.0557199131057639 0.13627903746417047 0.9891020407927226
1645338213.851002 -19.640933759600923 52.446723568096914 -134.03652851409606 -0.000868342897857483 0.050049431359407086 0.13772567881904565 0.9892046996426194
1645338213.951093 -19.409702754214635 52.48769541756419 -134.04739362224623 -0.009297965732265571 0.04393519948829704 0.14088184120676558 0.9890073573524905
1645338214.051234 -19.25217694451068 52.51506516361521 -134.05017823010775 -0.012776331927221309 0.041733572279435235 0.14058433190801153 0.9891062227633899
1645338214.151406 -19.003019033312537 52.57212089058205 -134.05687012479558 -0.015808651543690714 0.0399988557606633 0.13938951208187592 0.9893031598027899
1645338214.251560 -18.745829010718197 52.6213827800256 -134.08329021272075 -0.020521917470734716 0.039704654799230944 0.138745665943929 0.9893189735734245
1645338214.351530 -18.492132013839754 52.66206732513823 -134.09422884607883 -0.022040318498177197 0.044612941595249235 0.1409899934420003 0.9887596935312151
1645338214.451486 -18.25103470710045 52.711280403598536 -134.09275679625506 -0.01593231126215405 0.04238061413588771 0.13849109240142193 0.9893281873720023
1645338214.551608 -17.99176632980351 52.76307333376304 -134.10363298732884 -0.013621629625142006 0.03785124003710202 0.13291894056876094 0.9903101989134956
1645338214.651747 -17.742654012232812 52.82351392851733 -134.11332620196856 -0.0187581427739842 0.03713218479376233 0.13543224661440587 0.9899128444004995
1645338214.751560 -17.494120518575336 52.88803724828748 -134.13117941698155 -0.024849766094223555 0.03520378340346512 0.14058417274485505 0.9891305642496289
1645338214.851284 -17.24091890300528 52.93546501590242 -134.12950752147952 -0.02702492738327643 0.038706802627482335 0.14678831844674112 0.9880408019398106
1645338214.951115 -16.998280905093463 52.98185380855762 -134.1245563706979 -0.025569570640962564 0.040226502762775805 0.14827486533350326 0.9877968363196173
1645338215.051137 -16.7484244395119 53.02776076990977 -134.13710575074282 -0.021868259247661306 0.036604974946804605 0.1466727419511688 0.9882656332257773
1645338215.151217 -16.500267290931596 53.07748312903091 -134.14382379196147 -0.020751480985396444 0.035563864359132634 0.14318989129634485 0.9888383298695995
1645338215.251306 -16.253208270144384 53.13011661632997 -134.1566708880461 -0.021815123161929732 0.03688057357860625 0.1407572052039901 0.9891164405049108
1645338215.351301 -16.009291755974406 53.17572440028816 -134.17201721065896 -0.022513575687447253 0.03926906078869815 0.13511803769988248 0.9897950270953437
1645338215.451399 -15.770037268240436 53.22123444031399 -134.17190816737394 -0.021068734247432122 0.04447420125701125 0.1247433112086067 0.9909678401282631
1645338215.551469 -15.529718204859579 53.27242903681984 -134.1803854352493 -0.021866931438809495 0.04342532038783846 0.11556275460268459 0.9921095345813906
1645338215.651578 -15.288900138009689 53.31148142096593 -134.1809477308304 -0.020003876273850266 0.04414674499632753 0.1090608061394379 0.9928527838529062
1645338215.751517 -15.055744188944272 53.34389451526771 -134.1886088834542 -0.016556832718456538 0.04612385714264223 0.09897306911249398 0.9938826855736405
1645338215.851554 -14.82590999738883 53.374457262131465 -134.19274303612048 -0.0115226482304166 0.04660745742776816 0.08649603544911036 0.9950946735569753
1645338215.951600 -14.591862156125938 53.403206903654436 -134.202288238349 -0.004935919895116385 0.047901453366437606 0.07151314283124446 0.9962765468797155
1645338216.051654 -14.359862327468225 53.427719105736415 -134.20537109365216 0.000569070481308285 0.05073094719418079 0.05424014508803574 0.9972382131749652
1645338216.151691 -14.125205829451843 53.45220827715843 -134.2103898615158 0.00632062288114054 0.051352417867267915 0.03698601793756635 0.9979754573047886
1645338216.251706 -13.900546363770017 53.464038964195716 -134.2218950218591 0.007914180495682098 0.054060076254290865 0.017749319186993837 0.9983485541487304
1645338216.351736 -13.669426321237406 53.47132914560263 -134.23070859407957 0.007275815450218367 0.05176632414114902 -0.0014428560040515787 0.9986316780279901
1645338216.451748 -13.445403600720892 53.4599969451205 -134.23513754014542 0.011262560099940951 0.05026930273569547 -0.026803490500513432 0.9983124384877968
1645338216.551902 -13.237905329825614 53.42751156363699 -134.2364707673608 0.018698645464257608 0.04560330978223552 -0.059193335564202997 0.997029010520502
1645338216.652293 -13.034978708062342 53.388826464099466 -134.24242504540234 0.02554853967707968 0.04671140411511151 -0.09474410656092531 0.9940768939664253
1645338216.752584 -12.82419710745016 53.3312974143774 -134.24479034504617 0.034289523865289155 0.04813553120535537 -0.13710043125826019 0.9887925317969736
1645338216.852894 -12.613129694771231 53.262305269281306 -134.2443578597339 0.042339431243311854 0.04961209212452087 -0.18630765000413693 0.9803241670115844
1645338216.953131 -12.421326789824688 53.1872079685327 -134.2522000825695 0.04642749966885131 0.05301066058147519 -0.23715434351936335 0.9689128828171882
1645338217.053209 -12.225948909425941 53.092014193658336 -134.2589267842699 0.04760409248580288 0.051746309608093344 -0.29076855263214896 0.9542063815657238
1645338217.153097 -12.047214253319304 52.992531094675634 -134.262847342421 0.044076563030348855 0.056031157333275634 -0.3358809480079666 0.9392027229329113
1645338217.252632 -11.88757154902109 52.88637946882666 -134.26989509477352 0.035596605738692555 0.056869827138395626 -0.37234443370095066 0.9256664232395229
1645338217.351912 -11.75343928301162 52.779427092451016 -134.2858094564962 0.03176094773489744 0.055402848556486695 -0.40717382432570537 0.9111153842158455
1645338217.451170 -11.617260366123505 52.6560536577667 -134.2834469695816 0.03202695484971544 0.042326482052704846 -0.44135077244104876 0.8957634948722716
1645338217.550579 -11.497544027875922 52.507534959925394 -134.28687663149663 0.03429630074645125 0.02808288161636101 -0.47497427642564033 0.878882558849116
1645338217.650202 -11.401382716662578 52.354269641296675 -134.2889667393883 0.03894143629580693 0.020754219394413187 -0.5014104332267226 0.8640835633015701
1645338217.749801 -11.297388316470586 52.16885177768572 -134.27815904734558 0.03687939987222291 0.023279116615862017 -0.5250381692116335 0.8499605364165714
1645338217.849585 -11.198028358640387 51.99407019986364 -134.2795214883317 0.030129208731154992 0.03107521081032913 -0.5493459607641327 0.8344732335110936
1645338217.949639 -11.108506117073793 51.79428954286177 -134.2821619060422 0.022644163236503714 0.03982706818936049 -0.5723807064063711 0.8187071353325939
1645338218.049812 -11.025610980074381 51.5936372154515 -134.28254992993794 0.017484180893177485 0.04572986947409303 -0.5929303596712713 0.8037640642853312
1645338218.150080 -10.954732342039758 51.38113861942092 -134.27842052406052 0.016136882303033288 0.04610423473151344 -0.6131065578061033 0.7884886488368179
1645338218.250376 -10.89251406294971 51.16565315895089 -134.28321752856553 0.017559396232629476 0.047270446648798134 -0.6305371731846396 0.7745192352097476
1645338218.350633 -10.832702385781543 50.93904426059277 -134.2869788735886 0.01081639163825376 0.04716758563849801 -0.6406714468470354 0.7662886673649096
1645338218.450643 -10.777551969386472 50.70659741724835 -134.28246730304494 0.008100784737158865 0.04875536697840186 -0.6411940655119329 0.7657855194698596
1645338218.550517 -10.732108168968503 50.47724445263926 -134.28430935222013 0.006723514820039389 0.04917492998018043 -0.6420086433140963 0.7650892252018077
1645338218.650652 -10.67786931969535 50.237592135521965 -134.29263865730564 0.008198024553296806 0.051333196982895166 -0.6422045018805516 0.7647686402078027
1645338218.750703 -10.616866653254009 49.973298621820696 -134.29527432766093 0.009786520019162836 0.056297361664086276 -0.6392801448908809 0.7668479167630774
1645338218.850766 -10.56421969920595 49.74108983231754 -134.29583501312794 0.0067344167270350155 0.06443716935206044 -0.6330381024469136 0.7714047314397621
1645338218.950793 -10.503241505029921 49.49176139810216 -134.29976752390414 0.004434935966352113 0.07362256026159142 -0.6226780705896571 0.7789942685092394
1645338219.050872 -10.456303386363686 49.22956547689066 -134.31003155450935 0.008620507092659994 0.07846699550475413 -0.6164996612512043 0.7833880169820526
1645338219.151116 -10.410840057635841 48.96925796006807 -134.31420964291965 0.01585309013361835 0.07440993575794413 -0.6129681006913863 0.7864362329702953
1645338219.251518 -10.371574717489901 48.717107279952145 -134.31121533285443 0.02038846044145713 0.06899956297142311 -0.6137255402167587 0.7862342731503298
1645338219.351992 -10.32482579987315 48.43816217606932 -134.32096625964422 0.030940367666355363 0.06459173208000032 -0.6147652982603848 0.7854516088534013
1645338219.452358 -10.286675513674668 48.1770074666733 -134.31580414447495 0.042948384099773466 0.060024769134475596 -0.6182703825062266 0.7824922986900099
1645338219.552645 -10.237654679109069 47.8908120684218 -134.31395265720042 0.04892515582999758 0.057867922323750855 -0.6211951889745835 0.7799834420600057
1645338219.652839 -10.177075580154549 47.61432219892921 -134.31011572169942 0.048601768447908866 0.05776491647729423 -0.6210878635708214 0.7800967556996631
1645338219.752755 -10.124509556006869 47.350948194726094 -134.30113512818 0.03911734411604711 0.060121849780152344 -0.6222774510585806 0.7795036693129517
1645338219.852609 -10.062272285626381 47.05975637782409 -134.30077285998686 0.026890725174526255 0.05843936828977112 -0.6209819052888129 0.7811806464815654
1645338219.952249 -10.000157696071515 46.768698945637716 -134.30090052265862 0.019113902537005498 0.05774593448621643 -0.618404604805752 0.7835022721952765
1645338220.051908 -9.937801316738046 46.485049443911464 -134.30420005289656 0.013795623151762047 0.05775288110665086 -0.6159454035615026 0.7855479268238147
1645338220.151606 -9.878934907879453 46.17928688535221 -134.30278365798338 0.015987149500568083 0.05729126475266624 -0.6131509402245918 0.787723331211908
1645338220.251380 -9.814209757857672 45.888421932534854 -134.30662003025026 0.012647603045458922 0.0578197255668031 -0.6110121831898897 0.7894054911552799
1645338220.351262 -9.754022356182578 45.62016432386512 -134.30295914195685 0.007514377617496933 0.05787260888557957 -0.6075251641978762 0.7921536909818335
1645338220.451169 -9.686461882769564 45.31126161995601 -134.30789266278492 0.003953289957276672 0.05986740002452422 -0.6064883485149143 0.7928254215326783
1645338220.551305 -9.62571944941411 45.00829021705411 -134.31410237998608 -0.00013108634227834113 0.0648747997890429 -0.6091120434729449 0.7904263164045815
1645338220.651644 -9.558049407707244 44.70839500854375 -134.31889630575327 0.0016854952777765927 0.06590565980492658 -0.6089433829640967 0.7904692020917623
1645338220.751809 -9.504135594374288 44.399546485760894 -134.31467797754684 0.0024338392912603146 0.06648401086494346 -0.6108792390398274 0.7889236389130039
1645338220.852012 -9.444944884396607 44.08455639213159 -134.3127735779105 0.0017595088770863201 0.06467457442254343 -0.6091415327964959 0.7904180517764697
1645338220.951982 -9.388463033946783 43.75291613512356 -134.31745386834038 0.007759900896126718 0.06477394542430037 -0.6078573410659486 0.7913618469729806
1645338221.052042 -9.33267589011 43.44683709449018 -134.32047574089523 0.0125312298263981 0.06771040002447712 -0.6064100730679127 0.7921648144731828
1645338221.152043 -9.265972309175801 43.119774491335285 -134.32769146193888 0.017063615190945527 0.07233404686018928 -0.6022056667122723 0.794874174747847
1645338221.251974 -9.198423829878422 42.80882274978077 -134.3119593651559 0.014268790101621333 0.0733418796379694 -0.6000292858589014 0.7964811525904817
1645338221.352007 -9.132051364681116 42.472397086286385 -134.31407095147046 0.007543900453799681 0.07057302658013755 -0.5992577369053407 0.7974037260035546
1645338221.451970 -9.051839870444997 42.144472248191434 -134.31786788099862 0.00457524046749999 0.07472785522296917 -0.5940767979355136 0.8009167078936027
1645338221.551840 -8.983306822978532 41.819128622711844 -134.32247420388072 0.0035262822640141443 0.0767792755475366 -0.5908067085875749 0.8031437861726294
1645338221.651910 -8.917968036139703 41.49092811044281 -134.32157813714306 0.0046364449853523605 0.07975772126681982 -0.5905284101131568 0.8030525550208089
1645338221.751920 -8.846150293284976 41.143634169086454 -134.32639707296536 0.008457883506799118 0.08758252900114047 -0.5885555461323951 0.8036542378020214
1645338221.851902 -8.781650685470868 40.80022001742075 -134.32543769310575 0.015913789224918116 0.09343514941753396 -0.5870597962084828 0.8039760070061062
1645338221.951937 -8.715783966316343 40.421184486451295 -134.3398748279066 0.028947405825144268 0.09713757655605385 -0.5870631219822814 0.803170735102586
1645338222.052018 -8.66360049893143 40.08555066059348 -134.32680333071872 0.041818964426587335 0.09099954209852755 -0.5930879157408001 0.7988848363527623
1645338222.152367 -8.623899298671706 39.724266193819595 -134.31886763970076 0.03571517353123143 0.07259527551429033 -0.6023658254941928 0.7941094160311526
1645338222.252500 -8.555438113267911 39.34537332250332 -134.32595258744956 0.03872795971706063 0.06280416948332408 -0.6063917573734869 0.7917353206856176
1645338222.352464 -8.512458726429614 39.01516204637313 -134.32329688494747 0.04017167764815482 0.053270538876275066 -0.6116051739176753 0.7883448466501788
1645338222.452391 -8.456337510217544 38.65185097737177 -134.3352465296819 0.04821828343400828 0.051465373256946154 -0.6155202306097166 0.7849593353851918
1645338222.552166 -8.36802164177686 38.224776963081275 -134.32750730717032 0.05155434453170659 0.05165975811375318 -0.6145731758445518 0.785476435346011
1645338222.651873 -8.293906880204624 37.909305865883745 -134.319454381 0.045041913801261206 0.05430054890950095 -0.6133576875220804 0.7866479667213363
1645338222.751638 -8.230504735109784 37.56067991970125 -134.3249336557469 0.02829140673372973 0.053387734308994475 -0.6141763634719408 0.786852426241898
1645338222.851421 -8.160375975067717 37.18488330841801 -134.33255960245702 0.022810391320199838 0.047227780755649165 -0.6111353206739158 0.7897865804111296
1645338222.951233 -8.101261100729518 36.85366402593805 -134.3447012159174 0.017696451032801503 0.03891354205524654 -0.6072317285200348 0.7933739343740307
1645338223.051085 -8.049817623629826 36.50001420454526 -134.34528026637093 0.020684796753626906 0.026885112277141368 -0.6008163545214322 0.7986670382961121
1645338223.151085 -7.985764555803399 36.099449665330795 -134.34314562148225 0.005237574546051522 0.030313987326915776 -0.5994310240195699 0.7998350313833897
1645338223.251190 -7.9325510875393865 35.76991015604564 -134.3511412382954 0.005439499339881509 0.026242387434265334 -0.597170526746694 0.8016664586558162
1645338223.351397 -7.842801543503116 35.34683459649927 -134.36682525894 -0.0018295147644565941 0.03077631135619328 -0.5920317127356436 0.8053247311801207
1645338223.451601 -7.778374443304688 34.99754473678923 -134.3619514982007 0.0016859801067669797 0.033060575876811285 -0.5891402082333108 0.8073524452409766
1645338223.551869 -7.703053275721879 34.64443172847088 -134.35509852002943 -0.0032568175310797405 0.03458724066737919 -0.5872781430078767 0.8086392883528515
1645338223.652211 -7.629492875575721 34.28226456686463 -134.35505498672438 -0.004393595924898511 0.03463978249574175 -0.5858237790876042 0.8096859154258609
1645338223.752423 -7.5422934980126835 33.90269598702089 -134.35178719137826 -0.010139831965364943 0.03543556900269218 -0.5874346265720477 0.8084318547418381
1645338223.852531 -7.484601100544028 33.541880895144146 -134.3661375740058 -0.003139720838322124 0.035209190484132374 -0.5889643484045026 0.8073855654933206
1645338223.952636 -7.390944087072905 33.17056952373165 -134.36230417232218 -0.008035888967974969 0.04320185152008079 -0.5898649353309318 0.8063053903954549
1645338224.052541 -7.313443103085829 32.82158432209069 -134.36111935919266 -0.008441248534209423 0.04768375048871491 -0.5884795940159826 0.8070605756009259
1645338224.152435 -7.232118912356339 32.46398910177212 -134.36192473797092 -0.010206950702799719 0.04247670819452243 -0.5879876685591171 0.8076893270563391
1645338224.252286 -7.147288006254746 32.09869854088545 -134.35825573163865 -0.008277940856496665 0.04338053982875255 -0.5878529802172434 0.8077613992442617
1645338224.352157 -7.060201253488501 31.744316103520344 -134.35881240608538 -0.0064125938494481016 0.04155064520503179 -0.5892493486367233 0.8068566338912787
1645338224.452060 -6.973028230791821 31.396725147322403 -134.36020770563837 -0.0011123823252882456 0.04291697856977097 -0.5936745375765404 0.8035592317864845
1645338224.552092 -6.902636085730178 31.08174730124842 -134.35175250151494 0.0009151791141079848 0.04034901462123274 -0.6002363471134776 0.7988037600500847
1645338224.652209 -6.800660119719632 30.73578559430791 -134.35101363650244 0.0004742902473532464 0.041083500081970106 -0.6018253034223706 0.797570200816422
1645338224.752040 -6.711393649128879 30.395957753834384 -134.34414303408045 0.0008864390206911702 0.04248779494248985 -0.6040363953780211 0.7958228663248591
1645338224.851968 -6.614010271971123 30.04010141202305 -134.3447343099079 0.004236517550415824 0.0359849862699362 -0.6060258258332418 0.7946192994795274
1645338224.951810 -6.520947692777641 29.64896309575594 -134.32955850686378 0.01133943269385999 0.03831161573547951 -0.6018015070409339 0.7976456503292544
1645338225.051714 -6.4508201719809914 29.30098964843465 -134.32574894433927 0.015165559753105644 0.023734395267770096 -0.6045332297591816 0.7960818163955139
1645338225.151813 -6.388661170416629 29.01131990899906 -134.32404477973975 0.010904215148550576 0.022401335516484745 -0.6072536059624339 0.7941173315730445
1645338225.251881 -6.312169688142204 28.648027167665752 -134.33632250281806 0.0014802285155544423 0.024085224954529538 -0.6111951480060499 0.791112003395407
1645338225.351988 -6.2086289427429255 28.284774516150573 -134.33987677116215 0.004561954265683334 0.0261356320930661 -0.609924201658061 0.7920155210222527
1645338225.451865 -6.1175984602250235 27.919372278826938 -134.32544330362867 0.007500961524661436 0.03153952190168785 -0.6057868296231248 0.7949662327354423
1645338225.551846 -6.0375046801271735 27.626702139772913 -134.31886002488676 0.0009266014916604259 0.033293693371256004 -0.6021738026813914 0.7976699710755126
1645338225.651965 -5.952870114143924 27.24622508050079 -134.31985827766988 0.006916979767154445 0.037242487263313355 -0.5983781245854628 0.8003179196737551
1645338225.752110 -5.89748027289218 26.993013216763615 -134.31099215666893 0.00931205290163423 0.042870064012861815 -0.6015263539546801 0.7976474714936913
1645338225.852509 -5.816118552592549 26.660874659637038 -134.3183814966554 0.009624876141273948 0.043936181336706105 -0.6038478372670237 0.7958296068611367
1645338225.952689 -5.735531590972947 26.306052308565015 -134.33666586865468 0.0202543163068733 0.04476661278134417 -0.6040690272203914 0.7954158179242078
1645338226.052815 -5.657074457115014 25.956233971433686 -134.3303133327636 0.020338211069118553 0.03985662880650046 -0.6052343508395102 0.7947887687144086
1645338226.152856 -5.584685870745985 25.63285106821561 -134.3297764718424 0.026117029530867548 0.04029447491226587 -0.6062730194507443 0.793805569359466
1645338226.252898 -5.5026903781285785 25.282626061372543 -134.3318662676606 0.02659014968448031 0.03862684923928302 -0.6073406946956962 0.7930562470746648
1645338226.352854 -5.418100931586945 24.925997646063596 -134.32392631178445 0.03324869795772767 0.040021276567741286 -0.6072002856140872 0.7928433859572616
1645338226.452874 -5.352164758357658 24.60887839902928 -134.32603967803115 0.031685344254412696 0.04194972400890611 -0.6110620489647535 0.7898350662828622
1645338226.552979 -5.272064287351409 24.280513098391204 -134.328835552313 0.02866963818282294 0.04131494651806747 -0.6136976661584181 0.7879380061860107
1645338226.653071 -5.203648057101785 23.988196702256104 -134.32705937202542 0.02588793045310013 0.03872227048634587 -0.6152468310713262 0.786957265473754
1645338226.753008 -5.1294946688350205 23.674623270477344 -134.30528498276098 0.014131979542731227 0.03266874150715423 -0.6166178144096401 0.7864575712873653
1645338226.852822 -5.054847195448478 23.34951268471553 -134.30985209432166 0.0042143921763834755 0.025915213666595608 -0.6154450242838347 0.7877423834499884
1645338226.952718 -4.991384048508072 23.048679330902296 -134.31237295772712 -0.0020056240388716447 0.019574887652213633 -0.6153437488950642 0.7880132435063424
1645338227.052689 -4.913867624399526 22.6938691747396 -134.32040928240397 0.0010758249183051632 0.02037336063386972 -0.6137777044332958 0.7892152420714017
1645338227.152673 -4.844947088299384 22.38537751990528 -134.31113105415233 -0.00016788363709288053 0.021660597168229108 -0.6128324478341499 0.7899159330124973
1645338227.252637 -4.771176285822274 22.064839826859426 -134.30611132040704 -0.002700288515874588 0.024602973988168558 -0.6100404772727157 0.7919835971797305
1645338227.352612 -4.692420041072707 21.742773096468575 -134.31763711705418 -0.008399176452265055 0.03329387432585035 -0.6066950005954203 0.794192765026112
1645338227.452641 -4.619928491294661 21.408778452389292 -134.30808882498178 -0.014067549465457222 0.03971293934449956 -0.6051791681740901 0.7949736856706475
1645338227.552742 -4.548875935912731 21.08788522086494 -134.3144046353791 -0.019278836567194726 0.04248909678887414 -0.6048337621759057 0.7949837251458806
1645338227.652930 -4.489494487420843 20.77016402845155 -134.30545899177892 -0.019815682599643742 0.04226290427795093 -0.6046451638724044 0.7951260349471752
1645338227.752920 -4.432631349524991 20.46838049027867 -134.3156750062411 -0.013256317813707667 0.040691315954485344 -0.6022191848446726 0.7971828775437494
1645338227.852842 -4.376667461990352 20.155290855231343 -134.3117755851197 -0.006677055761728858 0.03675040742251841 -0.5974266564910673 0.8010531908647127
1645338227.952880 -4.3221128571063705 19.851610277302626 -134.31122056321294 -0.003179609951559596 0.0325997705973521 -0.5954381215199138 0.8027331988141465
1645338228.052916 -4.266563547624561 19.550809111955576 -134.30428578448257 -0.0030451474308666815 0.030445775588479367 -0.5932567108128267 0.8044316359402373
1645338228.152969 -4.208891447322012 19.24870003820626 -134.289860602712 -0.008717154173475556 0.025930309907632718 -0.5921674394035236 0.8053504541263289
1645338228.253012 -4.152002748564029 18.96288899017865 -134.28743731560647 -0.012157925220018 0.025635883098650555 -0.5908365383860347 0.8062922368844342
1645338228.353114 -4.0900559287914415 18.65225642597291 -134.29588753333175 -0.021252231624214395 0.02402697511171468 -0.592688618895321 0.8047926740160654
1645338228.453179 -4.033673806992288 18.350103260733185 -134.30075392960427 -0.02124732923254447 0.028866707005142125 -0.5910071681896089 0.8058695870770051
1645338228.553230 -3.9458169086866985 18.066874747737103 -134.2807211215222 -0.020063450150185274 0.03775388904841762 -0.5945135032194364 0.8029481903084058
1645338228.653563 -3.889424102093232 17.767978249922116 -134.2878218790897 -0.01671822091172344 0.03931862258558035 -0.597744657352957 0.8005472325937525
1645338228.753567 -3.8666044845657246 17.482465925613297 -134.2807513078524 -0.013791754121460609 0.040346457130263906 -0.6031237000892848 0.7965072211260229
1645338228.853650 -3.845232617790528 17.20403426271505 -134.2820440319932 -0.0076287220597106775 0.030971191738258304 -0.6150441853609214 0.7878472173814973
1645338228.953780 -3.845364113952286 16.937787065862718 -134.27137349615097 -0.014847094579044328 0.0274199328544062 -0.6294911921935114 0.7763817038130228
1645338229.053912 -3.8063618801837062 16.74074715003977 -134.2584411590082 -0.015874820249137684 0.02278002155114277 -0.639727582806126 0.7681000458906498
1645338229.153870 -3.787665431607019 16.47879742541329 -134.27206309696052 -0.015592408424904758 0.015305261549194916 -0.654156491405889 0.7560435903570365
1645338229.253756 -3.822990629601906 16.131788287233366 -134.28062052420756 -0.0013840657296133353 0.005906264348313814 -0.6746442646465827 0.7381180912177779
1645338229.353750 -3.842918109115704 15.863081011345347 -134.2805138539848 0.0202922396898079 0.0034479482821825488 -0.6982741258773867 0.715534472818177
1645338229.453923 -3.89583944555656 15.608855520996498 -134.26723162694498 -0.0340214971374246 -0.0028271628567232846 0.7287505496744471 -0.6839277602436539
1645338229.554265 -3.9341096102447684 15.353095265795652 -134.26655425723487 -0.04189684033450232 5.600105861959513e-05 0.7598516119349226 -0.6487450805006282
1645338229.654641 -3.9887092505717017 15.129809064778424 -134.2465439665918 -0.04461095070198457 0.00027827838184463086 0.7893342304223616 -0.6123408024312484
1645338229.754883 -4.066775761063436 14.875012390677377 -134.24734441637926 -0.04232743705472581 0.00220752008098672 0.8212789734603729 -0.5689502286486456
1645338229.854906 -4.16188915978883 14.646376674949465 -134.24672936012345 -0.03831679763731835 0.0033134112490412868 0.8488469361495343 -0.5272378242446798
1645338229.954640 -4.2707735723456715 14.425640807525161 -134.2612879671829 -0.031008140285267525 0.004210199451165325 0.8712093592171609 -0.4899132799476399
1645338230.054168 -4.394282196996245 14.218128039735738 -134.2758177419876 -0.031178160083200412 0.0021638959114094504 0.8916815871336413 -0.45158297914684686
1645338230.153591 -4.525825043824466 13.99541091461279 -134.273172136975 -0.03007163822964547 -0.002092832830388618 0.9070723191407042 -0.4198941824717676
1645338230.252791 -4.672636760977662 13.817464704001061 -134.2898009047796 -0.03017759556993245 0.0012169966324819665 0.9181384612094734 -0.39510707117528854
1645338230.352176 -4.849345604090431 13.685700030957094 -134.28518078285424 -0.03375626250352015 0.007476023123655629 0.9324805625817758 -0.35956171129198805
1645338230.451964 -5.007869382304582 13.521224164077692 -134.28575442435505 -0.03560055673222403 0.013119413276313682 0.9473443153369444 -0.317961050373182
1645338230.551889 -5.181254009274074 13.345369651922628 -134.27583547816582 -0.034453859490863645 0.012351131983264972 0.9564224249400367 -0.2896834931036557
1645338230.651944 -5.370550321279413 13.211254664916561 -134.27960874010677 -0.0320622903310897 0.009647399774199265 0.965774767182089 -0.2572120453841605
1645338230.752116 -5.5890664554566865 13.067538047304822 -134.28329628774247 -0.03575328659153425 0.0031805838454176073 0.9756190649154542 -0.21651564968334405
1645338230.852403 -5.80102723122856 12.916029586355666 -134.26951627862383 -0.036608943264480526 -0.009887976668217294 0.9826824734487881 -0.18137576896332813
1645338230.952576 -6.023970402027193 12.790807708724007 -134.275204481605 -0.03750784468102093 -0.020826212523157542 0.9872250039328481 -0.15344778287454272
1645338231.052631 -6.247800518047465 12.704954034358416 -134.2910281729813 -0.03869348312461773 -0.027387950236466136 0.9901898599289757 -0.13144107363897098
1645338231.152587 -6.475952566803764 12.622228132332747 -134.29746787105506 -0.03869255551124027 -0.03163305556774881 0.9924215923882047 -0.11225693254813827
1645338231.252512 -6.743604786338695 12.532912938752677 -134.29862371580683 -0.04514496676829249 -0.036728704910462144 0.9933661179808209 -0.09918008801570947
1645338231.352190 -7.004700507840498 12.460678809724131 -134.30641328666312 -0.054567138923068144 -0.04008208117331755 0.9929483070243471 -0.09731142633858136
1645338231.451946 -7.231185981745247 12.403698215234037 -134.30198952112895 -0.06159895046150111 -0.041598015010653765 0.993023575675432 -0.0915388038046963
1645338231.551965 -7.518876543808851 12.323639582868317 -134.29912562473004 -0.06803183200839805 -0.048943616376291105 0.992824696018617 -0.08529545840859348
1645338231.652100 -7.790481250279398 12.257515799552479 -134.3092685432114 -0.07539063989029547 -0.05641813874381252 0.9917886944288211 -0.0865357188725566
1645338231.752015 -8.061143670629418 12.195260469216265 -134.31743191439537 -0.07739702379986964 -0.054605524067130956 0.991025991533673 -0.0943155424783031
1645338231.851997 -8.33323045381361 12.149205233714188 -134.31634344732555 -0.07928026841798384 -0.043203695186501516 0.9912945885621326 -0.09582858889306786
1645338231.952288 -8.602475285805333 12.097366319137043 -134.31952863332222 -0.08230538311766816 -0.042592504055369795 0.9914164107727198 -0.09222365726149043
1645338232.052557 -8.849419335509983 12.042104509019952 -134.31808433736498 -0.08891687342117333 -0.039510713391077694 0.9908739304499514 -0.09328208350479852
1645338232.152763 -9.145292355818599 11.995877936165938 -134.3148186829435 -0.09711577421004527 -0.03522083514210133 0.990621457759035 -0.08942676668000941
1645338232.253120 -9.414884293723214 11.937504064547394 -134.31693082587876 -0.09815793642779756 -0.035346657729724326 0.990566848421499 -0.0888422878581661
1645338232.353034 -9.696752590313537 11.877078467187328 -134.31754661543312 -0.10419863573473438 -0.03497141604198925 0.9888306810830966 -0.1006654286226295
1645338232.452936 -9.884489287456468 11.84011212029057 -134.32930930182576 -0.10455710235931269 -0.037354693945021944 0.988352575989545 -0.1040750917430715
1645338232.553033 -10.2549973353712 11.772111453320749 -134.3408205225669 -0.10956319494930546 -0.03711852622602724 0.9878318908359205 -0.10395324319538193
1645338232.653247 -10.540584341242363 11.726994500518737 -134.3453359563226 -0.11083766303872351 -0.03325691049607496 0.9880091328787052 -0.10221029157887938
1645338232.753352 -10.81878405497903 11.69153898783965 -134.34037956261093 -0.11568111712572353 -0.02201142645918979 0.98810997592577 -0.09885368845799616
1645338232.853519 -11.097933522957279 11.649495759536494 -134.34782491978365 -0.1213235970506318 -0.012316184046131565 0.9886941259340557 -0.08725148567635632
1645338232.953704 -11.386535193783548 11.60876296921168 -134.34260111934057 -0.12593528225002934 0.0031587382626167577 0.988900628847925 -0.07877736553967954
1645338233.053686 -11.700857807114533 11.59087740116057 -134.3364749474581 -0.13241463168193707 0.016412617979999294 0.98861561007903 -0.06954255384760516
1645338233.153580 -11.968956916654022 11.525146541073465 -134.3376626780407 -0.13407977787339537 0.021707806103232828 0.9881756314235289 -0.07113582627843235
1645338233.253251 -12.2715357608138 11.457495073917421 -134.3489743085794 -0.13555326134054696 0.01192695812597618 0.9880464102422212 -0.07243860998986007
1645338233.352999 -12.557503635085308 11.414982369155663 -134.35232606514026 -0.12771106038555147 -0.0036518486636621145 0.989224697547807 -0.07149158564464506
1645338233.452769 -12.834087143095704 11.328078321432372 -134.36775145391232 -0.12176277459904046 -0.0186815292650574 0.9892787354906021 -0.078437304214115
1645338233.552585 -13.112938541620553 11.27201818169675 -134.3899284504246 -0.11414657389484446 -0.024577694227508513 0.9896556642224517 -0.08335564100254883
1645338233.652586 -13.406864992841863 11.219704397053873 -134.37799703646544 -0.10651625510780528 -0.018918885700982213 0.9902810856543555 -0.08740557509034118
1645338233.752581 -13.706034428322038 11.165464689097925 -134.37821106944003 -0.0929594559028252 -0.01581532392741465 0.9914021469952489 -0.09072043882462535
1645338233.852626 -13.997066185369192 11.109465784527316 -134.38089415129255 -0.08423428442881072 -0.015348026499634765 0.9920267961092121 -0.09247626295771602
1645338233.952818 -14.308180864128804 11.066707838220053 -134.38171471228836 -0.07751993047411679 -0.021490434281978044 0.9924405091871391 -0.09268579900951435
1645338234.052908 -14.600739673048626 11.002828584781646 -134.3863172626199 -0.08043731606242105 -0.02347214708673607 0.9916949927222528 -0.09757016913700632
1645338234.152976 -14.9051935274758 10.93163590307686 -134.38880234124224 -0.0781858891678247 -0.02628530766943692 0.9917019255607026 -0.09860699861041486
1645338234.253057 -15.198078997004883 10.883998665686661 -134.39816618137172 -0.06928684866702756 -0.02857636022531675 0.9918228038623035 -0.10329690206770048
1645338234.352999 -15.475592380965336 10.828746754300528 -134.3897135382603 -0.05893814277319355 -0.02796529221794337 0.991995514766558 -0.10811630978091716
1645338234.453066 -15.774734495775904 10.766526603804191 -134.38688787330744 -0.04507058765229871 -0.029119495519037503 0.9924840138966542 -0.10998263166963707
1645338234.552972 -16.05043640659315 10.700881173979623 -134.4020410556928 -0.04070827720305501 -0.03243548357625101 0.990869287613657 -0.12437375300415261
1645338234.652875 -16.315557863869458 10.635605709015927 -134.40936236113737 -0.04024402585767849 -0.03611404368808909 0.989075956403746 -0.1371311295631899
1645338234.752718 -16.554612096658996 10.586897403238684 -134.4070522342036 -0.038540799251741364 -0.03721071386388599 0.9876519097589758 -0.1472198176748803
1645338234.852650 -16.839144374407205 10.497605804347089 -134.41477022078243 -0.03829412188956012 -0.043602444595778375 0.9850866858159466 -0.16197718506670697
1645338234.952445 -17.09149313964252 10.412429265973037 -134.4191602808998 -0.03704161362192062 -0.05045914512622962 0.9809840022008072 -0.18371766643276635
1645338235.052213 -17.33342956699931 10.32575234323152 -134.41803970572843 -0.03339147890292871 -0.059924687340567176 0.9762647194348302 -0.20542940045339883
1645338235.151943 -17.553653029388705 10.218994240013133 -134.42549641759368 -0.03260489115841358 -0.0710507991135366 0.9686515643039566 -0.23580256993801726
1645338235.251676 -17.779404327447825 10.122935172303851 -134.43619106844756 -0.03182195138507437 -0.07202997112137384 0.9601010676215481 -0.2683374491610581
1645338235.351468 -17.989439890949377 10.015081272802572 -134.43890364020618 -0.0419553949142004 -0.06838236080634683 0.9508804286719138 -0.2989816180584711
1645338235.451585 -18.208507004372574 9.88098890168918 -134.42854648201182 -0.04726450112692507 -0.06793337429629193 0.9420579232382135 -0.32508151724459344
1645338235.551740 -18.41258449696781 9.732090659025163 -134.41901366475372 -0.06178413069981894 -0.06648342339531949 0.9297234806813895 -0.35689904045400356
1645338235.652097 -18.594647019379018 9.568041100510802 -134.41923469747582 -0.06876278982156507 -0.07390884778781864 0.9157872842308176 -0.3887708978251539
1645338235.752355 -18.754835222824802 9.41766934895203 -134.43032772320348 -0.06798862161538519 -0.08348875069595725 0.9002900474085807 -0.421764159661681
1645338235.852672 -18.89364258908746 9.240171033803644 -134.44245393083196 -0.06123749005864815 -0.09150817652292707 0.8845252303416545 -0.4533115268000677
1645338235.952934 -19.028594803676327 9.069435356922433 -134.45502374999046 -0.0528213507539052 -0.09980352898628285 0.8643686517447584 -0.4900163205316386
1645338236.053094 -19.121628622019607 8.925612678466141 -134.45658118089278 -0.03630640414584044 -0.09964709662054463 0.8454627055314886 -0.52339766402657
1645338236.153259 -19.22263758725202 8.799109909425999 -134.46442220657218 -0.024245294645990307 -0.09764520326015216 0.825525695223547 -0.5553241454263373
1645338236.253339 -19.31837817842847 8.616140757857263 -134.4466145430205 -0.015400556098339895 -0.09522876215997823 0.8039779957507127 -0.5867824878760504
1645338236.353297 -19.416088397537713 8.433370743174578 -134.44408298777483 -0.013698202284592996 -0.09154131658776159 0.7816842048729361 -0.6167676632766306
1645338236.453193 -19.48954516673434 8.244045004389994 -134.44655004722 -0.015374853128135978 -0.09282388569476918 0.7573351258738398 -0.6462126950574926
1645338236.553118 -19.54925735954128 8.019343622013663 -134.43133052704994 -0.018390121818625055 -0.09307610001965881 0.7326939994651425 -0.6739125656733226
1645338236.653132 -19.587547951049807 7.793959540174472 -134.43475149680887 -0.021461436859883543 -0.09568996290270178 0.7080727983216217 -0.6992966108916708
1645338236.753080 -19.61130999041769 7.5667808363222235 -134.43582677944593 0.027566432954364364 0.10123296886547149 -0.6830958903120662 0.7227530577089388
1645338236.853049 -19.624674079683114 7.33777018859516 -134.43525796153602 0.031304937690936084 0.10406718705567602 -0.6593080092161445 0.7439778023825239
1645338236.953178 -19.640326636011682 7.105870276504726 -134.4236760833643 0.026333840978291865 0.0985608213237173 -0.6451088158414826 0.7572495685326763
1645338237.053440 -19.636769204645766 6.8763445132662975 -134.42612706993233 0.02049221166731871 0.09208356838531734 -0.629252178673288 0.7714547176142803
1645338237.153577 -19.638534379094786 6.669937060680901 -134.40832487245115 0.027864297954952644 0.07963298511252133 -0.6169990673101593 0.7824284756576412
1645338237.253754 -19.628217356765628 6.42280521217107 -134.4015715463581 0.03315896817118078 0.07099186897458641 -0.6066275604182401 0.7911154405713064
1645338237.353952 -19.598431587967564 6.162686323582906 -134.40775672345416 0.036372186177897774 0.07597618740565497 -0.598100553860101 0.7969820640969166
1645338237.453998 -19.565701858925436 5.923767774568567 -134.40323275185125 0.03776058994135858 0.08012442936662313 -0.5887393736147445 0.8034551410139036
1645338237.554015 -19.520473649370732 5.658811394223487 -134.39640184140166 0.03468036952769627 0.08432031440583188 -0.5839793012056966 0.8066322162616805
1645338237.654190 -19.483087262038964 5.3997520221822874 -134.3868454342762 0.031062122702253274 0.08611623891384206 -0.58255678783408 0.8076179337267114
1645338237.754234 -19.435586388987254 5.114881127684564 -134.3903589221872 0.031480560202852836 0.08500347227069549 -0.5851314199478577 0.8058564421911905
1645338237.854254 -19.387905647296517 4.838719356792487 -134.38963649247177 0.04172107911843708 0.07414105603772042 -0.5915119162755977 0.80179555266338
1645338237.954095 -19.323270751083772 4.509981867346927 -134.39184569083025 0.0501223760110963 0.06948353088731167 -0.5917405200871 0.8015628130380568
1645338238.053787 -19.267824513304888 4.2263664788415545 -134.38719549748555 0.052635299379493766 0.07305091398770158 -0.5922770874147321 0.8006877924311788
1645338238.153558 -19.210451932634534 3.958856144532281 -134.38859084885905 0.05221376724453803 0.07662335318703803 -0.5956163688560586 0.797899571003288
1645338238.253255 -19.143301193068954 3.6637069583265873 -134.37764334992298 0.052751334613513556 0.08117687544762663 -0.5938709884168998 0.7987145051304553
1645338238.352919 -19.082464271019123 3.3897119561081537 -134.37923350065446 0.048825247390541664 0.08050037743550102 -0.5922690733158484 0.8002206753412338
1645338238.452661 -19.01536451911391 3.102322576082046 -134.37287454831056 0.05065014038049595 0.07868137270699986 -0.5918250731017632 0.8006165672258293
1645338238.552506 -18.947847833722065 2.7971503529011748 -134.36228543938003 0.06046925245921503 0.07460514816904716 -0.5939104415597624 0.7987790237481118
1645338238.652657 -18.873489079774828 2.4992437561157317 -134.3589653838957 0.06498339385215454 0.07634300806124969 -0.5972427451190097 0.7957700717206733
1645338238.752684 -18.8039536676613 2.196038275359956 -134.3635801774188 0.06862067569333949 0.08072842234823935 -0.5952054998364182 0.7965579311368591
1645338238.852741 -18.733397640778797 1.9311744083616607 -134.34828448411773 0.06758912775820265 0.07806211764931778 -0.5964101398467518 0.7960106536252938
1645338238.952817 -18.65179186103744 1.6334496350495815 -134.33819897135194 0.060152188119027145 0.07378727657380912 -0.5963892770143243 0.7970301012776398
1645338239.052979 -18.569836343833284 1.3355282123761585 -134.33390237759625 0.05017576110557468 0.06834289308808819 -0.5995071623171395 0.7958660718313586
1645338239.153076 -18.483564560494187 1.0258850360448106 -134.3438211863922 0.04253241990356786 0.06554739004538652 -0.597808005413076 0.7978221114881588
1645338239.253112 -18.403219985635722 0.6988261318035589 -134.33867366924977 0.04448483067859913 0.06648337780235888 -0.5973292402840404 0.7979967662949371
1645338239.353170 -18.3109671424065 0.37670311359211406 -134.3400468495155 0.04076914689736759 0.0716268895289596 -0.5961310040048328 0.7986459111658039
1645338239.453064 -18.2442815364912 0.04694434846885319 -134.33262629203426 0.05178015103386782 0.07354494513525972 -0.59027766029321 0.8021734480539325
1645338239.553089 -18.167630762344196 -0.2775453921952284 -134.3120634858984 0.04963724910129676 0.0711330234832772 -0.5933117797272248 0.8002858042653864
1645338239.653170 -18.084356379667465 -0.581179773742702 -134.30716769794572 0.05171566310799248 0.07077344605132954 -0.5879365677907742 0.8041437693458332
1645338239.753119 -18.020311823479865 -0.8883970551992325 -134.29009857494313 0.04281132239052234 0.0672662744708847 -0.5898770949950829 0.8035467950244991
1645338239.853147 -17.937460473676655 -1.2439340352037795 -134.29754762693707 0.04256081774636345 0.0658298658948933 -0.588710068200652 0.804534313219893
1645338239.953095 -17.87214201278837 -1.538877972594947 -134.29216170408677 0.04602967235685172 0.06595462411409958 -0.5877112344670696 0.8050632035448407
1645338240.053220 -17.788656757940764 -1.8750352693854555 -134.29243633530893 0.04412583297892875 0.06875991055935164 -0.592126648145081 0.8016925957748748
1645338240.153201 -17.72295756676771 -2.1980841270673515 -134.29732130469174 0.05357728239829007 0.06745453535753054 -0.5903627667048068 0.8025279834118929
1645338240.253311 -17.650019102321064 -2.535434847845901 -134.28657681155616 0.048092687142021126 0.07028699265653941 -0.5969325147951695 0.7977583624676547
1645338240.353324 -17.591697120054086 -2.84366619118641 -134.26719591080047 0.04424431217025384 0.07297580991255412 -0.5954504137267626 0.7988465289408317
1645338240.453352 -17.53502229317379 -3.169109384385436 -134.26737084232954 0.039996752570723444 0.07060147931190006 -0.6012954779293871 0.7948958668432222
1645338240.553436 -17.464521081606367 -3.4970792015985714 -134.27028518875306 0.0357052477076683 0.07180097061319575 -0.6074782414014788 0.7902783953322423
1645338240.653557 -17.422301668034105 -3.7914939429486094 -134.26272916500346 0.04567707239133042 0.0653348695127882 -0.612447280300634 0.7864815883006167
1645338240.753642 -17.361601539148534 -4.1297319332881 -134.24969939151427 0.042959186159027093 0.0650613352294066 -0.6207842185047451 0.7800951769099549
1645338240.853562 -17.308239147685814 -4.482936970709575 -134.2433309972005 0.044479817801742955 0.06452366255821672 -0.6233995846074436 0.7779660665412496
1645338240.953445 -17.255246955147996 -4.792263485108722 -134.23908745974546 0.042889033584458724 0.060176172408908074 -0.6274607673872039 0.7751337590779191
1645338241.053259 -17.1929240689604 -5.1093452695441774 -134.2362341666754 0.04054281121171371 0.0605189285973462 -0.6291427356034174 0.7738689540083186
1645338241.153083 -17.157510393375166 -5.388789630747013 -134.22775697818838 0.039210810379750466 0.06442222026877584 -0.6313751708719174 0.7718015829806658
1645338241.252847 -17.07763945977568 -5.72659090735608 -134.2325663309105 0.03594062614780491 0.06609280854533206 -0.6261616031802139 0.7760551905331721
1645338241.352521 -17.032407987190037 -6.038734981826629 -134.23090322500568 0.033125576563309236 0.06797711325687081 -0.6232782489601678 0.7783354242380068
1645338241.452410 -16.990539729304516 -6.337403507795883 -134.23042812833302 0.03190179545974954 0.06501230025361047 -0.6259103028306998 0.7765255752855539
1645338241.552362 -16.95197507933887 -6.634367204395836 -134.22203378174248 0.03333310393720387 0.05753832524934076 -0.6268435575235236 0.7763023893436536
1645338241.652551 -16.91108556878855 -6.9483798878206535 -134.21451167393957 0.03141769734935347 0.05125976074576994 -0.6289484371382768 0.7751188480761321
1645338241.752750 -16.847102742125923 -7.197893007900426 -134.21795662357718 0.024502413383711372 0.0499536598651102 -0.6332240030250336 0.7719660780095242
1645338241.852937 -16.800612059457762 -7.518827860494807 -134.22160250309025 0.02417088754094822 0.05415762198091583 -0.6335486489175518 0.7714264901023294
1645338241.953068 -16.755240670694985 -7.81482526736029 -134.22295668973072 0.018784307885816417 0.05656789903311702 -0.6290680623585954 0.7750616720601221
1645338242.053009 -16.716174161025183 -8.082426152614438 -134.22473214858155 0.01274781318469901 0.05680102898332577 -0.6201825543830894 0.782294532515925
1645338242.152870 -16.687329832878465 -8.343987849931516 -134.22249749439428 0.012285684256804794 0.051501959117522686 -0.6147040839741374 0.7869787159224294
1645338242.252786 -16.637014255423146 -8.589130401276007 -134.21191426008193 0.003654172925876475 0.0438316968890315 -0.6056804298053055 0.794491438795231
1645338242.352626 -16.580412778618207 -8.826349078209601 -134.21745132626472 -0.004358176984364347 0.044988423082506224 -0.5895843694432076 0.8064411444055777
1645338242.452308 -16.515060448890985 -9.074518675226704 -134.234596230866 -0.004361672041890337 0.05314706268615996 -0.5680550316966354 0.8212611317412792
1645338242.552019 -16.442540484343823 -9.307122820841494 -134.24271727079412 -0.005041106639869522 0.06116153687783929 -0.5444243017206197 0.8365620319776662
1645338242.651908 -16.355801446320147 -9.503940152379165 -134.24061928726306 -0.007735056442085726 0.0681551803130067 -0.5173558560689726 0.8530169743267011
1645338242.751619 -16.24763653962403 -9.685424921818973 -134.2173946187589 -0.0236812296188467 0.0747981455795618 -0.4795490152605637 0.8740006743385396
1645338242.851370 -16.137588018044383 -9.876141681467892 -134.21739088141118 -0.034904801827187866 0.07586634342422878 -0.4363522411233576 0.8958921109215466
1645338242.951272 -16.007237022017183 -10.060057940994222 -134.2367904068388 -0.039039733025100797 0.08528826719256154 -0.3906120600105473 0.9157641777766455
1645338243.051328 -15.878459781355716 -10.225589576621369 -134.23493590841267 -0.04148875418078931 0.0973110916411226 -0.34509089296042333 0.9325886072196661
1645338243.151541 -15.740052619346553 -10.3601893941329 -134.22672811860156 -0.04399416313888984 0.10668431103175138 -0.300343606821838 0.9468245292717328
1645338243.251901 -15.5889944914519 -10.471096769233123 -134.2185058620892 -0.05052396467634182 0.10936814380510786 -0.2555055176295078 0.9592720513883881
1645338243.352314 -15.460738910383629 -10.600061275081258 -134.21654450574417 -0.040485091581863586 0.1062931931881515 -0.21278514119615727 0.9704561804263012
1645338243.452870 -15.34022756739942 -10.67098060755274 -134.2065083974696 -0.03515892269199398 0.1042415942380584 -0.18936035809633225 0.9757254711072552
1645338243.553370 -15.13001228287733 -10.777778516636358 -134.1807601544731 -0.0377957888883839 0.1063012814796477 -0.13747170384366894 0.9840594730708139
1645338243.653800 -14.958359573157184 -10.84831293376829 -134.1841911696951 -0.04496492839988741 0.1059789424454166 -0.1026764744792305 0.9880304451587816
1645338243.753994 -14.749298221077408 -10.901238511866353 -134.19358695681794 -0.05707772943183442 0.10889512372265715 -0.060377368159159804 0.9905748625149474
1645338243.854025 -14.564213224814768 -10.957575749041045 -134.199418063475 -0.06351045259803888 0.10715575442460898 -0.022518458762266595 0.9919561410261329
1645338243.954053 -14.353540348899713 -10.990459182714236 -134.1943569628852 -0.06532258707730743 0.10204190496890692 0.007839191745733123 0.9926021138001963
1645338244.054008 -14.146223610205316 -10.984888365001568 -134.1941677673583 -0.06706633122974327 0.099431974759234 0.04050953746598686 0.9919548210403301
1645338244.153826 -13.936445297238325 -10.987762102569096 -134.19185367054436 -0.06609917378071434 0.09388735897650435 0.07157822508687725 0.9908040274157833
1645338244.253577 -13.714031517884521 -10.955414511741001 -134.1848643613648 -0.06326886482648639 0.09310259404025072 0.0980598851911141 0.9887938190759737
1645338244.353364 -13.490181424046394 -10.931867478366236 -134.1567025883824 -0.06067852210746575 0.09555160481841846 0.12288513200603358 0.9859448524655616
1645338244.453222 -13.259563173416373 -10.896664483223226 -134.1611001044452 -0.05604478610590067 0.09429267327102385 0.14428281600344112 0.9834380218010004
1645338244.553184 -13.014366287093528 -10.867788131700845 -134.1460487683869 -0.056068313439115634 0.09164635844575492 0.15903984362624415 0.9814089959599234
1645338244.653419 -12.752510355152628 -10.812778092491023 -134.14091483116562 -0.060286503362302596 0.08995928989922523 0.1654092103807506 0.9802615246934825
1645338244.753700 -12.519272865571827 -10.769681044485154 -134.1299130650435 -0.06466197180368703 0.09219583621215187 0.1630137745966817 0.9801761405376808
1645338244.853983 -12.257555132852184 -10.729699926952915 -134.13279029179913 -0.05591800973219604 0.09622945219582923 0.16048445444330517 0.9807434978625732
1645338244.954235 -11.98462454084176 -10.680997328045715 -134.1330736075821 -0.056600697012283194 0.09544389654119091 0.1511779972407335 0.9822586405122832
1645338245.054427 -11.73470185020426 -10.640650427825454 -134.13432219977943 -0.049038851380511 0.09386576109625613 0.1421220004982734 0.9841675400679852
1645338245.154403 -11.45980271405389 -10.593587630459739 -134.12321559193938 -0.04123548796325402 0.08922614683733884 0.13281294226878845 0.9862550641790903
1645338245.254189 -11.171435063696336 -10.535759541075697 -134.12172757590503 -0.035399993083567186 0.08629523639068555 0.1227669361557348 0.988042636758603
1645338245.353889 -10.883206124686735 -10.472978802716373 -134.1152030714813 -0.03676040047500123 0.07906917336459655 0.11472952055358049 0.9895624668983269
1645338245.453417 -10.592426204517475 -10.416263706193032 -134.10899985770274 -0.030699261013477728 0.08004721195730553 0.11395889890920216 0.989779454520294
1645338245.552800 -10.31822081300362 -10.36649906675309 -134.09470741208264 -0.02333365396843952 0.08010657144108203 0.11648195440764186 0.9896819853376194
1645338245.652317 -10.04295147167901 -10.304133725319423 -134.08770679189348 -0.02054143362606863 0.07654313402009778 0.12119252124706872 0.9894602422193354
1645338245.751749 -9.741661042268447 -10.26039880427474 -134.08699962981856 -0.020807528162055746 0.077008089262911 0.12999959429835445 0.9883000083183872
1645338245.851382 -9.399421969568921 -10.208789617228032 -134.07147514368543 -0.018500522111936608 0.06985659571643056 0.13425347245198582 0.9883085509349196
1645338245.951241 -9.095359574100682 -10.151951415874356 -134.08480852345406 -0.01737026107767409 0.07050923998494299 0.13938854105152995 0.9875715446135359
1645338246.051271 -8.80707241285438 -10.112125934833239 -134.0817633046178 -0.01288122576033536 0.07575518758944372 0.13918533782593578 0.9872804400526122
1645338246.151580 -8.502287663292611 -10.05469891726328 -134.07640685534216 -0.012809071328645965 0.07315106619826219 0.13434226769912222 0.9881482704104747
1645338246.251922 -8.189063128919019 -9.991743006920165 -134.0734991074211 -0.013401459184434606 0.07484461055103739 0.13368848690383967 0.9881022586921626
1645338246.352228 -7.866581749266989 -9.935866897607726 -134.06469593159517 -0.005863606127028133 0.07059881376532257 0.13114648877079285 0.988828612096762
1645338246.452700 -7.55411776471588 -9.870986788983322 -134.05914308944705 -0.0023040327683927658 0.07016277618955341 0.12014218574441769 0.9902715443124328
1645338246.553095 -7.23039408705859 -9.798407554319875 -134.04816401488145 -0.006227884933243599 0.07091536693368033 0.11765126346537506 0.9905000779338288
1645338246.653367 -6.912158291518529 -9.731102006085669 -134.05127340485356 -0.010591617582117909 0.07131307372699962 0.11710629889275655 0.9904990549779651
1645338246.753403 -6.56749167506115 -9.664145521977604 -134.04858314294185 -0.008477406701365469 0.07481702793890316 0.11367114001823318 0.9906611014029794
1645338246.853380 -6.25214908203824 -9.587566108839114 -134.0436257628143 -0.01065191125936156 0.07491463202133052 0.11070374387159126 0.9909687259386365
1645338246.953228 -5.957408511256851 -9.513789324245515 -134.04979133466526 -0.012452205117445433 0.0792954952381927 0.11351975760368423 0.9902880548892042
1645338247.052929 -5.648204290569196 -9.440124561619092 -134.04566708027517 -0.017527972253875743 0.0860028393293835 0.11492653411617262 0.9894888445919922
1645338247.152631 -5.341588372958904 -9.365032398437613 -134.05109825804809 -0.019345310695358078 0.08680099609495864 0.1192525491805315 0.988873184763834
1645338247.252335 -5.041236867965541 -9.302943907020255 -134.04973540120304 -0.015211927728990429 0.07431759885982307 0.12045529956282218 0.9898161508895018
1645338247.352247 -4.744565875247615 -9.225178544092014 -134.04660079407662 -0.02133258597919012 0.06386530585177937 0.11803241340509883 0.9907242264473334
1645338247.452216 -4.4614889040198475 -9.15013608801564 -134.0518211078181 -0.028222565945402324 0.05975613110424625 0.12279688721511903 0.990229072516651
1645338247.552179 -4.177821675465031 -9.07971671550643 -134.05221715567993 -0.032711978976272864 0.05877039065260265 0.13060139220631609 0.9891507690780857
1645338247.652411 -3.872938125694738 -9.011706098352525 -134.04674042626348 -0.03256205920064634 0.05721120107323834 0.13757207612192146 0.9883018337754289
1645338247.752734 -3.586466793956902 -8.948682854592654 -134.0330835492005 -0.028864408244036754 0.05253760681929177 0.13721779418908303 0.9887254031146896
1645338247.853092 -3.297946334135936 -8.876040107792434 -134.03443332419394 -0.03921244246685928 0.04966449339388012 0.14357253744534335 0.9876146763506595
1645338247.953338 -3.002380404636201 -8.806805187018108 -134.03024719374068 -0.0470452751589191 0.045936303766262995 0.15273010656806033 0.9860781473236409
1645338248.053475 -2.7281872172533936 -8.733386129885888 -134.041687061588 -0.051493161482936804 0.044412467151519856 0.1632925085114309 0.9842314482610539
1645338248.153488 -2.4302982875030423 -8.638930581519347 -134.0367151679407 -0.05143531255047407 0.04311312804813059 0.1723589555777176 0.9827451639386983
1645338248.253483 -2.1850271910006023 -8.562432028993964 -134.04075644960776 -0.055441200143777916 0.041262850562260873 0.1796111640447261 0.9813070264909921
1645338248.353451 -1.9284387989152523 -8.477265976832161 -134.03856308455372 -0.05997597788142123 0.037945800716518166 0.19084111125867975 0.9790519233108639
1645338248.453376 -1.6746140743516458 -8.396777940234086 -134.04807597572116 -0.06472398717177118 0.03354156334201821 0.2047853970774861 0.9760884745539096
1645338248.553166 -1.428182846377647 -8.299733576969185 -134.0430155043841 -0.07407064044582844 0.03169122403320088 0.22176433913951432 0.9717663219258202
1645338248.652993 -1.2078982685766753 -8.198577499992979 -134.0460034701069 -0.08320000915232556 0.02657576390969184 0.24344543136980723 0.9659740209730475
1645338248.752646 -0.9802402688845554 -8.089338037261763 -134.0419936489398 -0.08999967724133717 0.01981670919947202 0.26714475241700647 0.9592398226663732
1645338248.852293 -0.7594624488800792 -7.980997784021709 -134.0508811356265 -0.09379318969277721 0.01838864375724991 0.2928294842842514 0.9513756295395857
1645338248.951949 -0.5259954949576464 -7.856949907669328 -134.05746349624928 -0.09018295142101461 0.02318686751508327 0.31715186970645587 0.9437924008962628
1645338249.051842 -0.3195208833557322 -7.73698500602133 -134.05047882734897 -0.09165884557490928 0.028744167500503043 0.33660072591869356 0.9367349572710449
1645338249.151809 -0.11455328213240683 -7.600751307536404 -134.0493357990937 -0.09344324877642819 0.03560299397681815 0.3595361096053718 0.9277578196748478
1645338249.251822 0.07429040870549876 -7.458422209470232 -134.05625810655246 -0.09446108749458579 0.0410959316498474 0.38270402909904017 0.9181099353903824
1645338249.351894 0.24819603871964563 -7.319192246361409 -134.05474793454994 -0.09788515659449375 0.04162718501505667 0.40507873648993387 0.9080731748212323
1645338249.451998 0.4042029405808881 -7.1658671838422565 -134.05032366213928 -0.10126289804089482 0.03980699124075655 0.43328468847702156 0.8946650812790718
1645338249.552136 0.5484670976907688 -7.004986749034642 -134.05236270261284 -0.10216796714375172 0.03172010058418877 0.4601505792721218 0.8813722176834105
1645338249.652500 0.6723483927395878 -6.850477878300183 -134.05444935870418 -0.1021126004679575 0.02670937479283382 0.4835117337024036 0.8689511088064411
1645338249.752856 0.7810857170861032 -6.721912225325357 -134.05401101501624 -0.1008763007566221 0.02259954650389598 0.4979634624041631 0.8610142986930794
1645338249.853138 0.8840533229622939 -6.568969084571147 -134.0563549716577 -0.1027584233740876 0.014151241033733485 0.5175110173075556 0.849366114092254
1645338249.953346 0.9990422916716377 -6.3995166558294825 -134.05402543365682 -0.10340016516535197 0.013616657974641852 0.5381616165135976 0.8363641951810534
1645338250.053514 1.0958231944941688 -6.228312741897011 -134.064283987878 -0.10552543035014457 0.015622473952232107 0.5532399057049334 0.8261633788740729
1645338250.153555 1.1884252216167916 -6.06200566470144 -134.06025228483634 -0.10738854751780144 0.017970769454795445 0.5702694866281931 0.8142097174119434
1645338250.253556 1.2863383670169015 -5.901202418270556 -134.05640939636137 -0.1016405535825857 0.025221306555204513 0.5801312953823476 0.8077628139999223
1645338250.353672 1.3740890904531193 -5.75584893803909 -134.0580834954987 -0.09505871607044093 0.027220560096543833 0.581169413815462 0.8077530526419952
1645338250.453949 1.4419052193055442 -5.609885988766196 -134.03866267164346 -0.08356636772122816 0.026882970874274364 0.5754148430775768 0.8131369665861102
1645338250.554199 1.4976039917206172 -5.4574563429009135 -134.04511987247824 -0.08635210960892042 0.01515459725406825 0.5691047117133142 0.8175778118649389
1645338250.654276 1.558635454305058 -5.317888731003664 -134.0672675558587 -0.09365619241370082 -0.0022329859321162113 0.5701253704675683 0.81619886874806
1645338250.753926 1.6393731498485569 -5.187960219385323 -134.07035434965627 -0.08852861348473752 0.005417314738198479 0.5721915749191833 0.8153098422605985
1645338250.853594 1.7029353876231048 -5.057945634930379 -134.0890582957008 -0.08674881342305232 0.023887183193984918 0.5656502210947915 0.8197218267340225
1645338250.953306 1.7744673417334027 -4.9282534507979205 -134.0708696382389 -0.08745079198608213 0.04337887416799198 0.5613903486096011 0.8217733925754198
1645338251.052923 1.8418781344107755 -4.8129961614574865 -134.07223541957552 -0.08357260540802391 0.04992099486765154 0.562050765670161 0.8213540349364117
1645338251.152482 1.907674041890539 -4.716098995346539 -134.06259649785028 -0.08169201038661894 0.05161367844518217 0.5641055462104647 0.8200288875222281
1645338251.252192 1.9536220359015761 -4.62320548648126 -134.06762495378547 -0.0789960583468423 0.055253459588510474 0.5621124461522975 0.8214233231713375
1645338251.351980 1.994594253713308 -4.533407664721712 -134.07040911626697 -0.07784442520434715 0.06114638235888592 0.5642710734249087 0.8196337725380325
1645338251.451856 2.025508267328919 -4.455113363207205 -134.06260270944983 -0.07917052969903826 0.06527839938070855 0.5635170046669381 0.8197068642220026
1645338251.551897 2.0378954943602965 -4.377939258697523 -134.06731063965591 -0.0862045369413589 0.0666645372812547 0.5610963158504736 0.8205458802643686
1645338251.652151 2.0493938310257156 -4.309601534067344 -134.0723035696018 -0.09565931133663556 0.06702873095330526 0.5605785532858165 0.8198220117668047
1645338251.752396 2.0588217996382134 -4.2413895960256385 -134.076221237186 -0.10520666432451277 0.06779867312296688 0.5617987602179524 0.8177512156652817
1645338251.852639 2.070850770979231 -4.199236945377781 -134.085247537151 -0.10647734779062548 0.07356607711701839 0.5648564538892021 0.8149771734256136
1645338251.952940 2.0941920980420448 -4.160378466757581 -134.08593379720443 -0.10426601999070707 0.079348045000005 0.5665846359989518 0.8135197201542872
1645338252.053319 2.1212443944021144 -4.130370381498368 -134.07980254201615 -0.10145986022939159 0.08198304294461593 0.5648458137401237 0.8148213817346911
1645338252.153677 2.1368244383937673 -4.093939732186963 -134.07314272336146 -0.10077425787278013 0.08398990118857962 0.5648047519088978 0.8147305307091735
1645338252.253803 2.1483431237975408 -4.079224185235088 -134.07450413145116 -0.09947444301849115 0.08362471746137919 0.5705923851042494 0.810885979578331
1645338252.353847 2.1661613007567473 -4.066332443996647 -134.07147923242576 -0.09514035220297679 0.08606364320095894 0.571700444818175 0.8103702635810205
1645338252.453887 2.1755202143321397 -4.04945876368847 -134.07029563385274 -0.09409007292663216 0.08736112468140468 0.5720921115526395 0.8100775937959914
1645338252.553849 2.18265765587578 -4.033226682387189 -134.07560063365514 -0.09508906741160256 0.0922441234939881 0.5727415379548935 0.8089599629404911
1645338252.653853 2.183269860642218 -4.019317071193521 -134.07281588418732 -0.09926334718140564 0.10012822009997417 0.5727216459667835 0.8075339272668691
1645338252.753698 2.188704768196338 -4.005217004684141 -134.08292937954752 -0.10449663103389557 0.1043688403540733 0.5748550179346504 0.8048163191816283
1645338252.853537 2.190325324939439 -3.9955470671845834 -134.07918909118385 -0.10889907057569673 0.10492173559229488 0.57563915457466 0.8035993936960262
1645338252.953463 2.189652988659851 -3.9890205929051703 -134.08379118639678 -0.11139703245675454 0.10550253490834628 0.5752683184780454 0.8034464998014392
1645338253.053395 2.190477770106188 -3.985520351929191 -134.08208915876486 -0.11265751105135167 0.10645387468157493 0.5741614259508427 0.8039368847857954
1645338253.153376 2.1826822882296337 -3.981188022828983 -134.08540747477667 -0.1133661860256858 0.10598612632063176 0.5712082769774663 0.8060000950409193
1645338253.253330 2.1921018897610782 -3.973567730145824 -134.08464396739933 -0.11408153845792317 0.1058958986386068 0.5708280462054092 0.8061803786373807
1645338253.353264 2.200517978225394 -3.967516326847963 -134.08169330953143 -0.11382089936234174 0.11066029602835963 0.5701498843707187 0.8060572008879517
1645338253.453136 2.1964156874176775 -3.9639722975977576 -134.08493614419146 -0.11449224934328625 0.11069293774591919 0.5697008951441256 0.8062750699640135
1645338253.552978 2.206928181058217 -3.960446544977839 -134.08294209707302 -0.11155946377370618 0.11111811405744487 0.5683884978851603 0.8075529494978586
1645338253.652969 2.20405433049006 -3.9567644188162103 -134.0837685817671 -0.11253279562848204 0.11260555916814169 0.5661620547857923 0.8087749289346189
1645338253.752696 2.2090776790156488 -3.945464952309588 -134.08648476155128 -0.11357290409300787 0.11551573013443478 0.5710708704457765 0.8047579589390166
1645338253.852418 2.2137813796255106 -3.9431032506685177 -134.0853391573881 -0.11378797582077388 0.11552893706419856 0.5709475166962164 0.8048132046865603
