#timestamp tx ty tz qx qy qz  qw
1645338209694766.0 0.0 0.0 0.0 0.0 0.0 0.0 1.0
1645338209728099.0 0.0016622511915308927 0.0017299621304194047 0.0049641052428655436 0.00012693389289908908 -0.00030217385009160755 0.00046053558213468993 0.9999998402428516
1645338209761433.0 0.0009494582824382615 0.00010573438838979205 0.0053137345277403875 -6.55677225524607e-05 -0.0004940469843264688 0.0005682943907961772 0.9999997143299274
1645338209794766.0 -0.0022967662037341333 0.0003157596506021914 0.005379065994684804 -0.0002629700045275697 -0.0005641520962792185 0.0006386304287377952 0.9999996023651032
1645338209828099.0 -0.0046039490346719775 -0.0014193620165978487 0.003911880205206678 -0.00046293552357311676 -0.0006862855118567267 0.0010118785847716201 0.9999991454019483
1645338209861433.0 -0.003348332335108352 -0.001798332268865165 0.007950360128859246 -0.0005439193749667884 -0.0007680426244292087 0.0009507367092081497 0.9999991051805749
1645338211894766.0 0.1796629186445114 -0.5734401650345655 1.9534453549042887 0.08019730161028807 -0.038879198990953295 0.01674298679918691 0.9958797483096504
1645338211961433.0 0.20609190039015182 -0.6124145024656352 2.0892963076274755 0.07933396214252418 -0.03477897200463712 0.02279928643083467 0.995980290013469
1645338211994766.0 0.21508909686263344 -0.6353953056275352 2.1596922668748166 0.07776388786646128 -0.032082912933907484 0.0244506585807158 0.9961554244878342
1645338212528099.0 0.31374779704528144 -1.0036398254521979 3.329487110990358 0.07457695594667377 -0.03370202729900257 -0.005915523159978557 0.996628043747219
1645338212894766.0 0.40529801937348414 -1.2802124597254456 4.226735706972511 0.06761136313795488 -0.016748648446885013 0.004045739931613433 0.9975629395372685
1645338212994766.0 0.43964760900028715 -1.3728677208624847 4.516516387070791 0.06760673637326249 -0.006912028922085368 0.01216706044337758 0.9976139111366198
1645338213394766.0 0.5238735837085091 -1.6686155782815273 5.437346172400075 0.09913609050502217 -0.004791083953930073 0.026511362236468442 0.994709117655153
1645338213694766.0 0.5367145102276761 -1.9231073370316936 6.253906973460518 0.1039102601390093 -0.01727099733671943 0.016375427399681834 0.9943018736109855
1645338214394766.0 0.6248989311457233 -2.524567879333367 8.132637450555057 0.13074141141364867 -0.017963212535662354 0.0024819339136689204 0.9912506475866807
1645338214694766.0 0.6502982253276697 -2.802766847556166 8.968592262080438 0.13222136423506986 -0.012853329256561486 0.009304075039944727 0.9910932029604937
1645338215061433.0 0.6848449050502459 -3.122796404587501 9.998483563783264 0.13034934056142747 -0.026199410034216584 -0.005207319272931858 0.991108230293266
1645338215428099.0 0.7073590187264309 -3.464509831604221 11.012010624087557 0.13203756273663964 -0.017798913615601625 0.0001806707694555061 0.9910848843861687
1645338215894766.0 0.8034933006400007 -3.8777619662378013 12.28494195924478 0.1242774317489004 0.018053843562667673 0.01110970888003607 0.992021044665441
1645338215961433.0 0.7777376187053112 -3.950453251614311 12.470140932761563 0.12300495433226316 0.02954100853154723 0.01555965309603852 0.9918442454439043
1645338216094766.0 0.8158584934569358 -4.070842226634536 12.831658178478458 0.12010704216851034 0.04794470377396985 0.02775867786951676 0.9912139323095163
1645338216194766.0 0.812039811030129 -4.157071966171451 13.073846299914067 0.11719426953962479 0.06774130187991349 0.03806339475960762 0.9900645419294959
1645338216694766.0 1.0863677111990253 -4.52965892962043 14.333844457126066 0.11753417926021559 0.1821856430238017 0.0740354236031469 0.9734027245870714
1645338217061433.0 1.6402766421723542 -4.711726449697233 14.917587842893095 0.10423203230888767 0.30869033398149065 0.12255274533845105 0.937457618112501
1645338217094766.0 1.6486836094378339 -4.740445627552515 14.999045012089145 0.10291104006516852 0.32816331377885904 0.12863818591511889 0.9301453512472396
1645338217428099.0 2.1505917400548697 -4.858657516863722 15.482564338343785 0.08216832559780836 0.47181204744820676 0.1415571507495071 0.8663736672030521
1645338217461433.0 2.245617564564842 -4.85906939115114 15.515153014308307 0.08135620359750241 0.4822111136374967 0.1419602664206939 0.8606398159383823
1645338217494766.0 2.2477423878070995 -4.871736635063243 15.558386903984637 0.08272046822717669 0.49407282854693446 0.14185802859547705 0.8537714354269021
1645338218228099.0 3.7740207290223426 -4.933937018037969 16.041801463927722 0.06490339838121026 0.675237755885169 0.1501794444978012 0.7192271243189194
1645338218461433.0 4.394996528825944 -4.889773832937215 16.0611959440588 0.05961500058391395 0.7094341616645812 0.15121498055389415 0.685772011403745
1645338219061433.0 6.097890678031714 -4.82037161067285 16.102628092097568 0.037406693441852226 0.7008934366957562 0.14312112026082058 0.6977574611696009
1645338219694766.0 8.087059111293206 -4.6761318276176995 16.039200321400962 0.05671302992251345 0.68905258095611 0.18081642690956207 0.6994966709530435
1645338219994766.0 9.095979698852267 -4.625767144918689 16.02147108661702 0.05331999271989209 0.6927303950111344 0.16087045307116377 0.7010009097945213
1645338220161433.0 9.656482584422635 -4.605391284883794 16.02974426056487 0.05364156618559441 0.6911631646732317 0.14803603839051285 0.7053377868182608
1645338220461433.0 10.69964516940852 -4.568451385681949 15.999822061461163 0.054211586790534755 0.6856414942083983 0.13984402435210735 0.7123204995859197
1645338220628099.0 11.289042671138379 -4.541373365889449 16.00280857338234 0.05245339311851241 0.684885404795746 0.1337687647668549 0.7143434338053875
1645338221228099.0 13.586757023420303 -4.4508105097772965 15.951505993568762 0.04485953463544766 0.6810863126801266 0.14213547296033213 0.7168727670642976
1645338221428099.0 14.38450841032176 -4.408416838611458 15.936041701140812 0.04311170946882775 0.6765391365038356 0.14133510202530083 0.7214295296290675
1645338221628099.0 15.19827512492797 -4.386652773151263 15.923605798089762 0.04121494552037367 0.6719756697427441 0.13282332560170637 0.7273980971350187
1645338221728099.0 15.621644213154633 -4.368541726715907 15.909185956460384 0.04013453841275972 0.6698395293302826 0.13132004371683395 0.7296980676219369
1645338221961433.0 16.608469279886297 -4.330508748071512 15.886291858661897 0.027465927414745732 0.6652170710076112 0.14175920942437648 0.7325545698544774
1645338222028099.0 16.89953545803274 -4.313241180865202 15.883309055964833 0.025025103012326133 0.6642775984579178 0.1463841441705903 0.7325849430213862
1645338222061433.0 17.04346360135021 -4.297578478436006 15.862696988300746 0.024083255844803076 0.6628123908815865 0.14917835650925307 0.733379539686612
1645338222228099.0 17.721867522929752 -4.280585206974016 15.843003576865383 0.03555223998256019 0.6696841012582958 0.1658567430802812 0.7230150645241721
1645338222594766.0 19.26726165346296 -4.219535994800728 15.762124690108754 0.06820022277154841 0.6865529399488437 0.1730654833632979 0.7028813048657209
1645338222694766.0 19.69376558665744 -4.213678929932471 15.735932448904956 0.06923529310547667 0.684305275679199 0.17729533851077808 0.7039169885778883
1645338222761433.0 20.001895903232178 -4.202920278661272 15.73489004659283 0.06758643368235566 0.6833251971059195 0.17408767314448667 0.7058273379810358
1645338222828099.0 20.291291909983826 -4.196767549516161 15.724196761994243 0.06678745631528049 0.6851552936984149 0.16753585767392598 0.7057148117968302
1645338223328099.0 22.477657724883798 -4.127334486148154 15.629753515762284 0.0877924710633728 0.6777887547490996 0.12817227910055715 0.7186562132413667
1645338223494766.0 23.205414594814027 -4.113601584059591 15.607371427795599 0.08411588470483529 0.6741359924246163 0.11818254143598318 0.7242223888818494
1645338223861433.0 24.856791571839555 -4.07912240418008 15.57827384220009 0.08375671139202637 0.670458172642074 0.11333857784472907 0.7284401271253376
1645338223928099.0 25.171347500751924 -4.072731414096834 15.573615469523713 0.08504397562341819 0.6702406798349454 0.11437688555547727 0.7283288277661287
1645338224261433.0 26.697174731310774 -4.046821519423189 15.558391174999285 0.07635972447163547 0.6710516037900336 0.1129390990860227 0.7287686172078742
1645338224761433.0 28.919280760305455 -4.023734086797907 15.578922520122346 0.08117687981371038 0.6819592654750264 0.1239793518994342 0.7162199346004474
1645338224961433.0 29.770371967444728 -4.016608353710584 15.588440735245017 0.07950956815025738 0.6851924614817345 0.12334556973565015 0.7134251115062809
1645338225128099.0 30.503456027632406 -4.020526513412332 15.595467291112548 0.08209494092188668 0.6836127599175322 0.12342913354668653 0.7146322579795015
1645338225661433.0 32.95935733648894 -4.030027571103041 15.654574765213955 0.07543880944396662 0.6854461976575111 0.11342214488380499 0.7152677213438995
1645338225728099.0 33.23456402819349 -4.035320840029332 15.66888516931563 0.07508886840236546 0.6827034130541216 0.11406829958903275 0.7178204055856676
1645338226328099.0 35.72072468848259 -4.018063582663662 15.672095467161732 0.07564498821934533 0.6842798495950241 0.13963712928093464 0.7117165133124888
1645338226428099.0 36.14632297187715 -4.0104841032943 15.670169712252358 0.07493630975304635 0.6837676626351302 0.1414484895629252 0.7119260199033698
1645338226961432.0 38.26418944638632 -4.0127180800419335 15.662610498252251 0.07976214271735871 0.6940491569621645 0.12120063896921585 0.7051554250111801
1645338227128099.0 38.93287948194558 -4.018160597595064 15.651553743798907 0.08804361127826786 0.6949075982955719 0.1124770201806655 0.7047699428007976
1645338227461432.0 40.21195972155409 -4.0149932732153175 15.657611961170266 0.07555963754976859 0.6899467584997137 0.10157345501590989 0.7127040373431431
1645338227694766.0 41.08868557637369 -4.021140326388146 15.655565839468203 0.06455075603982052 0.689700684458637 0.09236421892009547 0.7152726870328937
1645338227861433.0 41.72172268125402 -4.008963141482473 15.627642284328557 0.07005938996090902 0.6853244072847067 0.09713789731142473 0.7183219108199931
1645338228094766.0 42.62052097371445 -4.011610434745726 15.597558235420001 0.08072575006326639 0.6775430045579294 0.10608733761636809 0.7233009795713036
1645338228194766.0 43.004832622559185 -4.005993960725849 15.561448199953734 0.08280189842631015 0.674873546000887 0.10434740427459792 0.7258106927748732
1645338228494766.0 44.09865882881648 -4.012035242473966 15.547407614566795 0.08517125461320772 0.6787887185582461 0.0900902207459199 0.7237924323116524
1645338229294766.0 46.8585424896658 -3.7594077981034766 15.359580433594438 0.10047800671848134 0.7421404148969812 0.09237997447343148 0.6561994476214571
1645338229561433.0 47.691555586448324 -3.690471751640923 15.207834723440028 0.10798115936682041 0.7915267106710568 0.13545612087349507 0.5860692577110315
1645338229628099.0 47.892223459753374 -3.6370390459749435 15.138536709125585 0.10901170216876047 0.807911643531751 0.14315067044510074 0.5611622854283888
1645338229728099.0 48.15768417683156 -3.539974169622981 14.98321141600267 0.11145852221412374 0.8305729417222445 0.1523461803595802 0.5239429621958357
1645338230028099.0 48.905708709813936 -3.4305272134665965 14.611707762199298 0.09983250255736556 0.9052518960748693 0.15986468839744875 0.38078308456334314
1645338230161433.0 49.199866764112905 -3.3774713519408266 14.382896331466165 0.09355188000756473 0.9282975147185243 0.15978478370097712 0.32246021896056143
1645338230594766.0 49.85916999523244 -3.0894967244499916 13.401583863727039 0.0831937141409542 0.9668063408603035 0.17260946602193314 0.1690274458168465
1645338230961432.0 50.175646900210744 -2.8532769936010944 12.509418401259703 0.05026034831205912 0.9809441706954185 0.18326807607270626 0.04043814608555761
1645338231628099.0 50.29834263100541 -2.1876740781609234 10.60009638065916 -0.003957256293151959 0.9746552694348887 0.21329928608022788 -0.06734137244740471
1645338232094766.0 50.1647444363783 -1.7145552616270179 9.19139453538849 -0.0016227638892037017 0.971161028420141 0.22963131042336657 -0.06413333601600305
1645338232328099.0 50.08347206918186 -1.4786905508121664 8.466834972595189 0.0069717608893905 0.9680420508759632 0.24069111022734413 -0.07009830057489688
1645338232594766.0 49.99204609729705 -1.1993304784030052 7.613963827897747 0.011615467046012313 0.9669752246323805 0.24853912046157003 -0.05524763771103062
1645338232828099.0 49.88566792178843 -0.9370308538634285 6.8545909467768285 0.016882623828128544 0.9657665983832423 0.2524080099201679 -0.05744607025793317
1645338233361433.0 49.569483990563945 -0.3331708637792923 4.991966599205295 0.06138728323510071 0.9567875270166288 0.26806133004100935 -0.09451112600674288
1645338233494766.0 49.54015069429792 -0.1777971324718103 4.528173708717396 0.044538524064514494 0.9590021499552223 0.2638849457141936 -0.09325197950088411
1645338233694766.0 49.45302067727185 0.028405569527972824 3.8251757543198766 0.02472913830415636 0.9632025207759143 0.25462229185791535 -0.08244308448063364
1645338233894766.0 49.35278907399237 0.24741082146970433 3.1134415889118325 0.027239504119593638 0.9688642490079095 0.23379568202689663 -0.0768092147807572
1645338234028099.0 49.273626481573764 0.36703455201557544 2.6306453099171256 0.02314644588196141 0.9718309818456204 0.2222696829992518 -0.07486636619619437
1645338234561433.0 49.03293423637161 0.9617294875479171 0.7400152641701883 0.012512586509806434 0.9797998726474588 0.19093208063264927 -0.058142801137763066
1645338234694766.0 48.995437325062284 1.0873369711329632 0.2740867162972397 0.009196904973439455 0.9821182222795706 0.1825900191117507 -0.04494551508322228
1645338234994766.0 48.98054120807571 1.3914105580221383 -0.7071228882335197 0.0042385533698084754 0.9842815417469816 0.1762680029159501 -0.01007335046242003
1645338235161433.0 48.96364950404094 1.5269312732973288 -1.248496431268244 -0.003843533666623101 0.9841913532454958 0.17508390218651768 0.026424129898543543
1645338235328099.0 49.03256377465122 1.6904160069535468 -1.7532961250835362 -0.012701378102389636 0.9825247612081873 0.1699283308642373 0.07488745540335001
1645338235428099.0 49.14065019715901 1.7782905640310118 -2.0224359783888084 -0.007897776363798183 0.9799463292707536 0.1708872676776459 0.10217807310255742
1645338235761432.0 49.467486969470265 2.0261839273114166 -2.9101624093928304 0.008480924275086952 0.9620787197898765 0.18960881913304078 0.1959109658949353
1645338236028099.0 49.79948327228394 2.186480169092249 -3.529331915711502 -0.0025573142705546652 0.9399233611511754 0.18217254275243075 0.28870521293027007
1645338236361433.0 50.33017902376108 2.2598183297302143 -4.209197074654078 0.0023602850057075214 0.9013886322802009 0.13976246022322084 0.40982852190040797
1645338236494766.0 50.61173476462845 2.289363682879737 -4.453531216701308 0.01077994715234631 0.8807483872455262 0.12953393395853177 0.4553976625511201
1645338236961432.0 51.711120503733014 2.3656291052065392 -5.156416292353327 0.017639506317070973 0.7941419549976034 0.12822440339872093 0.5937894454286944
1645338237061432.0 51.98551635201581 2.3707047266568386 -5.269685108329081 0.021906139962123664 0.7799253397656356 0.12320005744929172 0.6132359507301482
1645338237328099.0 52.749327324007815 2.365017650350161 -5.553812655898848 0.05134815760773785 0.7462268651770951 0.11536794022196213 0.6536046746827918
1645338237594766.0 53.59313192732129 2.354544497978334 -5.774969941684327 0.05162363392669896 0.7245896560733844 0.11864794017843582 0.6769250305780331
1645338237861433.0 54.470548946890325 2.3254769041201495 -5.977928514420389 0.04695649838996895 0.7207743273875746 0.11350324009752008 0.6821997293500687
1645338238528099.0 56.94376257268828 2.222027707011441 -6.441466275499644 0.0550600348503291 0.7246207247317339 0.12940192382287133 0.6746468260967935
1645338238928099.0 58.470471221096965 2.1374216257241114 -6.697929328080839 0.05826758112121795 0.724495350346546 0.14494256517400791 0.6713441957128222
1645338239261432.0 59.76222045962096 2.040274870059702 -6.888908707976666 0.06830742645257304 0.728860809757475 0.12280871053427081 0.6700850961691461
1645338239661433.0 61.36245538729529 1.9257415125571347 -7.103176682653842 0.06407933747240097 0.7253091186321516 0.122475862777266 0.6744035764845214
1645338240161433.0 63.37432662510668 1.7620679631485232 -7.435526481006553 0.06905985124878383 0.7235054728078538 0.11712951242333157 0.6767948323399434
1645338240761432.0 65.84324013190565 1.6171016790318993 -7.93002959175204 0.06937741934825942 0.7389182850815169 0.1172404380461089 0.6598797021757243
1645338241161433.0 67.43135295084447 1.5210728744547075 -8.28654173518807 0.08006703564023357 0.7532307442705486 0.11778118192239437 0.6421528703310333
1645338241361432.0 68.20916935052948 1.4821995086649442 -8.458759731446618 0.07290937028843118 0.7547604932046075 0.11191832945333845 0.6422578214035668
1645338241661433.0 69.349729712079 1.4123273979747175 -8.72665086538678 0.07896728755637243 0.753524086199718 0.10682130702658192 0.6438593226614038
1645338241961432.0 70.44082933556301 1.3412900984641782 -8.976453538859609 0.08576429396890405 0.7597878114582005 0.09999577191245694 0.6366850187017167
1645338242628099.0 72.63806858220366 1.1887809044739075 -9.433629325533335 0.08144608857449652 0.7055265639459517 0.06131288789556956 0.7013127205465759
1645338242828099.0 73.20392487222513 1.1306074094843794 -9.45047996652665 0.06901698564237939 0.6600662065614635 0.04538310728308085 0.7466522833432785
1645338243094766.0 73.87980825491833 1.0277842815542266 -9.344500170601577 0.05628419923691088 0.5690185092724314 0.008869497690686791 0.8203483144569472
1645338243194766.0 74.08564614573045 0.9749553508019889 -9.253397602831251 0.04912422278583801 0.5302906520948231 0.0017886971447608232 0.8463896476204438
1645338243228099.0 74.1644019032687 0.9656368431576167 -9.255671730532294 0.046859207430064 0.5151753771764753 -0.0009680446528695515 0.855802318482284
1645338243294766.0 74.30527580864882 0.9213917926961126 -9.18819717349462 0.0435193759235637 0.4893475741480779 -0.005853770473452826 0.8709826341356406
1645338243328099.0 74.35833445975041 0.9062187326359646 -9.085386891313785 0.042555826945371016 0.4803660876776124 -0.009756086885754058 0.8759807316208374
1645338243428099.0 74.55637580646972 0.8388715066565678 -9.051011254469666 0.04042732958433254 0.4363723741632077 -0.014282858793269725 0.8987440025026796
1645338243528099.0 74.72549795559833 0.7615704569563894 -8.896228362621331 0.043385809454846595 0.4001573619140531 -0.010858985415764376 0.9153544885341817
1645338243561432.0 74.79711844391409 0.7377427162246689 -8.902568769838837 0.04313103476471788 0.387102883519701 -0.009942091033583764 0.9209735209205189
1645338243628099.0 74.92384250820687 0.6627322421931662 -8.843634282211752 0.04100825685800239 0.36154576870396604 -0.008511063288381165 0.931413196064683
1645338243894766.0 75.35916017209686 0.4996171280607911 -8.39431811475309 0.036309048280565095 0.2632406666558209 -0.038165420621612885 0.9632909244357771
1645338244228099.0 75.7548982538913 0.29592305324694 -7.694532413403132 0.044150100575906605 0.15519694490095262 -0.06315472748177077 0.9848736758129193
1645338244794766.0 76.20862622713521 -0.24072953299341582 -6.021860210691569 0.054538165249788995 0.030328476531750217 -0.07053240904309158 0.9955555993097662
1645338245394766.0 76.56298099707607 -0.9219670557359886 -4.003257372977105 0.06337388727399895 0.061774508852959646 -0.04441034991321149 0.9950856150544757
1645338245928099.0 76.86337659766234 -1.5456575731761595 -2.122006532073716 0.07988770796143593 0.0561300195591911 -0.028465989322694705 0.9948150895884287
1645338245994766.0 76.89947913307526 -1.626465616329466 -1.879624931353115 0.08323456897530764 0.05341334433596652 -0.030067424918840412 0.9946431375790477
1645338246194766.0 77.01298247961029 -1.8746266887340046 -1.1458431998704686 0.08207630427505931 0.04811589113348611 -0.025013647394668923 0.9951495660155782
1645338246361432.0 77.11678334886182 -2.05630159554619 -0.565186682921668 0.08334192596507595 0.050216358233585695 -0.021238257434678196 0.9950283298295212
1645338246761432.0 77.35084583511647 -2.5789999692020444 0.9315432252719201 0.08810093300780904 0.06527168152749825 -0.014682708777376728 0.9938622898856184
1645338247294766.0 77.62634264490949 -3.2570600414591864 2.932353577329265 0.07380191443836949 0.0661790995327286 -0.019976281433775455 0.9948741389695218
1645338247394766.0 77.65875431146569 -3.37798126348368 3.2969174467055047 0.08371273500053077 0.06601974350314084 -0.021247018671458347 0.994073506167469
1645338247861432.0 77.85991899376636 -3.9501670686451886 4.943936584756414 0.10248397402908807 0.05093934837372599 -0.03832051643953939 0.9926901610645047
1645338248028099.0 77.92819806530909 -4.134248938089989 5.522689983468501 0.10749136125605153 0.04253538755762984 -0.04951824156005792 0.9920606291015902
1645338248328099.0 78.02682832194328 -4.50069607693792 6.556149097436727 0.1103542881061103 0.017543978717158355 -0.06482562100754821 0.9916207837517077
1645338248794766.0 78.01665662146166 -4.9867898046509715 8.086608300357845 0.12045050058125531 -0.04622138482958053 -0.10620148082777323 0.985939402785054
1645338248994766.0 77.93990384612282 -5.189171612260602 8.676919315110773 0.12330648292153956 -0.09319686519109123 -0.1252902710936604 0.9800062262849919
1645338249161432.0 77.81953659138601 -5.348802290118377 9.14501408150869 0.11623528961891338 -0.12847824535875776 -0.13073682392983813 0.9761611448861712
1645338249428099.0 77.57993241734316 -5.5354404157745245 9.884217528242289 0.10112830719656801 -0.18972237861182206 -0.1423468023785396 0.9661862513977489
1645338249761432.0 77.16358516819597 -5.767379401540244 10.693038087889333 0.10553385610154156 -0.27797957052353806 -0.16402151244655783 0.940577964361611
1645338250761432.0 75.68235592856759 -6.222098100066457 12.424924888098241 0.12597913289746338 -0.39130420653650166 -0.17440415038546436 0.8947588883881324
1645338251261432.0 75.11491209663592 -6.321565052129742 12.972139061838483 0.09045922284632292 -0.3815565122499871 -0.155056781258489 0.9067464648662392
1645338251694766.0 74.83544073578071 -6.39219114060659 13.30945661009151 0.07746528379945462 -0.3831898492501336 -0.154822115085161 0.9073008221742594
1645338252928099.0 74.44043046212413 -6.415735592641495 13.590718150632847 0.04068217485224341 -0.3928356748645738 -0.16961118345686965 0.9029159095117033
