#timestamp tx ty tz qx qy qz  qw
1645338209694766.0 0.0 0.0 0.0 0.0 0.0 0.0 1.0
1645338209728099.0 -0.00033277218947526475 -0.0008520981582356657 0.003367178109335909 -0.00016375606404580515 -0.00011035657387084346 0.00016181913512202666 0.9999999674099722
1645338209761433.0 0.011390519794192625 0.0019729061131065913 0.007136386208375216 -0.0003473043279824011 -0.0010463540962739781 0.00046510981187399637 0.9999992840975798
1645338209794766.0 0.014425658403581254 -0.0025216430048493224 0.004659011650994584 -0.0009259267601887 -0.0015221663221320178 0.0005700760678599793 0.999998250339769
1645338209828099.0 0.006358132580280254 -0.01304108432561017 0.0017062995704351784 -0.001607541675989863 -0.0013806147555959494 0.0007485246966138008 0.999997474708529
1645338209861433.0 0.0019256841263079706 -0.001377708901997981 0.009924887310358435 -0.0011361405026476114 -0.0012327878493913417 0.0013452823412869075 0.999997689814481
1645338209894766.0 -0.0009388290667476926 -0.008980325262137092 0.008019754294563005 -0.001433167923617068 -0.0008783684158162455 0.0011776955798610948 0.9999978937636569
1645338209928099.0 0.0010702066591708628 -0.008805852302217296 0.011820780695170913 -0.001114384103164535 -0.000932981809741943 0.0012328465909599423 0.9999981838894991
1645338209961433.0 0.003978855940054566 -0.0020353069356897537 0.01618696192205752 6.230368848689819e-05 -0.0010311987441020806 0.001230999254365769 0.9999987086932844
1645338209994766.0 0.007170475015448064 -0.002239466890159212 0.022361439711134853 0.0013668361335643939 -0.0008444284475978338 0.000437183673857244 0.9999986137840473
1645338210028099.0 0.0020731083262481623 -0.008480739496488095 0.021022402921778677 0.002308315715307559 -0.00022239002490126238 -9.056259043663302e-05 0.9999973070062002
1645338210061433.0 0.0032742323641705645 -0.004036213132246753 0.02404223091827717 0.0033999686804340803 0.00013131808942832437 -0.0010745494599300265 0.9999936341357326
1645338210094766.0 0.0035241290979309992 -0.004580268941744018 0.028196766267297554 0.00422587135692627 0.0005479744010656669 -0.0014293319076231902 0.9999898993218023
1645338210128099.0 0.005886324897188199 -0.004234272040458647 0.0362139179888248 0.004844012851888046 0.0010506520630598076 -0.0022904595569459025 0.9999850926212607
1645338210161433.0 0.0034390060823704946 -0.0038585299953838013 0.03747582498628598 0.005741829166669318 0.0019277669822542808 -0.0031438440784722086 0.9999767154072604
1645338210194766.0 0.0011136502950333572 0.0006924279692871642 0.05054917592763606 0.006947885076777026 0.002495219147828079 -0.004166915522430633 0.9999640681491476
1645338210228099.0 0.0033341835210992966 0.0013885954851685102 0.058015149280026934 0.0083324128902764 0.0030343872804375707 -0.004593768230971326 0.9999501290977958
1645338210261433.0 0.003683065640495804 -0.0064055225886227715 0.05846429467813683 0.010588505419453718 0.004154366736707268 -0.005331946421431912 0.9999210944556365
1645338210294766.0 0.00574283211954132 0.001424003554701673 0.07605140425057394 0.014345960690896588 0.005397167774892761 -0.005852454623672252 0.9998653973244311
1645338210328099.0 0.00356391180744245 0.008645750938015423 0.09085096492504909 0.018897042963948268 0.0065865298466157894 -0.006294861635102473 0.9997799228374178
1645338210361433.0 0.003118696574988524 0.004689237986229173 0.10133907445304766 0.023060449668110376 0.007177494765996744 -0.006327747085696936 0.9996882808389864
1645338210394766.0 0.002658086355001086 -0.004210148171139361 0.10552221681082073 0.02659226847472824 0.0073726438213984275 -0.0057886964140592976 0.9996024141498842
1645338210428099.0 0.004451338630485135 -0.004089860966079044 0.12376476691656046 0.03128197890090417 0.0071935977203279764 -0.004980731335876575 0.9994723018989777
1645338210461433.0 0.01728808279103664 -0.004179207155885245 0.13721547784370675 0.03602351658299639 0.0061998947585681944 -0.0039749022539844634 0.9993238052353445
1645338210494766.0 0.007016092295866886 -0.006875906310241617 0.14368239513521305 0.04046910891176731 0.00631991180700466 -0.003742677896583138 0.9991537931173567
1645338210528099.0 0.014788336761266055 -0.01835201172472965 0.16369084499235148 0.043632305303351354 0.005253200493738395 -0.0030846592869395763 0.9990290840088547
1645338210561433.0 0.007135355995278381 -0.026143373143214025 0.17431102954796562 0.04670567609042758 0.005460939027914699 -0.002761821400811599 0.9988899490476514
1645338210594766.0 0.009214199554843391 -0.02438575364899085 0.20072918496003375 0.04976079764477576 0.005281781119098011 -0.0022298735839930504 0.9987447088569557
1645338210628099.0 0.01238088174529121 -0.03209661352227737 0.21661862108109056 0.05137970164005304 0.005305776896621603 -0.002196250289050322 0.9986626815274365
1645338210661433.0 0.00737590924199571 -0.031304483223628346 0.2420035527243357 0.05328529265800124 0.005888647129239927 -0.0026465532811081947 0.9985584595691275
1645338210694766.0 0.017666616538907737 -0.03112351389661214 0.266817684745582 0.05447774493817553 0.00582396691887028 -0.002211279698186969 0.9984955517967395
1645338210728099.0 0.014328513513755501 -0.046642331872349556 0.27009684471063466 0.053845221199059254 0.006394584721851525 -0.002206839475509129 0.9985263798717533
1645338210761433.0 0.02715119285689059 -0.050138727098511034 0.30992811552088567 0.05359920842704675 0.005670524592392988 -0.0022986711759395385 0.9985437827745292
1645338210794766.0 0.019127429810040633 -0.06155735997515667 0.33530920067032377 0.052756874741658064 0.006054796001819086 -0.002292819377715029 0.9985863981610056
1645338210828099.0 0.021419457031327388 -0.06512342563436524 0.35196313476824553 0.0524013131088286 0.0056958044030296405 -0.002254995626404486 0.9986073178138631
1645338210861433.0 0.027805490713451703 -0.07554986419964743 0.4022885608147179 0.05255520608474344 0.0047265177938232645 -0.0025747864673038483 0.9986035153240662
1645338210894766.0 0.03171575761092467 -0.08294901908312843 0.4272080001204241 0.052018564663946956 0.0038660926425405154 -0.0027927427754946862 0.9986347294410365
1645338210928099.0 0.03306013510345538 -0.09174404423035679 0.46012638331963757 0.052074235977429634 0.003436396047744825 -0.0032150034902754723 0.9986321289053981
1645338210961433.0 0.03223385576792676 -0.10486256157634805 0.4783252233892414 0.05171475307615068 0.0034071835462001136 -0.003515280690487185 0.9986498977200281
1645338210994766.0 0.032746505155939756 -0.11825735199898804 0.5215325827238769 0.05177487744541668 0.003498351094192228 -0.005341901550437914 0.9986383668240266
1645338211028099.0 0.03527277386065755 -0.12756661222291113 0.541341085556719 0.053728226166368104 0.004103204861275345 -0.004109038256843649 0.9985387109308711
1645338211061433.0 0.04420278311506533 -0.13089996222423264 0.5835258827484977 0.05230046186234713 0.002245794526295628 -0.006479772290298058 0.9986078462775049
1645338211094766.0 0.046300357723530604 -0.15560663494991311 0.6318393846434979 0.05161863513192103 0.001446876495145398 -0.00878866208006321 0.9986271488770811
1645338211128099.0 0.05061452279052286 -0.1605477496757669 0.6774100892112105 0.05107530945889463 5.1066836720256e-05 -0.010044814739704137 0.9986442869474101
1645338211161433.0 0.05548711087094786 -0.16331979989694342 0.7011375433279861 0.050637978630796554 -0.001332607744402112 -0.010625596903060112 0.9986596597275973
1645338211194766.0 0.05729529448152572 -0.1839555183700476 0.7620720724768667 0.049118928851496046 -0.0026197020129901743 -0.012839652191978858 0.9987069696970348
1645338211228099.0 0.0596525058361684 -0.20377594772996574 0.8081038006538063 0.0472879892529036 -0.004273008692419412 -0.013425115028749494 0.9987819350366708
1645338211261433.0 0.060202272060717835 -0.21616611048086862 0.8039576605706579 0.04710589659966331 -0.005112301409148076 -0.012730928310599198 0.9987956859859749
1645338211294766.0 0.06005880473588016 -0.2368724791671274 0.8655224878369698 0.04594130466345592 -0.006780094110714224 -0.014443806364584496 0.9988167015560823
1645338211328099.0 0.07473377006573484 -0.23489956637937084 0.9202575100306785 0.046007984858914705 -0.00936575509295559 -0.014191051487847483 0.9987963566305346
1645338211361433.0 0.07639748136856775 -0.24563858615819958 0.974615258730514 0.044948644365025596 -0.011349676879102408 -0.016601136907069217 0.9987868673835671
1645338211394766.0 0.07583128270011306 -0.2829192342689782 1.0401885737839907 0.044061467830867056 -0.012852105720170306 -0.018349836117983652 0.9987775998417217
1645338211494766.0 0.09284847845615267 -0.33098275928034426 1.2154475224498378 0.04873482045833459 -0.017817725113446183 -0.01868065735630503 0.9984780813755563
1645338211561433.0 0.1040939888488622 -0.36516396143903657 1.3273206381673934 0.05407445126390614 -0.020247361798956216 -0.01999445626098468 0.9981313639894887
1645338211594766.0 0.10487444646014056 -0.378243023931782 1.3874701824221605 0.05751935332909836 -0.021342078265519485 -0.020058434399109745 0.997914675158837
1645338211861433.0 0.17852530387502435 -0.5490794697712634 1.8828191476070617 0.07798964593005547 -0.04015948632880746 0.012264000096777227 0.9960694880815982
1645338211928099.0 0.20667591848510908 -0.5974171570309256 2.016956334719976 0.07760071301206271 -0.037581833617319246 0.0213539408609887 0.9960470592957368
1645338211961433.0 0.21156120625052777 -0.6148973072716583 2.0909049857624478 0.07683535367439608 -0.034801110518541685 0.02398407688675806 0.9961475669740386
1645338211994766.0 0.2193428570436378 -0.6451057322378084 2.1631553671268633 0.07500761910008641 -0.03206252861888965 0.025292694077945068 0.9963463910517159
1645338212028099.0 0.22924686840833297 -0.6635729367116326 2.239757665942828 0.07350434436748597 -0.02992662410002162 0.026007404042097344 0.996506459318791
1645338212061433.0 0.23800400829740148 -0.6958013543602907 2.3013013582167874 0.07155218946975288 -0.0281112617895547 0.024428029218677 0.9967413468554293
1645338212094766.0 0.242247319257669 -0.7124721161925615 2.38080606087354 0.0700670156026264 -0.027237734345690448 0.02262279488380245 0.996913701532836
1645338212161433.0 0.252008371701236 -0.7536708930109571 2.531451076705677 0.06834298470008725 -0.027145714759773905 0.018580341040427047 0.9971194098698942
1645338212228099.0 0.2619365083369213 -0.7984414278862465 2.680157898284967 0.06890858422977783 -0.029077469229830448 0.012389924577742897 0.9971221577979269
1645338212261433.0 0.26584515054669505 -0.8250532554522432 2.746729291050928 0.06951979075838803 -0.02983011608425143 0.009719280528716956 0.9970871067531232
1645338212328099.0 0.2706296620476888 -0.8701525605019408 2.898500599952263 0.0707076649182283 -0.031132606051834922 0.003313985477850811 0.9970056190726737
1645338212394766.0 0.2950180511388392 -0.9177559092497897 3.057033553092295 0.07078134427372916 -0.03295551454434995 -0.0012237196133256351 0.9969465571805888
1645338212428099.0 0.291593451385408 -0.9427105913332272 3.131819103164347 0.07109639956619099 -0.03255714192382439 -0.0038673263843280645 0.9969304781503642
1645338212461433.0 0.30686324713086527 -0.9612757568394205 3.2062417378901893 0.07175611205525534 -0.033462943225831966 -0.00398697347594811 0.9968527453219359
1645338212528099.0 0.3260389917394414 -1.008801832139256 3.3635033012144704 0.0721478412285534 -0.03453691483844676 -0.003969970308935914 0.9967879061541867
1645338212594766.0 0.3414294659623074 -1.0601576936178492 3.5197482931258195 0.07151014515210895 -0.03469966698443626 -0.0009298319662966059 0.9968356773631288
1645338212661433.0 0.3370090286360295 -1.1238939986663865 3.7047694183288127 0.0699792857825494 -0.031924730623132 0.0007339968174158063 0.997037197091802
1645338212794766.0 0.36910374593534445 -1.2213981177467237 4.028917150351554 0.06613646894197374 -0.027250928753462387 0.004398964561153353 0.9974286959320705
1645338212928099.0 0.4104995812399837 -1.316798036105959 4.350442847543677 0.06416638385712185 -0.0118474225633888 0.007360666152911327 0.9978417381303962
1645338212994766.0 0.4275632350746847 -1.367538547150402 4.50885769795009 0.06429920916385881 -0.006252109055080261 0.013227371759839452 0.9978234109648825
1645338213094766.0 0.45020561881375115 -1.4486589321341248 4.758428236299824 0.06971271956108618 -0.004180326344419358 0.02257464785757167 0.9973028862272274
1645338213128099.0 0.4461803664284225 -1.4762868041301125 4.86726974284652 0.07340357881656666 -0.0035474203924297718 0.02566310538778099 0.9969657644309232
1645338213161433.0 0.4387189837270804 -1.5109168527237797 4.9552408435342405 0.07687585407583498 -0.002643132959430108 0.02756862642907609 0.996655952545854
1645338213261433.0 0.47708897903390834 -1.5888636307472959 5.1931123561587675 0.08721125402385027 -0.0024484570452259855 0.03024475760006544 0.9957276017402543
1645338213294766.0 0.4845718435254532 -1.6137052794131201 5.277219468523221 0.0895076433845817 -0.0023124587584042637 0.03026269215292661 0.9955235827311609
1645338213561433.0 0.5187361317500722 -1.82613222944705 5.979997021146214 0.09899743407965074 -0.008532108865612509 0.02025869968923693 0.9948448603932434
1645338213928099.0 0.5669765263214175 -2.156053325865918 7.001314953036893 0.1123849541733557 -0.017419759877872743 0.02154269834504818 0.9932784535009628
1645338214028099.0 0.5839260097465154 -2.2290506075761862 7.272019487486244 0.11741004090314804 -0.020250100166990706 0.01695912075709569 0.992732191460262
1645338214261433.0 0.5990534433925305 -2.4420718747327235 7.914783177984377 0.1261885586028642 -0.018164823761680333 0.006643852310688058 0.9918176980080122
1645338214428099.0 0.6095408691981258 -2.575277587974788 8.389765698945395 0.12409774914701603 -0.01676051727425744 -0.00033382493525540994 0.9921283799379272
1645338214661433.0 0.6574083639831536 -2.8199613886563055 9.024141938413784 0.12646963266183092 -0.01216499821540345 0.00911029403986648 0.9918540453994771
1645338214828099.0 0.6498976704912056 -2.9761273192892443 9.50990866042711 0.12715264220778508 -0.011623404879394103 0.0024611345405886787 0.9918120007619194
1645338215061433.0 0.6595882352060364 -3.172034336873836 10.196930849374652 0.12467223372156394 -0.021954455369153122 -0.005413956957460873 0.991940283030376
1645338215461433.0 0.7143519490779563 -3.5355933819829017 11.340570557486735 0.12563533949025527 -0.012982394095911386 3.796920947605307e-05 0.9919915410289777
1645338215761433.0 0.7821762362824997 -3.7857144176756843 12.16897658092338 0.11951321253211747 0.009967885056940993 0.005960018716083863 0.9927646808154733
1645338215861433.0 0.8112898856726694 -3.8736873561094383 12.435021911867349 0.11866086859434774 0.016339378986716516 0.010353331352074944 0.9927464084491454
1645338215928099.0 0.876684870483139 -3.987289758869621 12.62177851091346 0.11512400549642941 0.021194029508735692 0.015631080155288548 0.9930019868080929
1645338215961433.0 0.8204359398330252 -4.0170562112718935 12.72178701518535 0.11540474031367115 0.030890021860902978 0.01673028087107054 0.9926971593414288
1645338215994766.0 0.9554871471349058 -4.022382941587514 12.77716780735557 0.11683389032524315 0.02444318146490347 0.01781107330495462 0.992690857527694
1645338216294766.0 0.9259322722640803 -4.253649766676536 13.615303848809734 0.10816759186059567 0.08178000614413548 0.04491099303860325 0.9897448183094627
1645338216361433.0 0.9590536071461558 -4.317545853493994 13.780120716764934 0.10464998817531476 0.09367839204186906 0.05033377235944373 0.9888069832881563
1645338216461433.0 1.0513959479150976 -4.415485747371747 14.033370966669631 0.10166434976244342 0.11192078795192079 0.05425931902567841 0.9870126764689855
1645338216561433.0 1.0645931861153424 -4.482331483406464 14.282788720938251 0.10352030769386561 0.13869737337255006 0.059883222290491374 0.9830872719156882
1645338216628099.0 1.0934458693079356 -4.524357095937121 14.453863716437992 0.10637335312916801 0.16069775026810468 0.06677374734658653 0.9789801884962338
1645338216794766.0 1.2993861872362928 -4.6121030376257535 14.803718215499414 0.10834673437271823 0.21115128132967878 0.08652406238864029 0.9675689681730026
1645338216828099.0 1.311772693010368 -4.652165644901284 14.892831586610829 0.10631450611665588 0.2280545917337719 0.09173573386110324 0.9634691920924503
1645338216861433.0 1.342233405949916 -4.639753681020904 14.96400015118156 0.11023302276821192 0.24217633314214987 0.09704413700868618 0.9590525219347711
1645338216894766.0 1.3413635596133249 -4.663305950643995 15.090439734856423 0.1120851841867463 0.26384082679764675 0.10367950492873129 0.952405108059743
1645338216961433.0 1.3862036427923783 -4.695875252296408 15.284441490331508 0.11172119008153955 0.30241287603585143 0.1141974106487967 0.9396934497460325
1645338217028099.0 1.4771276071448873 -4.7222500794194495 15.412548166944095 0.11045289896716523 0.33448278255607145 0.12455113339823759 0.9275820397423138
1645338217061433.0 1.5342408904057745 -4.745007040554945 15.456189799730994 0.1079267055843987 0.34886932673796217 0.12881375325026145 0.9219810388813211
1645338217094766.0 1.6102794988950195 -4.75291870769132 15.482309628624657 0.10567515315065737 0.3614995071674626 0.13284312354222136 0.9167898193434595
1645338217128099.0 1.6712943590560039 -4.742824508877056 15.506079043206867 0.10726449740377535 0.37562703464452024 0.13620771494851242 0.9104098620013872
1645338217161433.0 1.6755100171394623 -4.785211140197187 15.602468506498713 0.10373732463175461 0.396735827378289 0.14003315217780749 0.9012380190847796
1645338217228099.0 1.7736462283234833 -4.811981303704236 15.70994231874009 0.09975529459623819 0.429360225099872 0.14539709992372662 0.8857529913220585
1645338217628099.0 2.474103240498938 -4.901733785646359 16.11662817731288 0.0971462921988919 0.5691500560898033 0.15259927800866027 0.8020874465519435
1645338217661433.0 2.572173046531949 -4.885225275055636 16.12851270350725 0.1013521921302112 0.5785470677926948 0.15414130033242054 0.7945133623990892
1645338217728099.0 2.6980558789589026 -4.890016162572538 16.16867284139595 0.10784493168984 0.5961283461271154 0.15830045133237375 0.779705991230368
1645338217961433.0 3.1786216388785857 -4.91899234513687 16.283805681156906 0.09711211022627489 0.6476718969352486 0.16397157218708291 0.7377016168358267
1645338218028099.0 3.3415896416090933 -4.920010583691591 16.306636631542993 0.08831157403951047 0.662279621493015 0.1625814094676894 0.7260537543055833
1645338218261433.0 3.9155377276091667 -4.8770599755340225 16.33021549439754 0.06654771517422978 0.7065510601491332 0.15641299538740733 0.6869439394020189
1645338218528099.0 4.616079083297848 -4.864996303341521 16.316829823090167 0.05704154377264682 0.7378777324166395 0.15507756449515744 0.6543956473556053
1645338218728099.0 5.173261976433873 -4.820270336282693 16.29576453573305 0.0522227494997501 0.7400556990993156 0.15120199667460232 0.6532444434259836
1645338218994766.0 5.939336682339003 -4.7670554087171295 16.253051330105308 0.042916946993637545 0.7317197177828242 0.15317549809364858 0.6627832655192286
1645338219061433.0 6.136040507854265 -4.753545954629619 16.24006995587031 0.037907352247410576 0.7258569293638516 0.1519855985558753 0.6697724453660987
1645338219128099.0 6.339310323910212 -4.736738992607702 16.22398118849197 0.033603472950314364 0.7204924782677887 0.15261563154323274 0.6756255356141283
1645338219494766.0 7.493046070751534 -4.645897901968118 16.11311637509898 0.046673106157627625 0.7113647756738273 0.1733547990753793 0.6795070939509452
1645338219528099.0 7.598254978418299 -4.631155642502583 16.09725564406855 0.049528238227579534 0.711648889093641 0.17713704834190883 0.67803044059583
1645338219594766.0 7.817532896666639 -4.615360425182403 16.075543152343165 0.053627838577051515 0.7129427072687903 0.18460357742616237 0.674357672369244
1645338219694766.0 8.146026908630786 -4.592417539177431 16.03692211350621 0.05575179826509332 0.7144465139924544 0.1905820094887454 0.6709220620112814
1645338219761433.0 8.366786331289621 -4.5723376711493025 16.02058412065108 0.05552542546627137 0.714659236198216 0.19118582593828531 0.6705423798714497
1645338219928099.0 8.92491444067337 -4.537547261484711 15.970489012742146 0.05133499914469952 0.7180376277104812 0.17874978777294245 0.670697544669612
1645338219961433.0 9.04706394207244 -4.529673657591718 15.964347501374428 0.05088136526396386 0.7185330175315292 0.1750033626779205 0.6711894013148082
1645338220061433.0 9.4205478601164 -4.512878099335306 15.954084359881243 0.05032587120206552 0.7181089366864429 0.16549196752732154 0.6740914406983338
1645338220161433.0 9.772666036831426 -4.483035976657261 15.924221216543032 0.04957427709203488 0.7173079620933657 0.15904834015809102 0.6765466015443586
1645338220294766.0 10.23065472377272 -4.454472587082594 15.879359674787755 0.05017519078732948 0.7143504420475585 0.15747501942567885 0.6799908193739052
1645338220394766.0 10.589670743975075 -4.4346047723574955 15.852809954879588 0.05038161020225523 0.713785242832288 0.1548712397657697 0.6811660734077215
1645338220461433.0 10.829851239870079 -4.421695524204353 15.833818152895324 0.049495691117948694 0.7127128809557032 0.15170732511268892 0.6830632572373743
1645338220494766.0 10.948589675979408 -4.4122597445017355 15.8265563703433 0.04914881385754538 0.7120131859103334 0.15031086337865185 0.6841259105870627
1645338220561433.0 11.191069117147867 -4.392785011818215 15.808524721382542 0.04838365014353189 0.7112655832071467 0.14756805871392004 0.6855537619991525
1645338220628099.0 11.424566860567237 -4.374747217330729 15.781704377715437 0.04684528314687504 0.7118125899231905 0.14593801793339362 0.6854417927113879
1645338220694766.0 11.669643343664822 -4.353426460981406 15.769838138997793 0.04392354103722045 0.7134989840017983 0.14336855057569503 0.6844233931397857
1645338220728099.0 11.791222125083223 -4.353216782935998 15.754876030033092 0.043080711691469584 0.7137052488217437 0.1434970038343794 0.684234959626447
1645338220761433.0 11.91916699674598 -4.346461541514965 15.753169338311997 0.04231403245553643 0.714171511716557 0.1437504206052341 0.6837429276311805
1645338220794766.0 12.042876602235697 -4.333736173063365 15.735395187501322 0.042085524212267904 0.7138609420234474 0.14447007644824328 0.6839296463205945
1645338220828099.0 12.160730271532445 -4.331773832053287 15.71886246319075 0.04166084295094657 0.7138049614685172 0.14538184552948374 0.683820861145656
1645338220928099.0 12.530784244811251 -4.311870902905367 15.680907298753123 0.04082414128723854 0.7156444716399908 0.14484248031466776 0.6820608738196123
1645338220961433.0 12.656399038370285 -4.307784979205075 15.671400866270641 0.04058712118411261 0.715182691987576 0.14506608807120436 0.6825117088864542
1645338220994766.0 12.783853079853936 -4.293080567510519 15.657945812804623 0.04083910913390024 0.7140048639848992 0.14568194547021796 0.6835978292351926
1645338221028099.0 12.909810018976879 -4.279210222099462 15.655117429942074 0.04120105241850777 0.7131542466440605 0.14674323392668556 0.684236740514486
1645338221094766.0 13.162233248252752 -4.254077432879237 15.619377802107387 0.04201416740958273 0.7114715290319662 0.14946285387331465 0.6853494936350649
1645338221128099.0 13.290067127263281 -4.2449807016083 15.601336787976207 0.04187790588055958 0.711078364164243 0.15092686863741925 0.6854450243016331
1645338221161433.0 13.418605222776211 -4.234270795164136 15.588403685000532 0.04151699013939013 0.7106480374225372 0.15246297090407715 0.6855732994657568
1645338221194766.0 13.54923546736447 -4.227432244170127 15.573492125925315 0.04050164193890108 0.7097158449884644 0.15448658895244657 0.6861464349586031
1645338221228099.0 13.680477277578381 -4.220422133390219 15.562051441402797 0.039315929253334714 0.7085696907531853 0.15656182126443288 0.6869291427616431
1645338221261433.0 13.810065749620884 -4.205490135764849 15.54716532512653 0.038389347813647 0.7069877883928627 0.15812241333303284 0.6882527351486146
1645338221294766.0 13.940505544870131 -4.192990003933545 15.532722029959693 0.03700954391280119 0.7055051663034677 0.1587865356295236 0.689695287849103
1645338221328099.0 14.07477146967222 -4.182719846006785 15.52492037646043 0.036627204317572076 0.7046299936491511 0.15961532260447936 0.690418690899764
1645338221361433.0 14.205454831823022 -4.1775223833265365 15.51263224270035 0.03633342486498347 0.704129241250703 0.15979210704372734 0.6909040283424436
1645338221394766.0 14.339027153164228 -4.166055112224507 15.493141744482584 0.03649871499426768 0.7037489972402523 0.15855316779272266 0.6915678460353686
1645338221428099.0 14.471639385862213 -4.160831328156207 15.483446170678585 0.036617196104145 0.7040503313443183 0.1568704345671307 0.6916386185300427
1645338221461433.0 14.605076479594858 -4.141591021108659 15.463354142597629 0.037098593059414355 0.7037974779231569 0.15443390330377282 0.69241820742408
1645338221494766.0 14.742762306129626 -4.147295419283862 15.45646755702199 0.03659137720603667 0.7038470788382246 0.15339805402718718 0.6926250051403976
1645338221528099.0 14.876166377767886 -4.129827926465191 15.439761467341414 0.035995438515334356 0.7028508207213235 0.1514694797437308 0.6940908074046321
1645338221561433.0 15.01105564748884 -4.128610860456508 15.436056970686144 0.03512667162958697 0.7021459111671119 0.15064053565295718 0.6950285356657837
1645338221594766.0 15.147698040157126 -4.1038239185933305 15.417679065610212 0.03511789045541666 0.7006779845856246 0.14937647977746407 0.6967810007285513
1645338221628099.0 15.282800261482612 -4.101995267140725 15.416144256194832 0.034252623938010915 0.7000944829624937 0.1482821165972315 0.6976438106772572
1645338221694766.0 15.551570580165212 -4.083410129459312 15.38833998052247 0.03392460042198903 0.6986255759397556 0.14746669070281332 0.6993032255482696
1645338221728099.0 15.695110307976856 -4.063451553017378 15.36624182835382 0.033793158066988196 0.6978239627026721 0.1475363587529354 0.7000948238572575
1645338221761433.0 15.82975989337812 -4.064080238743129 15.354602799155598 0.032784682615326854 0.6972183008876346 0.1483752379949336 0.7005687648212121
1645338221794766.0 15.965710661636317 -4.037086305800197 15.337011822961196 0.03170985352258622 0.696428515884624 0.1486851551687837 0.7013376733676517
1645338221828099.0 16.092910077547028 -4.047565598115288 15.330194068168502 0.029331585438381973 0.6966031427776567 0.15019155747522714 0.7009466567657826
1645338221861433.0 16.243835038792145 -4.015668895891238 15.314437586756071 0.027334797560472888 0.6959578844001473 0.15062049003379008 0.7015760115380087
1645338221894766.0 16.378967274044253 -4.019099411903234 15.300790966966925 0.02519495420180988 0.6951902574430089 0.1530150806210162 0.7018989281525052
1645338221928099.0 16.529730538441562 -3.9952952552633674 15.284024293221131 0.02266400644762837 0.693827782145063 0.1550064627326554 0.702895687884422
1645338221961433.0 16.669389952385796 -3.997766508201913 15.279715621344964 0.020964512181716702 0.6932529256068811 0.15898350530729027 0.7026272948062078
1645338221994766.0 16.797593367773043 -3.9780271346669123 15.25654988400381 0.018579694568710583 0.6922834097874315 0.16085123641729882 0.7032249677207477
1645338222028099.0 16.942819126569606 -3.9833261989579523 15.242058586824662 0.016587934752135453 0.6917802935973625 0.16364354312069831 0.7031256335861394
1645338222061433.0 17.0937898049329 -3.946252130102067 15.224763856782332 0.017040996444761137 0.6907804879436108 0.16640530783200125 0.7034494974352412
1645338222094766.0 17.23460684174946 -3.947331602942554 15.21328071374594 0.01765741468379113 0.6901215015398158 0.17277455046631948 0.702545004629793
1645338222128099.0 17.365171121667252 -3.9289072500584736 15.185044934175307 0.0182897403679087 0.6894105953809012 0.1776148658766519 0.7020195693806865
1645338222161433.0 17.505601434296114 -3.931643303852717 15.172017708548946 0.020672169650163028 0.6905176969156971 0.18251035883097202 0.699605560703734
1645338222194766.0 17.631776103201556 -3.9086632286864615 15.145712580386848 0.024035455224065302 0.6928164467380541 0.18325302040704072 0.6970265407666523
1645338222228099.0 17.795236856550495 -3.901832505224191 15.127506100964276 0.02951526767128944 0.6964275316806271 0.18366685537596594 0.6930974161889693
1645338222261433.0 17.93573973504034 -3.8815557335071325 15.103232195411966 0.03509033917919711 0.6994996680024733 0.18203983618794853 0.6901669222741578
1645338222294766.0 18.075644096633102 -3.887239335045661 15.084360979655203 0.039088172062389355 0.7017269837294323 0.18147513235241824 0.68783583175674
1645338222328099.0 18.224378811977928 -3.8647456760361627 15.066323797593649 0.043372430602582064 0.7027794593674378 0.18160649310428734 0.6864684591568635
1645338222361433.0 18.379961991586267 -3.850263844542883 15.052438215741795 0.04675049352933308 0.7039303886138988 0.18271418468354145 0.6847714407421487
1645338222394766.0 18.52770363539119 -3.8367859677807115 15.035316481048097 0.04925575736131498 0.7052132978611446 0.1830043131836619 0.6831965282718787
1645338222428099.0 18.66208201580693 -3.827155253585646 15.012915222341581 0.05230377047131554 0.7066962878676737 0.18291798954839994 0.6814584957340436
1645338222461433.0 18.802092692718517 -3.8162014814897494 14.98990637826697 0.055238064756685926 0.7085207213064578 0.18261679864449548 0.6794102210992624
1645338222494766.0 18.943006480816482 -3.8083025464687466 14.968252341651914 0.057712692474980246 0.7098804645581587 0.18379001155252314 0.6774660159886284
1645338222528099.0 19.108444721821456 -3.798406213527402 14.953235833303344 0.05974697250363577 0.7113006301213644 0.1861888996293826 0.6751410271346272
1645338222594766.0 19.37828716103154 -3.7672969252620465 14.911357457693123 0.06200041086871094 0.7125639270372552 0.18999622777633027 0.6725399857020555
1645338222661433.0 19.64639732823118 -3.7429458349477858 14.873784211356448 0.0635620484775408 0.7115483026487025 0.19321711647525533 0.6725518752424059
1645338222728099.0 19.93578095464072 -3.723072345654685 14.842176796910127 0.062257145826984356 0.7096477461446978 0.1929746298057699 0.6747480392239419
1645338222794766.0 20.23790933957098 -3.7040899268036633 14.810826798951943 0.06006010823458785 0.7101597854364239 0.1883475644860996 0.6757152192306287
1645338222828099.0 20.417788910643093 -3.7078270261558823 14.805591163093267 0.057671963235871364 0.7119264991029521 0.18432887568548786 0.6751721781294447
1645338222861433.0 20.56999590968168 -3.686320184440425 14.788105927022393 0.057329849504667296 0.7127814919433223 0.17950146489169888 0.6755997759032768
1645338222894766.0 20.712655890867456 -3.6875430093051884 14.771741720993814 0.056941358664514635 0.7132307291501109 0.175740170477519 0.6761471741787972
1645338222928099.0 20.865210303654504 -3.6679575419150234 14.756045458462793 0.057734829820647905 0.7131806490241261 0.17276448176638723 0.6768991690961798
1645338222961433.0 21.015354219213137 -3.666093057584598 14.733864127248092 0.05907712139747782 0.7129453073916519 0.17090335200048257 0.6775034514086331
1645338222994766.0 21.170886383719512 -3.641016235723841 14.718868743593339 0.06154914020343997 0.7128274835430131 0.1681446351337278 0.6780973851311465
1645338223028099.0 21.315679208770177 -3.638564222776728 14.696936255178516 0.06396138251073236 0.7124575553367004 0.16590639775021454 0.6788138482503991
1645338223061433.0 21.471749860143905 -3.6183249566258375 14.680734652282231 0.06710050233271858 0.7118479460447462 0.16364279723759104 0.6796992417318336
1645338223094766.0 21.616381117593352 -3.6161629132525173 14.660736016531628 0.07013133539758361 0.7106988926456352 0.16313279090115745 0.6807175422452536
1645338223128099.0 21.756166233954524 -3.6005710960433177 14.644408490272673 0.07280863857410914 0.7095266154239158 0.1615751210045954 0.6820295920459889
1645338223161433.0 21.924349179762466 -3.5970112444570566 14.633531854556244 0.07464521143829597 0.7089876982423124 0.15961897054518845 0.682851609350446
1645338223228099.0 22.203753112101978 -3.570020511649758 14.58915525460729 0.07779497010228384 0.7075724863159015 0.15352905750983734 0.6853597214132583
1645338223294766.0 22.487489825104717 -3.5416492124174828 14.546363258304924 0.07798125498329626 0.7055950471075284 0.1479128854442859 0.6886046265369558
1645338223494766.0 23.37669129714756 -3.4746268294903215 14.456989716112233 0.07284450570090875 0.7013069891117878 0.13620473508351114 0.6959241734219177
1645338223594766.0 23.84643356192485 -3.4469330305517083 14.41647465546839 0.07049355040683498 0.6997125389023227 0.1350602777585958 0.6979912203070147
1645338223828099.0 24.891202360310643 -3.3639474494276107 14.309535305268689 0.07139889579820823 0.6970162283485558 0.1318638707542563 0.7012007520583927
1645338223928099.0 25.332810886423125 -3.330992497662606 14.266273854148347 0.07406039544471013 0.6969986549061175 0.13328494031959504 0.7006732887513539
1645338224061433.0 25.924268919244923 -3.291753940929449 14.222627538182582 0.06805164713747253 0.6987688919479819 0.13399327111285586 0.6993831655567236
1645338224094766.0 26.078804428134216 -3.27856500234309 14.216400643495355 0.06548265509779111 0.698452694321729 0.1334072926261388 0.7000559620131986
1645338224161433.0 26.39122092445211 -3.2453732070394006 14.189879781163192 0.06368270536360125 0.6975537145123243 0.1326475907273788 0.7012616808879932
1645338224194766.0 26.538400064572627 -3.2418747553230878 14.17788654017864 0.06367660674507432 0.6977526261998545 0.13241495495108047 0.7011082955506537
1645338224228099.0 26.68253650211977 -3.2252493835991727 14.168390021044948 0.06388175134353098 0.6980078296917649 0.13152663278580493 0.7010028076993011
1645338224294766.0 26.97987896104398 -3.2071873866914307 14.135999729935996 0.06524490982531611 0.6973440813968141 0.13204175533513066 0.7014408804245281
1645338224328099.0 27.125430731429155 -3.206155321544605 14.128483993032514 0.06527492487798228 0.6973675401998392 0.13268508490327496 0.7012933525294606
1645338224394766.0 27.427222080154337 -3.180704133278294 14.104768811171484 0.06703062312415702 0.6974428818240879 0.13376295106230646 0.7008479115183277
1645338224428099.0 27.575465626894125 -3.1706559428478367 14.091783150696203 0.06828771354490447 0.6974095566137647 0.13479994468514195 0.7005609705339599
1645338224461433.0 27.728795491702282 -3.1577476505643163 14.077416505232113 0.0700536871778332 0.697456605495663 0.13661201243355978 0.6999885159215902
1645338224494766.0 27.87677769051243 -3.149436024555006 14.073446001438795 0.07134900520944414 0.6978673421411348 0.13876592023619835 0.6990239706973517
1645338224528099.0 28.022386551367976 -3.1400083483613574 14.06371022889356 0.07233217850236169 0.6983751411479351 0.141062830325674 0.6979552249823868
1645338224628099.0 28.468927937679453 -3.1162021799054482 14.036225508132926 0.07080027868787153 0.7028802214219898 0.14356045425070785 0.6930635691239475
1645338224661433.0 28.616454359700146 -3.102004636377325 14.029560164893216 0.0707396518055135 0.7048460590881618 0.14351068051794297 0.6910807617258631
1645338224728099.0 28.91549882939942 -3.0849557380044925 14.015854262778836 0.0698272017380178 0.7074757202730518 0.14293831678296381 0.6886006859688841
1645338224794766.0 29.287943324468376 -3.0622589785780687 14.013424698150676 0.06806339517125276 0.7084023178828255 0.14345575436906288 0.6877164944905749
1645338224961433.0 30.002638637759794 -3.0319340914622672 13.974188094907932 0.06681031237361129 0.7113976889383044 0.14400416573866762 0.6846258179353816
1645338224994766.0 30.168900085582386 -3.0104319909263757 13.971923140648249 0.06716386417672426 0.7113978763628387 0.14371912750155652 0.684650925103797
1645338225061433.0 30.450056001210232 -2.9993428607748664 13.948216673948409 0.06756840222206104 0.7098063727323481 0.14332344584710666 0.6863438016914089
1645338225261433.0 31.326921853838247 -2.952389501316096 13.895798585432663 0.07280207965214594 0.7136551037542269 0.14258878376934078 0.6819565153490701
1645338225428099.0 32.06123100327872 -2.908470100824029 13.859472841796611 0.06850998165198938 0.7186249574655345 0.13481061808005468 0.6787566943865648
1645338225594766.0 32.76701098588244 -2.8715371985788987 13.816087236052207 0.0631853444218153 0.7127650538072958 0.13706030067769784 0.6849730391041083
1645338225661433.0 33.0695512917849 -2.8505135801081964 13.803842911248896 0.06374738200273483 0.7109311795316934 0.13541817320470068 0.6871499455165331
1645338225694766.0 33.21107490960304 -2.842078387760199 13.796822264213931 0.06326617732297989 0.7095364656526965 0.13507055857379058 0.6887026491328325
1645338225761433.0 33.511229388091095 -2.8183033997192495 13.781477503614358 0.06275316180607109 0.7066124769175062 0.13682465475950523 0.6914042681368043
1645338226028099.0 34.6611810041411 -2.75495953371992 13.708980152254538 0.059105739454149646 0.7084682248049392 0.1507067596109061 0.6869255844797869
1645338226194766.0 35.34051626477601 -2.716788135890298 13.655205451703846 0.06268957141612747 0.7082475221528037 0.15883220084701705 0.6850020415839422
1645338226228099.0 35.485650924538255 -2.702539126083227 13.651803138759458 0.06246375377884264 0.7083010036111106 0.15981175049341645 0.6847394921804786
1645338226261433.0 35.61703479013851 -2.694577878384189 13.636087733161288 0.06364392825987655 0.7081708543585323 0.16181234905507583 0.684295444326525
1645338226361433.0 36.01587313678164 -2.663583679761948 13.601450844589623 0.06474136161322615 0.7086827080095833 0.1634309424764079 0.6832771783880552
1645338226461432.0 36.44357082693801 -2.642406900655371 13.573527861682715 0.06330945096083318 0.7078135366285174 0.16670573115277426 0.6835211115871164
1645338226794766.0 37.8053757320427 -2.5578616499750715 13.471976423907098 0.06080678417385478 0.7160054101106506 0.16289962586954912 0.6760935583055605
1645338226894766.0 38.21858665023342 -2.533772666614205 13.445591837964175 0.06347531860427162 0.718131460821001 0.151812797086883 0.6761737672727612
1645338226928099.0 38.346093785502795 -2.5326355542932255 13.434359819533936 0.06498179374909284 0.7183051895784069 0.1487355043859889 0.6765299482217507
1645338226994766.0 38.61231424606053 -2.5172899090676797 13.414961436411584 0.06983418004115462 0.718946054751169 0.14316457031456375 0.6765675601611085
1645338227094766.0 39.00261936841411 -2.4861938912528743 13.379132663416346 0.07504972382890426 0.7197404947082616 0.13691243205411602 0.6764585317514585
1645338227294766.0 39.79441701029244 -2.4358471852219448 13.322852617380867 0.07318240116024462 0.7176798910729739 0.13435303868164597 0.6793593828798669
1645338227394766.0 40.20001423655467 -2.419757362778279 13.306481883443139 0.0667744521843178 0.7161744132885025 0.12979957933441316 0.6824862280595579
1645338227528099.0 40.71328537649102 -2.390766608857669 13.269827577791913 0.05662553151619474 0.7135656741830289 0.12400027091467476 0.6871983051647574
1645338227694766.0 41.374048402578524 -2.3376411154554853 13.220404879173925 0.05007862591288828 0.7135076307352702 0.11731597304808122 0.6889382806732401
1645338227828099.0 41.89427739080974 -2.305026949471052 13.16514702294044 0.05459884917188443 0.7112464727100565 0.12128819074852788 0.6902438666960812
1645338227894766.0 42.1353933795626 -2.2876066616198667 13.135168941048159 0.05759024241327138 0.7074924696577556 0.12543899894648977 0.6931109773331057
1645338227994766.0 42.53114894242823 -2.2613722432127443 13.088031206430196 0.06386193147605113 0.7029722394123552 0.13050487041890765 0.6962184736996503
1645338228028099.0 42.65450763953316 -2.2528818170769522 13.07739443415186 0.06512226649783105 0.7026492716423075 0.13136425670295324 0.6962661298150304
1645338228061433.0 42.78956439620506 -2.2406034279942864 13.069584716950441 0.06583603945241819 0.7025889322298334 0.13134121300045073 0.6962642414952332
1645338228094766.0 42.92205046556171 -2.2347367163343503 13.062061597560762 0.06632156783914671 0.7021385272782629 0.13126345756449437 0.6966870480058345
1645338228228099.0 43.40659492063636 -2.2022803907535167 13.003233317827638 0.06967420088221407 0.7003403709888137 0.1288448163775146 0.698618553852759
1645338228328099.0 43.788933753525114 -2.1667607343144786 12.9547364159525 0.07057967478674688 0.6995481958008142 0.1245233934424925 0.7001033893250262
1645338228428099.0 44.15849196489868 -2.143624651524561 12.933745702107318 0.07075799685319227 0.7016242952192542 0.11989147182527705 0.6988152039151534
1645338228528099.0 44.51008743186226 -2.1122287762344367 12.872297275372453 0.06864582974806112 0.7019028555719187 0.11391204331550903 0.6997457951183931
1645338228628099.0 44.87209185349159 -2.0822899609224614 12.846880411648215 0.064147790872057 0.7022352258573268 0.1152792909695799 0.6996152039263406
1645338228728099.0 45.21288296352791 -2.0298438072077336 12.786288991359344 0.06226649327236685 0.707382233679441 0.11444038654272862 0.6947205605264593
1645338228828099.0 45.570595130531125 -2.016811182993767 12.730210100438775 0.05949498191909836 0.7091280832589941 0.12327820466951186 0.6916647980874356
1645338229261433.0 46.97146503891722 -1.8613216484323671 12.472824598753531 0.07214278163574556 0.7557264655911888 0.12402924028046042 0.6389754892156337
1645338229461432.0 47.5857493579501 -1.7577857695402102 12.321063365679857 0.08077666257105019 0.7848165043316591 0.1481945895533259 0.5963023972278151
1645338229528099.0 47.7672979575386 -1.701790688072156 12.235544896406429 0.08083678533143378 0.7964307738910069 0.16049239989496467 0.5774128731788081
1645338229628099.0 48.0479427082571 -1.6571159480017954 12.127568641628836 0.07806100235298485 0.8194367024821141 0.1758077885710907 0.5399273951325577
1645338229694766.0 48.228148806024045 -1.5932711417443757 12.047122571017919 0.0773719152642778 0.8349632991852949 0.18202319715374496 0.5135342553714155
1645338229728099.0 48.28737143271282 -1.543893124550398 11.986850288348485 0.07849784671258328 0.8417951227673063 0.18357576766450184 0.5015166965047646
1645338229761433.0 48.39367296257611 -1.520141468732071 11.980146667747144 0.07716608961216742 0.8519630420870075 0.18456066312824682 0.4838819392759776
1645338229828099.0 48.55504793341335 -1.4492925181645828 11.882082695862083 0.07552745580248929 0.869126685609869 0.18548074140315218 0.45222925861706903
1645338229861433.0 48.63024950293829 -1.4481114553294887 11.823118991187762 0.07177656173264799 0.876965807093989 0.1871319780510196 0.4367616296843631
1645338229894766.0 48.69464811475155 -1.4373295647225308 11.781206576905324 0.07005863263699547 0.8847846877271548 0.18731880074669166 0.42090320887754795
1645338229961432.0 48.850227581596016 -1.3978334782927864 11.672050426766337 0.06480197863972713 0.8993542492874732 0.18730809379024804 0.38971568592193667
1645338230028099.0 48.989822981820126 -1.3639097286906807 11.554453358173188 0.059730376360201634 0.9122841479519026 0.1856758565070807 0.3601310759236163
1645338230261433.0 49.419282048882266 -1.1641923517951207 11.088680182101623 0.041870451107199017 0.9454168564036329 0.182633560278755 0.2666061057287671
1645338230428099.0 49.65384861990168 -1.0623173798270982 10.735939170259275 0.03758288578570796 0.9579686822646445 0.1855712084177514 0.21551532915905153
1645338230628099.0 49.88118073660876 -0.8965693252856515 10.271748517683328 0.03332714542952254 0.9716676277521493 0.18887171374213604 0.13812602326910914
1645338230728099.0 49.97103748375122 -0.812894768575178 10.02199437530374 0.027505948285494918 0.9762358187636224 0.18759344025876726 0.10495594382270912
1645338230928099.0 50.11146325491644 -0.631583917479553 9.498471532432124 0.00664324043745501 0.9809476536073943 0.19164056591487302 0.03116828090326397
1645338231161433.0 50.19539845941354 -0.42633224639396583 8.874139834251858 -0.029133634425949052 0.9794757325731919 0.19642127953034677 -0.03460060104977219
1645338231394766.0 50.18814767776843 -0.18961600310575757 8.2144442236073 -0.04649686847842552 0.9751150707022467 0.20328634049606178 -0.07525492594356778
1645338231661433.0 50.13087830269175 0.06286833072370093 7.443336705114259 -0.05578329131627918 0.9688208465093505 0.22425895171795648 -0.08934379862750266
1645338231794766.0 50.08302324041809 0.1913427992427031 7.061823333093557 -0.06355805609748391 0.9659688718704511 0.23485966624676602 -0.08778068838243752
1645338231961432.0 50.01551517743412 0.35132022971373117 6.569237480286948 -0.05613616717230472 0.9662766972276967 0.23756732863764313 -0.08197462713493227
1645338232028099.0 49.98504941403815 0.416841557601024 6.368957462769001 -0.05296135700159289 0.9659948826399025 0.23849175603726183 -0.0846797713762507
1645338232061433.0 49.96071874451365 0.4545354916825417 6.274386177530527 -0.05209396049132289 0.9658179474187294 0.23914421337766129 -0.08539295598689939
1645338232128099.0 49.923726026832014 0.518886708396974 6.074007574891964 -0.050238096475744974 0.9653551006218701 0.24136385523165496 -0.08549358311326939
1645338232161433.0 49.91314236388233 0.5425790793182058 5.970942509908303 -0.04909281616572505 0.9649819894609661 0.24332348601408443 -0.08481354002061178
1645338232194766.0 49.89226760237649 0.5872651968502977 5.857677961114084 -0.047011061302732735 0.9644556198216808 0.2459052496614503 -0.0845335773436086
1645338232228099.0 49.87768658945993 0.6241694521068462 5.760497371421826 -0.04394052402329663 0.963501387208583 0.24916485262340854 -0.08747104328204446
1645338232261432.0 49.85492747524575 0.6568999807444796 5.671465151076119 -0.04266644414279055 0.9631364377843803 0.2502756892365005 -0.08893737197275076
1645338232294766.0 49.84435650530849 0.688383969394705 5.5709223250681745 -0.04291164874500401 0.9625534974159302 0.2515801026217385 -0.09141557295768335
1645338232328099.0 49.820419025134505 0.7227921892782859 5.47143523854772 -0.04210299649825643 0.9624655022864321 0.2515515895174172 -0.09278627272207059
1645338232361433.0 49.80498306336744 0.7495665335391849 5.3753321694471685 -0.040838366527334115 0.9624519780225835 0.2519569344652114 -0.09239113049794816
1645338232428099.0 49.77168768541877 0.8276847770385177 5.16562936760913 -0.03898605234289517 0.9619720558404634 0.2558785876946708 -0.08726969613886595
1645338232461432.0 49.76793350110564 0.8581055190704314 5.0605082107167645 -0.03850084323742284 0.9616710767797211 0.2577605875720363 -0.08524027598417196
1645338232494766.0 49.73240401580361 0.900939062965578 4.964270781443126 -0.03796127644652539 0.9617887049478329 0.25851872085823513 -0.08178936050087986
1645338232528099.0 49.73579772591329 0.9358832702223016 4.852779528103802 -0.037588554327790374 0.9617038929423998 0.25916140152590594 -0.08092027460475092
1645338232594766.0 49.69609142823844 0.9983789091894079 4.650583192622626 -0.03657895992726584 0.9614852495353957 0.2606576861397287 -0.07915595538416502
1645338232661433.0 49.65736275871924 1.0669804658931974 4.449750141956596 -0.036339637060438634 0.9609517240235308 0.2625944484417947 -0.07934337100268131
1645338232694766.0 49.62465560789607 1.1123846308398113 4.352892517421416 -0.035098252030328334 0.9607999027941715 0.26344619294363314 -0.07891617653328212
1645338232728099.0 49.6117660362342 1.1343042571263304 4.236678214834479 -0.03364802360054465 0.9603034384744724 0.2651400540321121 -0.07991162812589439
1645338232761432.0 49.59053701823289 1.1770261025235627 4.136247180172224 -0.033178658525544524 0.960314588516663 0.265060798245422 -0.08023615727349648
1645338232794766.0 49.58502892098194 1.212923576278204 4.022982766623624 -0.0325258648476297 0.9602085114935097 0.2650792137533969 -0.08169879440489322
1645338232828099.0 49.552635754813714 1.2529817426289687 3.925574473573446 -0.030409039800172153 0.9603058556596428 0.26480016371865783 -0.08227288240243462
1645338232861433.0 49.52995436542231 1.2818608219211263 3.8190251062343963 -0.02734542519756438 0.9598542908995404 0.2662988660032674 -0.08376683071406425
1645338232894766.0 49.508455556162936 1.3179536145135957 3.7167185945112013 -0.02416257853447966 0.9592067361589217 0.26810399446899996 -0.08636466439279522
1645338232928099.0 49.491921956168646 1.3574566471587544 3.6032236447333723 -0.021257774046622074 0.958425012464344 0.26982437008371596 -0.090357134938149
1645338232994766.0 49.43982164157525 1.4236216378191708 3.40124908976425 -0.014503613469641938 0.9575292466798037 0.2703963214357421 -0.09906167928694663
1645338233028099.0 49.40264027473059 1.4636809257748686 3.306497111627302 -0.009760797852638035 0.9573549747843936 0.26982563738552157 -0.10281198612200011
1645338233194766.0 49.284524260466895 1.623831390668777 2.785694906385295 0.00859985371542154 0.9537234473425504 0.2755094354982401 -0.1201340062453414
1645338233228099.0 49.2575821159328 1.6684838188286384 2.6675592656620637 0.01090636785210967 0.9535258332448465 0.275314097767665 -0.12194951433020311
1645338233261432.0 49.23914418906066 1.6925508035977193 2.5504704591593077 0.014098354256630424 0.9530401026222032 0.2763724974310681 -0.12302049367820549
1645338233294766.0 49.22431868924436 1.745630639701256 2.4423903519873384 0.015867639433691544 0.9528595813491829 0.27652297437607926 -0.12386234654675547
1645338233328099.0 49.19172748325313 1.7771358379467637 2.3400675993398297 0.01615911973440182 0.9526006744813607 0.27770697705736314 -0.12316522528996236
1645338233361433.0 49.182290180011215 1.8123327479631595 2.2234323742406197 0.014262887905925324 0.952292425464407 0.2789163031491401 -0.1230504054008633
1645338233394766.0 49.16411523915858 1.8511774196082709 2.115204138471557 0.010913212678534701 0.9523902518909154 0.2788665838763826 -0.12274827204204582
1645338233428099.0 49.15069999058144 1.8850310749084223 2.001347051030226 0.006924083159806144 0.9525344814617184 0.27840971326580416 -0.122955887447914
1645338233461432.0 49.127838773205205 1.9142835633050248 1.8942106425348273 0.0025354699616228936 0.9529709803479302 0.2773939357938669 -0.1220347753370599
1645338233494766.0 49.11187140005775 1.9533240468490551 1.781752212010813 -0.002255627187195816 0.9534758638270499 0.276228911877065 -0.12073225537720317
1645338233528099.0 49.093189171359604 1.9919276042133336 1.6711613568900763 -0.00699745423230413 0.9538793806049394 0.27557696231846385 -0.11883812826837961
1645338233561433.0 49.07401975050803 2.0215466844288303 1.559254051477341 -0.01140404614562191 0.9542266556273831 0.27496108318949575 -0.11712318366979083
1645338233594766.0 49.05641326097337 2.0572143624754147 1.445946950943364 -0.0157261024486728 0.9548073669952041 0.2735078908524987 -0.11527799128574816
1645338233628099.0 49.04164377777556 2.0991091624713496 1.3356802036649724 -0.019601252511408904 0.9555994392599095 0.27120839480328535 -0.11354078198760083
1645338233661433.0 49.0229360102448 2.13450446629627 1.221210078898688 -0.02213134254906079 0.9562508330882233 0.2695027846362858 -0.11163689788032691
1645338233694766.0 49.00338705082627 2.1687191657735942 1.1060737090426944 -0.02220610926566648 0.9567698691896428 0.2682224117332685 -0.1102499159460184
1645338233728099.0 48.99961686487037 2.2130995296923914 0.9869750120530189 -0.02194026802012774 0.9573314404364317 0.26614667190943303 -0.1104585298772547
1645338233761432.0 48.976140378645816 2.2449536777788004 0.872666719387591 -0.022088471783290636 0.95807041256988 0.26387088199218484 -0.10947758496205967
1645338233794766.0 48.95254120666532 2.278085931335692 0.7613378527464512 -0.02259076893111361 0.9590491604455229 0.260622663239251 -0.10858265245387366
1645338233828099.0 48.93100923706785 2.3154865235165523 0.6433540078543559 -0.022284219200912017 0.9601500711129969 0.25687520337190145 -0.10784425997222558
1645338233861433.0 48.89952318744823 2.3509919631207272 0.5333425975436898 -0.020634922716170727 0.9615081978328768 0.25258961432041155 -0.1061822593569042
1645338233894766.0 48.87662200478696 2.39837062832922 0.4233404847021243 -0.020122924588265978 0.9627842394549638 0.2483011679507558 -0.10482416781178093
1645338233928099.0 48.85537511750185 2.433378219426719 0.3050335956048984 -0.019367720727061652 0.9636813422930879 0.24515655170538128 -0.10412217374775569
1645338233961432.0 48.81524439072498 2.4726390566492125 0.1953581872657819 -0.019415984595285325 0.964677372374872 0.24178732591265245 -0.10275931003133798
1645338233994766.0 48.801565168758536 2.51153150527276 0.07590746965800135 -0.020900631875227445 0.9653691250988016 0.23869198283460227 -0.10320733124965772
1645338234028099.0 48.77144219618619 2.5536271874590097 -0.02922915588013448 -0.02243994266109827 0.9662622188117573 0.2351361553279667 -0.10268769121919401
1645338234061433.0 48.76485722885978 2.5807169694287424 -0.1420714777897694 -0.02485780699415124 0.9665446382789806 0.23363802558140884 -0.10289229634922602
1645338234094766.0 48.722485712886716 2.621395920813907 -0.2579106972355261 -0.02544282975746851 0.9669177114681116 0.23286718582473134 -0.10097363729841671
1645338234128099.0 48.72476953808263 2.651865214728056 -0.37776915167213054 -0.026993078114131538 0.9667736875531293 0.23323313309057814 -0.10110547174906637
1645338234161433.0 48.6835477275997 2.704216479084555 -0.48135305300797626 -0.026760509970213252 0.967191660166444 0.23242057865373697 -0.09901940329487889
1645338234194766.0 48.678785972942194 2.727855792655858 -0.6010253659669733 -0.027171351562216745 0.9669617621774589 0.23343713489461224 -0.09876118768595504
1645338234261432.0 48.62223539918475 2.8053704172172056 -0.838783494782883 -0.02804771037855914 0.9672015271912795 0.23297718854502744 -0.09724279592356366
1645338234294766.0 48.62277425824966 2.8420741733533235 -0.96279107716267 -0.0301357000282527 0.9672776029234872 0.23215883171295493 -0.09781694804110165
1645338234328099.0 48.57987899974846 2.887554313783754 -1.0546410982098948 -0.03032558227371791 0.968243017627467 0.2290028339291003 -0.0956217544696676
1645338234394766.0 48.53605105439963 2.9560450086938506 -1.2699827327690194 -0.031472041136254285 0.9695882216296812 0.2248877033910584 -0.09128916675709972
1645338234494766.0 48.484038159569046 3.0464133344067617 -1.6173651627267613 -0.03297104300868306 0.9718345212381735 0.21615836799608457 -0.08789842773314549
1645338234561433.0 48.48130993665431 3.1279789427210645 -1.8519457745357244 -0.03486721796046978 0.9735030748460614 0.20776778532405396 -0.08893024096728075
1645338234661433.0 48.391734032083555 3.231169188039791 -2.180059776146162 -0.037526598899751226 0.9758447895199232 0.20096133962683518 -0.077027534799069
1645338234761432.0 48.370625621290834 3.3301698497459573 -2.5129798040458105 -0.040040008348176524 0.9767645403967117 0.19984668458543003 -0.06625053218873343
1645338234894766.0 48.323061400820244 3.4749816252663526 -2.9534213592443685 -0.04032066493054553 0.9777260562761417 0.19929244585345943 -0.05204348070611259
1645338235161433.0 48.27091176752087 3.7632540217267714 -3.783531572374841 -0.05133212449702947 0.978989422005638 0.19733376801370148 -0.0020269674893990306
1645338235261432.0 48.205221024139945 3.830744687028856 -4.145038981951261 -0.05473919644849176 0.9774040054121595 0.20159424377918736 0.03232323392759927
1645338235294766.0 48.1514653816076 3.8549724094088043 -4.300278511010787 -0.05493851658399987 0.9763572713352994 0.20347974314145656 0.04800241907784554
1645338235594766.0 48.311048335990826 4.228653830350122 -5.142226049362881 -0.037470891099422934 0.9676031965602878 0.21017503904457394 0.13478293396843657
1645338235694766.0 48.41674529926968 4.333107631302483 -5.398269555747272 -0.0309546328930624 0.961421020399491 0.21915957239069042 0.1633417095110346
1645338235894766.0 48.5976000621616 4.5184827546166035 -5.891241899853616 -0.030031465788203426 0.945133682033034 0.2271348497300314 0.23287377307762147
1645338235994766.0 48.755103667848346 4.570273073114349 -6.045732761907159 -0.03462471645706476 0.9379477708028897 0.22336430615641015 0.26298953399598074
1645338236161433.0 48.90167049759398 4.695634628273333 -6.447640945157322 -0.03436973955945565 0.9187920964335826 0.2062643896681423 0.3348056243384006
1645338236228099.0 48.98161884540388 4.726509859132306 -6.577917239213956 -0.030876823482053284 0.9114646278498174 0.19706985270952462 0.35978094321864534
1645338236361433.0 49.18664430317241 4.793696560289928 -6.8229601411564405 -0.021629872368972115 0.8950425248739986 0.18181469981431667 0.4066625655502477
1645338236428099.0 49.315633307201004 4.820408091080369 -6.920455318693039 -0.01644752518639536 0.8860454198391051 0.17619049994200958 0.4284972585998321
1645338236528099.0 49.533495441870976 4.877821202239139 -7.09632685487629 -0.009687476460267012 0.8696871409117569 0.1720292549272356 0.4625541754019153
1645338236561432.0 49.58295164260828 4.885026867828919 -7.130638243424632 -0.008086635617395792 0.8644502602928751 0.17170705457463997 0.4724161737422563
1645338236628099.0 49.746824385113904 4.924820495949539 -7.244669643262791 -0.0048998010374972775 0.8529402213295817 0.17126164421323595 0.49309068132486167
1645338236661433.0 49.81783722000773 4.936150520299568 -7.289700166642977 -0.003384606720907535 0.8471379344841032 0.1706991802551255 0.5031974306925466
1645338236694766.0 49.88846680705219 4.949894321959294 -7.329345001952426 -0.0016960496292583484 0.84122664401397 0.1705174564440964 0.5130873744933548
1645338236761432.0 50.065356620185014 4.981436470764437 -7.437893224693341 0.0013508509798460517 0.8286264904932865 0.17179255426595272 0.5327885441272076
1645338236794766.0 50.13771378994434 4.989553423452795 -7.4736705379859805 0.0014128938782340028 0.8225839813719372 0.17237330901996162 0.5418865560785673
1645338236828099.0 50.22455966780742 5.0146445304529035 -7.522093956797501 0.0017378451244616708 0.816106956499153 0.17279204461617323 0.5514610818229836
1645338236861433.0 50.305332741738496 5.024120268419904 -7.560625357874327 0.0011531864176699794 0.8098208719042973 0.17312422816283551 0.5605504680332289
1645338236894766.0 50.387287114669796 5.037990547933122 -7.613422470943567 0.001013166661286287 0.8027763073892378 0.1739026865207243 0.5703569315864332
1645338236994766.0 50.64570869365407 5.074042681904735 -7.724406393208144 0.003147363756644617 0.7849352349877925 0.17352444062458375 0.5947739398140839
1645338237261432.0 51.39882418297136 5.13886582427685 -8.027757662228781 0.027508197473858152 0.7502336913957417 0.16237985973629265 0.6403323266230437
1645338237294766.0 51.49206082818777 5.149537985682428 -8.058250423005521 0.03262541381854543 0.7467538408609308 0.16208063786865365 0.6442236803787227
1645338237328099.0 51.59896784514487 5.153208678318739 -8.088652091344953 0.037290136930902565 0.7436684568815045 0.16293099191772295 0.6473176683822739
1645338237594766.0 52.44588418962388 5.216938987505629 -8.325283296596982 0.038095521299087574 0.7211616244093314 0.16763106466860112 0.671099447842357
1645338237694766.0 52.7860796431457 5.243940110573286 -8.393326667186171 0.03527362683618114 0.7172845061996016 0.16476262468814554 0.6761005738214462
1645338237928099.0 53.57330704442802 5.283913836406352 -8.568080041039899 0.03761903088096263 0.7194620652453897 0.16579977618491956 0.673401499408374
1645338238094766.0 54.165403428298454 5.322548437692252 -8.692481580181894 0.04624140621438848 0.7202617025621773 0.1745883800713615 0.6697788513514049
1645338238361433.0 55.129590261205045 5.37452186236602 -8.864027146915134 0.04045638469457694 0.7216437466960411 0.18062095857288257 0.6670604568674099
1645338238561432.0 55.87575044435153 5.3994390410086455 -8.984710894235363 0.04008131924302255 0.7203906613982848 0.17948315022813507 0.6687425376047686
1645338238728099.0 56.530044336030144 5.426692206072565 -9.084765207464311 0.044472155773341064 0.7216840122369672 0.18857100321741765 0.6645565367882565
1645338238761432.0 56.65448968935047 5.430248450005488 -9.105566008866791 0.04464624466292359 0.7218929597619588 0.19029847978211278 0.6638250944911877
1645338238794766.0 56.78838823191022 5.433851405200267 -9.1267073466842 0.04395902382981051 0.7216373185383012 0.1916337951184651 0.6637647725552139
1645338238928099.0 57.36611403136927 5.4521974969810385 -9.194553283867517 0.04151978636888523 0.7210389295192607 0.1957900459077515 0.6633590486162385
1645338239028099.0 57.75180651845564 5.462343307378541 -9.24858521761829 0.04336433781477595 0.7217504299263362 0.192366670232259 0.6634688502791883
1645338239161433.0 58.28382187138604 5.463214212286288 -9.315090480776837 0.046802278794589786 0.7257883848840748 0.1826116889930182 0.6615842638017602
1645338239294766.0 58.81046360357322 5.476642420452851 -9.38039304479142 0.05085399004302728 0.726680213903103 0.173858565773997 0.662663517575438
1645338239428099.0 59.348382196397424 5.490929223034772 -9.449874316289296 0.04904740198987987 0.7273419135086159 0.17117281094720768 0.6627729339706774
1645338239694766.0 60.418388208233786 5.527232839055036 -9.605231475552612 0.04600042929624172 0.7222611569151494 0.1745980669908132 0.667636350657469
1645338240061432.0 61.92879833061883 5.567384295508945 -9.838779534646301 0.05146204101958777 0.7195648793452665 0.16987827656214077 0.6713563985687536
1645338240461432.0 63.57953914864565 5.637074937041996 -10.126684062332364 0.04595827749996187 0.7245385324842674 0.17224482358163257 0.665780348481474
1645338240628099.0 64.24880382339532 5.66817249815738 -10.271106607127539 0.046700602910025535 0.7314115716582944 0.16744831675778826 0.6594067240688155
1645338240828099.0 65.06000113884114 5.724314365788852 -10.446082134083953 0.05083357368276915 0.7411678983849115 0.1713070773215598 0.6471012126784165
1645338240961432.0 65.57605503058761 5.754436408048592 -10.56699134902403 0.05407518994735323 0.7458102062929151 0.17326212443758324 0.6409549486951892
1645338241028099.0 65.84224504327449 5.768739981459746 -10.624653027091187 0.05493106221453032 0.7483655652245023 0.17236625582208479 0.6381390389594342
1645338241194766.0 66.5166919151215 5.803948840157638 -10.761569412874413 0.05748306141707322 0.7523858099146296 0.169960739914353 0.6338175112577701
1645338241394766.0 67.29965480771423 5.850170149281858 -10.920681672987634 0.0496437186668122 0.7520607184721406 0.1636921715352355 0.6365100548350963
1645338241628099.0 68.19403131922951 5.900343682716771 -11.132417869030526 0.05410556410321122 0.7518353021760171 0.15999878957874358 0.6373512796475013
1645338241728099.0 68.57904414607277 5.922469304517467 -11.209204415246804 0.06029821385569596 0.7539934016721179 0.15837466985366797 0.6346459954884003
1645338241861432.0 69.07793909958075 5.947226816068125 -11.315847995099578 0.06373741930994604 0.7582013096087172 0.15384715184615197 0.630396200302763
1645338242061432.0 69.80513158811326 5.978875665707175 -11.473360695610209 0.05735758402589958 0.7593037161820847 0.14711654356755555 0.6312881249916901
1645338242128099.0 70.04333860931187 5.995523401742373 -11.53425620437015 0.05653339753246897 0.7564101485838806 0.1427962021028666 0.6358120058222752
1645338242461432.0 71.14201474480592 6.041021172477841 -11.771005530946603 0.06704395799860641 0.7337199407083212 0.12193758959024521 0.6650499083134885
1645338242494766.0 71.24164393542097 6.037076136033744 -11.787088818383417 0.06608432507575854 0.7292041904190674 0.11997326270363033 0.6704480046139297
1645338242528099.0 71.34562441751484 6.047246923898103 -11.805355484814639 0.06577185581808191 0.7238733661797336 0.1181905096363037 0.6765444672375772
1645338242594766.0 71.55680428878019 6.055698252167444 -11.83361143763609 0.06465949405761998 0.7126139415089379 0.11724479388355587 0.6886611492617478
1645338242628099.0 71.64945877266236 6.049192023708938 -11.839827961341506 0.06251100821232952 0.7065778539519871 0.11676919645147077 0.6951295310350151
1645338242861432.0 72.33442664041996 6.0712369192260125 -11.82615818191993 0.05357313978438287 0.6523290890700094 0.09560693933683584 0.7499706603577085
1645338243061432.0 72.85044387799573 6.0349964114372705 -11.747576624895185 0.049051097729112515 0.5841056248838877 0.06940139477335047 0.8072162381878139
1645338243128099.0 73.00781892385893 6.029243527245098 -11.717624268557513 0.04669938062901115 0.5575144282609226 0.06436377299935282 0.8263498864615709
1645338243194766.0 73.16052407103906 6.019852597725929 -11.665895537045952 0.04418469673663773 0.530746010746383 0.05918658057423694 0.844306421467361
1645338243228099.0 73.23119298133192 6.006869850735022 -11.612130434961472 0.04326276101837815 0.5188539448481871 0.057389381559934845 0.8518364727509086
1645338243261432.0 73.30954433028 5.998692265599858 -11.598123423542496 0.041757976339202384 0.5049427860476423 0.05432239812873137 0.8604290390799483
1645338243294766.0 73.37041222132564 5.979543331389616 -11.550868943985652 0.040067826884674015 0.4929571669795593 0.050655567441229614 0.8676530494727912
1645338243428099.0 73.63602491228814 5.931741143916478 -11.432907715053783 0.04408819299038112 0.4381825489710751 0.04217137526155376 0.8968131690182765
1645338243494766.0 73.7817390363378 5.86398692053572 -11.366562553996905 0.04528311317366908 0.411776835651143 0.04805300921994354 0.9088895343150015
1645338243528099.0 73.87447057183282 5.826350980542854 -11.361570850785377 0.045468339598363806 0.39788568750823405 0.050088545921260046 0.9149375647210916
1645338243561432.0 73.88981009758078 5.816709175448065 -11.295477563001498 0.04783310561873169 0.38934491814417543 0.050638232860729535 0.9184542983158799
1645338243594766.0 73.99111829569615 5.796689312219075 -11.280206740086529 0.04783788697125683 0.3745918837321992 0.04976017857086816 0.9246168838176616
1645338243628099.0 74.01319993902413 5.779350550523849 -11.214288144342728 0.04924661617458898 0.3646478119965645 0.049670280337042544 0.9285147318447405
1645338243728099.0 74.22015368243954 5.712482065058637 -11.123642950028513 0.04879091016501059 0.32397278852774564 0.04299428584861367 0.9438286765950662
1645338243828099.0 74.34350705654933 5.659594809114363 -10.90978505278357 0.0490573724468019 0.29099430430420536 0.028277899995338352 0.9550476686757478
1645338243861432.0 74.41271997862977 5.642652760288352 -10.903857386098585 0.04857144042785023 0.27738124645400136 0.023878617392899582 0.9592342106710915
1645338243961432.0 74.52289109226669 5.576575637847949 -10.682571540518424 0.049789559994795785 0.24400859145801468 0.011646618803758514 0.9684240617005756
1645338244028099.0 74.59953014649479 5.531850865715069 -10.564242260192044 0.05206955895508242 0.22338701328748672 0.005347993553812463 0.9733233801207427
1645338244061432.0 74.66697096195999 5.511799867926983 -10.530085781689786 0.052887423184912886 0.2114905229889885 0.0020652529314353946 0.9759459072535902
1645338244094766.0 74.68163593384895 5.4862328456571055 -10.429693994706051 0.05455465004837326 0.20254154164513935 0.00120292282837341 0.9777521501090032
1645338244128099.0 74.74678055622527 5.468399550213311 -10.388310575952298 0.05572708686169614 0.19074890002653527 -0.0012873405245399277 0.9800549431960178
1645338244161433.0 74.74914842238186 5.4322258172407745 -10.301829048121382 0.05670664994553963 0.18225873823950797 -0.00352262054168277 0.9816077115282947
1645338244194766.0 74.81743168804266 5.419234826880859 -10.242518008415002 0.05876458077245832 0.17013797106217265 -0.007039038338395888 0.9836413201918447
1645338244261432.0 74.8768368834491 5.363076128665634 -10.078635419965611 0.06303502390815621 0.14921748133571977 -0.010410797665507157 0.9867382349522543
1645338244294766.0 74.89621844844804 5.333643190850488 -9.996130885186997 0.06491648739803267 0.13940605336328127 -0.011220652705729747 0.988041445943657
1645338244328099.0 74.9373727871649 5.312193391172166 -9.920763486823864 0.06665294844470891 0.12907737668742583 -0.012348091726094393 0.9893148841101318
1645338244361432.0 74.95674681134122 5.27465636632108 -9.83253815279654 0.06719840395484807 0.12013124244535153 -0.012451545331512126 0.990402856474735
1645338244394766.0 74.99266854169787 5.254065872279649 -9.756917127724098 0.0675415358579885 0.11042388175184928 -0.013347827940322847 0.9914971219131566
1645338244428099.0 75.0192548963786 5.215212266082684 -9.660294595726196 0.06762498666249744 0.1012910569408375 -0.01301198830618173 0.9924704887919967
1645338244461432.0 75.04779248132081 5.189866392656573 -9.571342273571956 0.06836386322024218 0.09279963810976105 -0.013765436618019348 0.993239710305129
1645338244494766.0 75.07547005380742 5.159376602822753 -9.469093104828431 0.0688026195716587 0.08464818312945346 -0.014304810407001992 0.9939297042709709
1645338244528099.0 75.09525423313717 5.127943439608244 -9.395739532060674 0.06907499279505705 0.07706803378286277 -0.014971426997380409 0.9945174809488612
1645338244561432.0 75.12526751183387 5.098173304791636 -9.30382154863556 0.06995785209415087 0.06916560976434813 -0.014819271501505065 0.995038897002757
1645338244594766.0 75.15455345024255 5.071035250379829 -9.20796870540252 0.0712015954972715 0.06210266399860479 -0.014655557740957502 0.9954189100826952
1645338244628099.0 75.18171186030989 5.0335330434258605 -9.110076541805512 0.07206843210804499 0.05593760684230771 -0.01490046053728797 0.9957183846399645
1645338244661433.0 75.20366208604038 5.005787707736932 -9.013762727878738 0.07371361171533068 0.05040464356411283 -0.015519181993842782 0.9958839442150366
1645338244694766.0 75.22569273853529 4.975815438322907 -8.918988908531414 0.07527430788081409 0.04570256616708712 -0.016310135303687006 0.9959814423497975
1645338244728099.0 75.24240711698525 4.935709466336811 -8.83547405983151 0.07593221720891496 0.04199287738457324 -0.017307782596208018 0.9960779775199855
1645338244761432.0 75.2663853913254 4.906249536243492 -8.739662232039 0.07705798812132579 0.03915883865479174 -0.018018594038084715 0.9960943640493064
1645338244794766.0 75.29691605341384 4.873641242969107 -8.621327455852983 0.07779990101539079 0.0373722027162773 -0.01931167687577484 0.9960810976031894
1645338244828099.0 75.31681618121203 4.829053271510856 -8.519592159917051 0.07727217980070658 0.03629135079398056 -0.019634630491657725 0.9961558258484721
1645338244861432.0 75.33887375021047 4.798958874234881 -8.424247632488711 0.07680829309671271 0.035714084705421444 -0.020505114710988766 0.9961950263557395
1645338244894766.0 75.35966976045819 4.7594277367118325 -8.320977923536432 0.0756929164752093 0.03555742176143939 -0.021282326262107767 0.9962696998012283
1645338244928099.0 75.37634332297799 4.723053289340538 -8.236347080071614 0.0744759379942291 0.03578869136666335 -0.021560523174085324 0.9963471523874603
1645338244961432.0 75.39862090896742 4.689850304087387 -8.122385897208042 0.07424098232171045 0.03651242726240297 -0.020641446216593407 0.9963578924750899
1645338244994766.0 75.42446589561607 4.650180452249549 -8.017852529366872 0.07336978994764284 0.037518421282692296 -0.019966976308648757 0.9963987965892889
1645338245028099.0 75.44313612759478 4.618242830658276 -7.9071082327695015 0.07315244993187722 0.039581411429722685 -0.019295509831431648 0.996348189258424
1645338245061432.0 75.47137457914417 4.58116235138045 -7.804029511807106 0.07337612427428293 0.04172995354900284 -0.01773168315403481 0.9962731265952163
1645338245094766.0 75.48867299728155 4.535979879753252 -7.705193660931823 0.07355319544513331 0.04463531349884678 -0.01568723116852636 0.9961684230123613
1645338245128099.0 75.51937102884389 4.494915474397831 -7.597396863739842 0.0744582963558736 0.047094453676204344 -0.013449033722354845 0.9960206815265714
1645338245161433.0 75.54099668926528 4.452289090547683 -7.499919502681219 0.07535612561380382 0.04973436752513234 -0.010629775161970417 0.9958589031079442
1645338245194766.0 75.56812811826347 4.420832531604665 -7.390648665916352 0.07691843505628791 0.05225209515355184 -0.007572790525599656 0.9956384513186558
1645338245228099.0 75.59206419384047 4.3726912409364225 -7.281678926187731 0.07784129874635458 0.054928417643292794 -0.004613439903740044 0.9954407653481645
1645338245261432.0 75.61493411368288 4.341094176183973 -7.177693088844384 0.07960328909555947 0.05739140411190924 -0.0014038209210979335 0.9951721320385
1645338245294766.0 75.63981905495537 4.293925404399908 -7.068704536734491 0.08056644342852638 0.060021323551978756 0.0009030050563944291 0.9949400351248385
1645338245328099.0 75.66345564714545 4.251487889413922 -6.962481784365928 0.0816256380641408 0.06295138525744862 0.0034333616248913303 0.994667075122497
1645338245361432.0 75.68766256116122 4.209612111208752 -6.849502980505231 0.08322755995466045 0.0661838459807204 0.004982505219594316 0.994317879974473
1645338245394766.0 75.70878612616485 4.174015672304549 -6.745816989478449 0.08553190156293865 0.0693846333672941 0.005930959340810043 0.9938988329748716
1645338245428099.0 75.73643500259888 4.128188282468888 -6.642407409820414 0.08699372154934848 0.07204093882607626 0.006561726345113463 0.9935789547345615
1645338245461432.0 75.75752947759219 4.088627684923231 -6.523691924505681 0.08916879408742419 0.07492270044697517 0.00841735974969231 0.9931589314775212
1645338245494766.0 75.78145313772235 4.047026568685147 -6.41067866149971 0.09072180307019992 0.07687522458551947 0.00980873272588864 0.9928562549810168
1645338245528099.0 75.81214598107375 4.010664083434239 -6.2914512542381935 0.09185138706640916 0.07774854007294243 0.010940946575105125 0.9926725456556877
1645338245561432.0 75.82930251492489 3.968325786506756 -6.1770622089853475 0.0922888290785241 0.07855583423587868 0.012191467069265981 0.9925538378675078
1645338245594766.0 75.85790282177977 3.9266096856001447 -6.065255251298514 0.09213444746391734 0.07834861924702842 0.01393091771878478 0.9925616691088345
1645338245628099.0 75.88102800521135 3.879051935856507 -5.954933065921335 0.09243061048730329 0.07794984356506642 0.015730638134733608 0.9925386396292087
1645338245661432.0 75.90865257032804 3.8413120428165923 -5.833203666442604 0.09366413667009758 0.07725950879926576 0.017119541539519157 0.9924539884042072
1645338245694766.0 75.9336361866672 3.7957138096698 -5.720877000866082 0.0947819023026411 0.07632605690265179 0.0185307302100243 0.9923947481075608
1645338245728099.0 75.96216064964263 3.759773251825454 -5.604346775630958 0.09651619794855637 0.07480660716849719 0.019543463195062487 0.9923238625085242
1645338245761432.0 75.98402839211977 3.706868708775575 -5.488849760974593 0.09709312574936066 0.07326641910305726 0.02060115084617668 0.9923610982640579
1645338245794766.0 76.00977172044159 3.667319875658504 -5.35967396586181 0.0979734220553008 0.07107492909943688 0.021708820389159098 0.9924103436288818
1645338245828099.0 76.03248480469054 3.6229560579430995 -5.245573695612479 0.09828249237141228 0.06867480936412818 0.02237970758007239 0.9925338638760364
1645338245861432.0 76.06228973528853 3.582940147026828 -5.12473076501236 0.09789180406630475 0.0676105578472781 0.022576271113201787 0.9926410827418172
1645338245894766.0 76.08734936385633 3.528317367730914 -4.988285326585226 0.09916101048829494 0.0646646341089536 0.022050989349617477 0.9927231905033742
1645338245994766.0 76.15767837072246 3.398627239858063 -4.6571438177044255 0.10326564427497019 0.06138278409674506 0.019039181522701416 0.992575372501229
1645338246028099.0 76.1875814667882 3.3511099900815777 -4.526938637854542 0.10418974154377827 0.05961855350553183 0.019511251448965115 0.9925771692426962
1645338246061432.0 76.20766833016413 3.3107626617355645 -4.413962578492023 0.10427830577240182 0.0581124265043921 0.019355345140056414 0.9926602396819963
1645338246094766.0 76.23554767127443 3.2608434661049914 -4.28042407161333 0.10367212384344177 0.056558196586062995 0.02039123652636888 0.9927927571299299
1645338246161432.0 76.28232684776907 3.16802039105841 -4.040265332933718 0.10203358467879305 0.055255528896099394 0.022993490127772066 0.9929789894734692
1645338246228099.0 76.32985377812898 3.0718536631072078 -3.7847130793919423 0.10254825826438818 0.056898357196094665 0.025683699777165336 0.9927672331624783
1645338246261432.0 76.36129400526627 3.0381406373084676 -3.6751684310753197 0.10314921437085324 0.05750925768248399 0.026402147448363174 0.9926509212535897
1645338246361432.0 76.43217940032238 2.8992687588182164 -3.328817576145969 0.1023934436707215 0.058100855644699634 0.02898873001877788 0.9926225500151118
1645338246428099.0 76.47645449526784 2.817781942867615 -3.0781985436277894 0.10454568935144672 0.05836837194039163 0.030893382941926763 0.9923250127279178
1645338246594766.0 76.60236924867047 2.5692518339784716 -2.440805108175663 0.10720783695423292 0.06889794513520324 0.03781706293579493 0.9911253314302138
1645338247028099.0 76.92864197696193 1.918989700091362 -0.7682811922684325 0.10068623652140414 0.07998236978193644 0.03497097909752562 0.9910812948089486
1645338247094766.0 76.9671719466337 1.8217112778004456 -0.5021293532492642 0.0971120285415998 0.07898484196795248 0.03507348774278556 0.99151424554032
1645338247261432.0 77.07547142521959 1.5978638183411318 0.12998406200800053 0.09033515401452155 0.07571434470028421 0.03181149452659844 0.9925194843285262
1645338247294766.0 77.0952680726979 1.5494496466620722 0.2567924082320058 0.09124775326972231 0.07452439507598733 0.03195321109470661 0.9925215132995976
1645338247361432.0 77.14417442091012 1.4552187008330302 0.5057712250716759 0.09703642689764172 0.07347794404064224 0.0313858532390329 0.9920684713319724
1645338247561432.0 77.27529599560046 1.1724554704679433 1.2444814145082093 0.11189548894432828 0.07387300696970647 0.023780045845422225 0.9906849589121423
1645338247628099.0 77.30536214812071 1.0811240818279741 1.4878983356313922 0.11336490775009987 0.0707718268483389 0.020224811223694402 0.9908232451988225
1645338247694766.0 77.34450035298283 0.9963893497387403 1.7343102239825414 0.11489446875564727 0.06633830912662572 0.017458198795638882 0.9910064081964303
1645338247861432.0 77.45279366185247 0.7750111894117759 2.3350431696483804 0.1197132228408362 0.05989823897944478 0.01491284759499296 0.9908877596483014
1645338247894766.0 77.46913891107047 0.7261960963331974 2.450113296101253 0.12046385344162505 0.059383100781674046 0.013239944131114968 0.9908515586277054
1645338247994766.0 77.53078193512374 0.591323830625811 2.801022621893983 0.12279266033736308 0.05391280326210724 0.005902538070353937 0.9909493086207903
1645338248028099.0 77.54325573512457 0.5524114300707131 2.9140795897919576 0.12375010078932641 0.052099755162684856 0.00330000595975321 0.9909392706050586
1645338248261432.0 77.65523798709737 0.25259434967985095 3.716698781548151 0.1275059029463554 0.03306153490187008 -0.010231010425220937 0.9912338301578725
1645338248494766.0 77.72296843647517 -0.026171247038696555 4.490332405124454 0.1322965169462258 0.012402558153676937 -0.022542497568881478 0.9908762001170978
1645338248628099.0 77.7439950977543 -0.17928771055908993 4.90617627441643 0.13551621748389994 -0.004918198110962445 -0.03441501192028722 0.9901650231555971
1645338248694766.0 77.75623144704197 -0.2832047812597012 5.114078858992314 0.13493600639087233 -0.016285217205726475 -0.04186513340960145 0.9898355300172049
1645338248728099.0 77.74979129256032 -0.32400432592899686 5.211255804853119 0.13558226646071764 -0.021882646555763857 -0.04647480386728531 0.9894335204583419
1645338248761432.0 77.74466269131645 -0.3603211706031875 5.3112887619950175 0.13710238687240278 -0.02823101171978148 -0.05095182826418972 0.9888426855105438
1645338248828099.0 77.73062156405862 -0.4338928073309034 5.512937025951201 0.1405473182580672 -0.04163663966942561 -0.058539401829439265 0.9874644196126539
1645338248928099.0 77.71277705757817 -0.5468097974609684 5.802380342623522 0.14385128754221574 -0.06426881566990644 -0.07044210043992814 0.9849945364774595
1645338249094766.0 77.63848117451683 -0.7328916945113167 6.286140338935291 0.14138780299474865 -0.10374396051808839 -0.07911991133909299 0.9813188673667869
1645338249128099.0 77.66534181803888 -0.8029136785722379 6.388091567838811 0.1380577853387994 -0.11365126654050314 -0.07999801415131719 0.9806241661579278
1645338249194766.0 77.62825751777348 -0.8705147010325385 6.5684968023649475 0.13429539275246982 -0.12851955860659273 -0.08253890328841096 0.9790989735389231
1645338249294766.0 77.53384661588063 -0.9649566159799695 6.836034763175075 0.12863726596208314 -0.15023658119890568 -0.08742360833082335 0.9763393550307617
1645338249428099.0 77.4315595252026 -1.0924943274781387 7.182339506604274 0.12268658834278441 -0.18240344913507334 -0.0949756988553001 0.970905041397656
1645338249494766.0 77.36269610069712 -1.1525234548564551 7.366672880149 0.12187061994504693 -0.19942308522848431 -0.10019675138440971 0.9671290483095694
1645338249528099.0 77.32443441749501 -1.183891043459501 7.461785708444607 0.12188696437265001 -0.20856188579159773 -0.10288588678713655 0.9649145050267912
1645338249561432.0 77.28753569122313 -1.215769889499782 7.54508906769672 0.12214602992941713 -0.21783922786540422 -0.10535095824794768 0.9625630336615497
1645338249594766.0 77.2663704546571 -1.2379985167852476 7.641258271506493 0.12339085270781032 -0.22809004549044778 -0.10761367844056828 0.9597754554210557
1645338249694766.0 77.12899718429846 -1.3373977210340178 7.8530713897824596 0.12718731626891921 -0.2540042142071229 -0.11506140405136926 0.9518750543233389
1645338249794766.0 77.0060641032021 -1.4084836732045691 8.070521128085684 0.13203095503971896 -0.278571598598543 -0.11951526712659367 0.9437593932190613
1645338249828099.0 76.96890699375079 -1.4446882743318556 8.13054830295978 0.13088218763375997 -0.284843092589778 -0.12061162047302261 0.9419061007186247
1645338249861432.0 76.93352826397746 -1.4657025161941595 8.188795380305336 0.13129896416686518 -0.29182122412142986 -0.12210068661635017 0.9395170980289791
1645338249894766.0 76.89978424335447 -1.4854615659183021 8.254102701871519 0.13282870970346725 -0.2996575942304315 -0.12322112129767716 0.9366848004343218
1645338249928099.0 76.8372070801931 -1.4960405338862337 8.32298249945746 0.13817185361976725 -0.3070931048814619 -0.1255284508358476 0.933190747828274
1645338250028099.0 76.71692109852178 -1.5602576463776703 8.481043336305486 0.14262632836512373 -0.3276789493040275 -0.13089673609481745 0.9247433595975785
1645338250061432.0 76.68682230413914 -1.5901616315416434 8.543701639231442 0.14136505003428307 -0.33558019354052426 -0.13248464034893623 0.9218729177081415
1645338250094766.0 76.63897603993466 -1.6058078114481997 8.597924576267914 0.14099157284146516 -0.34159525793900786 -0.13372210473213472 0.9195392622652283
1645338250128099.0 76.58443808015188 -1.6222766162698639 8.654314601203815 0.1415796316916465 -0.34678090265661204 -0.13596430612806756 0.9171760577456414
1645338250161432.0 76.5401627249148 -1.6295807073479993 8.70742640408126 0.14131185045277775 -0.3521861239033298 -0.1362630305341895 0.915111076078308
1645338250194766.0 76.48781767651798 -1.6731063121919763 8.763096042640154 0.13944382896569535 -0.3580838942266107 -0.13981429104939944 0.912569617770198
1645338250228099.0 76.45693239459274 -1.6766358603030256 8.80500502477462 0.13750831742960554 -0.3635528578735047 -0.13927751124009374 0.9107812893513194
1645338250261432.0 76.41463219954926 -1.6938087161023032 8.861634306283722 0.13496841766087272 -0.3694070535372706 -0.13923441070173806 0.90881006481419
1645338250361432.0 76.26487593051502 -1.762636698082071 9.022310414001636 0.13221419487667413 -0.38400840577546946 -0.13929428838712887 0.9031356776197133
1645338250428099.0 76.18294210671525 -1.7738396749017744 9.112740933328237 0.13184449418384886 -0.38954853266048256 -0.13283846414466238 0.9017887294145771
1645338250494766.0 76.07296820311278 -1.8398874772727685 9.221507412731077 0.12959510300149507 -0.39076903235449606 -0.13141288046860156 0.9017956129177541
1645338250561432.0 75.98482083685408 -1.8832726056224485 9.318517594872818 0.13019420322104827 -0.3888020463747038 -0.12556807703587272 0.9033908878287361
1645338250628099.0 75.89646864737203 -1.9204214705940934 9.400854050771251 0.13452574615303983 -0.384788647360009 -0.12400228670795477 0.9046899763875029
1645338250694766.0 75.80446976510405 -1.952707204107512 9.481238856217052 0.14351039454184095 -0.3812035147505806 -0.12588040936524245 0.9045677252358101
1645338250728099.0 75.76862098736365 -1.9680746264855775 9.531878245451763 0.14826276594734436 -0.3808478780329679 -0.12757099136742683 0.9037138309182617
1645338250761432.0 75.72020311067992 -2.005060946591699 9.55964214430411 0.15068638343737056 -0.3798688161379549 -0.13044792465028185 0.9033142505944146
1645338250794766.0 75.68126998468398 -2.023138989535753 9.607842848655043 0.15300814115944616 -0.3803377548428499 -0.13236439885218154 0.9024474316526874
1645338250828099.0 75.64177305369175 -2.043081910496905 9.648679682016658 0.15383692806524663 -0.38073598217600096 -0.13216633096150607 0.9021675966249828
1645338250861432.0 75.59884837337343 -2.050898959510117 9.700295893567503 0.15384794036350885 -0.3809281839387482 -0.13026749262017367 0.902360742881408
1645338250894766.0 75.56528868701433 -2.0739232503649716 9.735222296521574 0.15068882671731748 -0.3805799627907575 -0.12776170405270806 0.9033984261677083
1645338250928099.0 75.53047451503807 -2.08254346053872 9.768257234396609 0.14691090994826564 -0.37919141451759786 -0.12540592257486735 0.9049333733913576
1645338250961432.0 75.48699273529434 -2.106259689335627 9.82269605631387 0.1411384665420103 -0.37818045773674686 -0.12377816818749489 0.9064978983584809
1645338250994766.0 75.44703376787935 -2.123095131273133 9.860973546562011 0.13505639677492748 -0.3765144438293768 -0.12171205630210803 0.9083957389974597
1645338251028099.0 75.42408538866604 -2.127216625438152 9.901411470254295 0.13050123494311194 -0.37558111769466107 -0.12055403522035123 0.9096015480976504
1645338251061432.0 75.38655923135326 -2.1434378652978974 9.949995176067699 0.12533926602757864 -0.37483114941464934 -0.11959214506281099 0.9107630848137381
1645338251094766.0 75.34340839550033 -2.1760410639822076 9.979678303483855 0.119496846343032 -0.37364381910392286 -0.11863552237813073 0.9121603000512425
1645338251128099.0 75.3432708267909 -2.167980927400036 9.99733538820092 0.11793219052462378 -0.37369084795096275 -0.11510809263352659 0.9127964042468758
1645338251161432.0 75.30867474429564 -2.1829162442544123 10.032126797055962 0.11568601117033125 -0.37381940381756423 -0.11324204366988953 0.91326449602207
1645338251194766.0 75.28411614459652 -2.2031602564538235 10.075246699001983 0.11376902753251891 -0.37524602892648584 -0.11094413243167647 0.9132022917339786
1645338251228099.0 75.2406856007 -2.2050331415175197 10.117336457745532 0.11349815122638122 -0.3750994116305597 -0.11158750108094927 0.9132178440356444
1645338251261432.0 75.20431067491677 -2.2272378892617484 10.151096808583052 0.11150368609839477 -0.37544346481294977 -0.11068506523344337 0.9134319619161497
1645338251294766.0 75.16633181057497 -2.25297598043404 10.16869450341259 0.10919323107339096 -0.37462172128576937 -0.10903446938420333 0.9142466235730629
1645338251328099.0 75.15161689335955 -2.247465545893615 10.191472708846147 0.10970102393319218 -0.37409391318748936 -0.1081314453569943 0.9145091688928482
1645338251361432.0 75.10666606432595 -2.269167372223345 10.227997591843096 0.10832024503306563 -0.37356704605606333 -0.10783406630082248 0.9149241502780182
1645338251394766.0 75.08618255309067 -2.278697410575154 10.26222084267538 0.10682030779707503 -0.3744393703007311 -0.1067640331069912 0.914869401087204
1645338251428099.0 75.07169561845731 -2.2786937472547444 10.28540773026214 0.10603459329197498 -0.3754951565736084 -0.10581793035599368 0.9146379710193213
1645338251461432.0 75.0513327310368 -2.286178385756377 10.291319518921423 0.10525849380853974 -0.37523535300077493 -0.10240350120305657 0.9152227063840237
1645338251494766.0 75.01529131442281 -2.2941810787934216 10.335102969463739 0.10339859723271609 -0.3763123655396593 -0.10316244983767305 0.9149072316774757
1645338251528099.0 75.00755419474554 -2.3042379602336633 10.330058657913858 0.10246010305979707 -0.37539879855407865 -0.10057902824909015 0.9156754492731574
1645338251561432.0 74.98213349081409 -2.3066914238129366 10.363027954052773 0.10176782861365821 -0.3754369121093019 -0.10076659506291805 0.9157164011879001
1645338251594766.0 74.93909551021484 -2.3240567557404397 10.401350393034258 0.09940319893040352 -0.37537110780198346 -0.10421322998706878 0.9156173535738479
1645338251628099.0 74.92492666616049 -2.322163798522419 10.41336888541529 0.09920395868365606 -0.37457184984206165 -0.10539099722087253 0.9158314482437134
1645338251661432.0 74.88667419329173 -2.334442151061993 10.440790524370394 0.0979569897859921 -0.37388509965781197 -0.10743886195263896 0.9160083249339259
1645338251694766.0 74.86352042874422 -2.3428100920990484 10.449933312604132 0.09627851641229454 -0.37314491280299794 -0.10914024015150098 0.916286925207581
1645338251728099.0 74.85663279407852 -2.335924007320543 10.447170888757338 0.09738846705170676 -0.37276539279441545 -0.10850554313712349 0.9163994737714888
1645338251761432.0 74.83086564228633 -2.3550744915156163 10.493665569596796 0.09516144132071055 -0.37295373871817994 -0.11369401980979353 0.9159276602010592
1645338251794766.0 74.8141757956762 -2.3582545837586704 10.48475441699882 0.09551109208107962 -0.37169606139122835 -0.11323082971397287 0.9164597363976298
1645338251828099.0 74.8131794843397 -2.3574901010746254 10.50341037428889 0.09536277792449696 -0.37234843165271325 -0.11615986351636895 0.9158435849751564
1645338251861432.0 74.77723034293705 -2.3652780740939816 10.512296785657288 0.09432084853020065 -0.37154970666397297 -0.11933881846273697 0.915867151621007
1645338251894766.0 74.76624976273216 -2.3593249242621535 10.536098467103214 0.09349446828230325 -0.3726317917784814 -0.12061225411688972 0.915345298951937
1645338251928099.0 74.7294856479251 -2.378113336073197 10.534437046732146 0.0899973778614271 -0.37191124083812754 -0.12534646950896203 0.9153528082100096
1645338251961432.0 74.70244084785918 -2.3842763086473093 10.574820412457923 0.08849097354868858 -0.37353459438817527 -0.12690897970668183 0.9146230727821574
1645338251994766.0 74.69345800957106 -2.3871889852382426 10.585487087729692 0.08631669400180926 -0.37433624852085085 -0.12650222111114812 0.9145594510111849
1645338252028099.0 74.68913454830191 -2.4027777188655217 10.57944427850318 0.0839062470867055 -0.3743478353088344 -0.12698194389506748 0.9147125372618681
1645338252061432.0 74.65976242407257 -2.386067351269235 10.612450773768588 0.08438550317283457 -0.3748891250923948 -0.12670022460931848 0.9144858029656199
1645338252094766.0 74.65573630552288 -2.4104260641861455 10.628080082867452 0.08176032656903683 -0.3759331847496109 -0.12558039378568758 0.9144501376783597
1645338252128099.0 74.66938485535428 -2.397095820712612 10.621457196928457 0.08417252888645585 -0.37648079059732314 -0.12091570049203433 0.9146346773803156
1645338252161432.0 74.66060560349524 -2.4034831000920973 10.631959714703541 0.08305125721274922 -0.3766184890833575 -0.11955767417817928 0.914858986347653
1645338252194766.0 74.6240454680204 -2.4212205953747787 10.665851348646601 0.07925930787379139 -0.3759198389069986 -0.12256536933538414 0.9150846775414746
1645338252228099.0 74.64734495977285 -2.4089472131564156 10.655980417159288 0.08153249721154626 -0.3765829732147754 -0.11767656290840882 0.9152540317994957
1645338252261432.0 74.60766459998948 -2.4282864127292125 10.677403941013992 0.07851796563327322 -0.37589352266417486 -0.12169606348736825 0.9152753994419428
1645338252294766.0 74.60076652020065 -2.4309816609491306 10.693817209759958 0.0782012884550777 -0.3773958387963215 -0.12123733656728117 0.9147450177865187
1645338252328099.0 74.59856913140811 -2.424786921965053 10.69049672504774 0.07864905570849264 -0.37837316244334596 -0.12119569239653637 0.9143083069311512
1645338252361432.0 74.59001445821238 -2.4369472505696845 10.706582629548441 0.07782493486766169 -0.3800853758161924 -0.12144578735678761 0.9136352156833699
1645338252394766.0 74.60772610602223 -2.43069299994627 10.70836483636554 0.0796401162745125 -0.38225215791448536 -0.1172593384916026 0.9131215621077039
1645338252428099.0 74.57846746986486 -2.4423865197787737 10.714173172009378 0.07717569901475851 -0.3821736152521933 -0.11973453433624502 0.9130448403960972
1645338252461432.0 74.57440026143945 -2.441205743956274 10.725221742778158 0.07720895771907109 -0.383159719103847 -0.11836135211192297 0.9128077545849582
1645338252494766.0 74.56837322345511 -2.4421483120073337 10.73413031710965 0.07677073065357373 -0.3837475942184285 -0.11724306230725133 0.9127420792246311
1645338252528099.0 74.57973313527395 -2.4465293254695104 10.710957498274063 0.07646793833666908 -0.38346913480941436 -0.11635368317307798 0.9129983009114078
1645338252561432.0 74.56015980780346 -2.4479268418973823 10.742174694587929 0.07649995430069922 -0.3843294668947643 -0.11653174271646898 0.9126110731345746
1645338252594766.0 74.54689452035223 -2.458805682752061 10.742300698507625 0.07484277909608954 -0.3842407495409241 -0.11561840113436171 0.9129019608526079
1645338252628099.0 74.55223702563033 -2.454021555344093 10.74426970531524 0.07426916948057777 -0.38464315252961606 -0.11589575905812081 0.9127441638866204
1645338252661432.0 74.54087446664994 -2.4502838231898676 10.752153964380259 0.07331530084366165 -0.3849845017805212 -0.11619459663457544 0.9126393678578277
1645338252694766.0 74.53531017132028 -2.4532887525426226 10.758340757216907 0.07082432038025284 -0.38548530630592165 -0.1160417404251953 0.9126441303947539
1645338252728099.0 74.55833647063014 -2.4455115536329313 10.753956833794327 0.07041491577800002 -0.38672461201604463 -0.11276753954746603 0.9125619409779413
1645338252761432.0 74.52786131377621 -2.451225587309707 10.76414421094772 0.06676832012185611 -0.38573481875094756 -0.11767364891493858 0.9126354986424333
1645338252794766.0 74.52026665160301 -2.451720101124284 10.773748750786945 0.06414584943892608 -0.38624256633725523 -0.11830666814004263 0.9125269980787261
1645338252828099.0 74.51778819471745 -2.459332512809077 10.768695457518838 0.06165112917287371 -0.3864994236658012 -0.11988623777772431 0.9123840330525387
1645338252861432.0 74.511460060943 -2.444874831229639 10.785832694778259 0.06047435737955537 -0.3875225529132865 -0.12125528654969356 0.9118477277302667
1645338252894766.0 74.50580706814829 -2.4426751144276473 10.78640064652234 0.058854044772321645 -0.38779718475773467 -0.12261304162476769 0.9116554101915021
1645338252928099.0 74.50947717861213 -2.4520303589078156 10.778760835540371 0.057395824117612834 -0.38780959209417726 -0.12460250036743625 0.9114733438536702
1645338252961432.0 74.5019027981413 -2.441482857579849 10.78944509404101 0.0573406636975814 -0.38809855944700117 -0.12543466358546845 0.9112396510320891
1645338252994766.0 74.49840563624022 -2.443705065531915 10.798745746734147 0.05649379264641723 -0.38846470663213906 -0.12629730766185016 0.9110173506421256
1645338253028099.0 74.49755626299468 -2.445622950796056 10.794498173491546 0.055784104565799776 -0.3881787435356262 -0.12746973119770014 0.9110196838561065
1645338253061432.0 74.4965126143267 -2.43939146604689 10.801431781875877 0.05573094235794286 -0.38831628380793876 -0.1284138308733443 0.9108317154304192
1645338253094766.0 74.49135138866961 -2.4424603806681624 10.800881438966229 0.05456673334549106 -0.3879104284732895 -0.12884059499693962 0.9110148583719727
1645338253128099.0 74.49663065587895 -2.451985669890837 10.788755630664786 0.05378751890467313 -0.3873744043243671 -0.1298501770764783 0.911145929693827
1645338253161432.0 74.52043104847648 -2.4473741666445203 10.786181270467347 0.055927406242375056 -0.3882516798945348 -0.1256857258807752 0.9112276645273094
1645338253194766.0 74.51475097657695 -2.4442930588798313 10.790174340911074 0.055769278348807565 -0.38761039411576986 -0.12572693496325485 0.9115046394783826
1645338253228099.0 74.4933317831498 -2.4499889318470904 10.793344698775776 0.05394172170888714 -0.3857222013589542 -0.13004767994854205 0.9118093413526125
1645338253261432.0 74.49058308393687 -2.4415600233785804 10.805109618664899 0.05408450340866112 -0.3853463586934208 -0.12994209572345283 0.9119748363259574
1645338253294766.0 74.48624664047448 -2.440124077309528 10.810536392124671 0.05384272121257163 -0.38488749752515106 -0.12986842351459327 0.9121933831129704
1645338253328099.0 74.48480030370825 -2.442017736072834 10.804260977662027 0.05381001251756936 -0.38409024361967115 -0.13011223977854017 0.9124965601956274
1645338253361432.0 74.48443316063754 -2.4377610085866 10.814005344169775 0.05438141290683538 -0.3837325804383411 -0.1299344254193366 0.912638490165375
1645338253394766.0 74.47984181028144 -2.437531030970243 10.816270206282812 0.054155482647877985 -0.383007049291944 -0.12971312793265238 0.9129881096343924
1645338253428099.0 74.48626737132653 -2.4512088153055616 10.802308175307797 0.05263882696144134 -0.38238416904611733 -0.1300565673578544 0.9132889961267056
1645338253461432.0 74.47902810158405 -2.4414348490361553 10.811223512835323 0.051996868228968596 -0.38236275677649073 -0.12947750371039127 0.913417004416705
1645338253494766.0 74.47601132233785 -2.438341810738743 10.818096952620943 0.05077477312720841 -0.3824862615018203 -0.12934208804824338 0.9134532316629911
1645338253528099.0 74.48313323285613 -2.4508164525116736 10.806953850110894 0.049721649611933955 -0.38205250262324253 -0.13000957880095365 0.9135979160545321
1645338253561432.0 74.47581566817472 -2.437952129146137 10.814972555542486 0.05076358136179364 -0.3816734653315648 -0.129986958401908 0.9137022574747968
1645338253594766.0 74.47495706554601 -2.4376159111311995 10.818961304875389 0.050853362698226774 -0.3816805077990408 -0.12918290187493714 0.9138083515331424
1645338253628099.0 74.51343422862539 -2.455061502336347 10.800061044126942 0.052475404888749085 -0.38293376397203294 -0.12231813166082321 0.9141369366560891
1645338253661432.0 74.50598615886453 -2.43301559704163 10.811060536743208 0.053661980861203926 -0.3824838125457413 -0.12147776956030046 0.9143684577090248
1645338253694766.0 74.50381907635393 -2.4320857561792457 10.815024119936636 0.05312404607694396 -0.38169870982939563 -0.12070413494216592 0.9148302806809867
1645338253728099.0 74.49798408771477 -2.436813873409827 10.81584671990715 0.052347574567885406 -0.3808067004266871 -0.1210683013093918 0.915198587610939
1645338253761432.0 74.4672061501538 -2.435034777604669 10.819253804609367 0.05005777632382953 -0.37895878089062957 -0.1261796984950821 0.9154032691131769
1645338253794766.0 74.4620475262733 -2.4308408468255798 10.828645156226804 0.04943773012619688 -0.37962220199689256 -0.12622285793479443 0.9151560985568377
1645338253828099.0 74.4597143408343 -2.429533837493356 10.826887597541543 0.0489450868171367 -0.38051868537753875 -0.12672726162171236 0.9147404603038365
1645338253861432.0 74.46119890218135 -2.4283979049533455 10.828228202905004 0.04861844080784181 -0.3817437920192343 -0.1273923217806414 0.9141548669779797
1645338253894766.0 74.4694887483297 -2.4254987223859628 10.838333628918866 0.048319536586106666 -0.3830954758924272 -0.12806840914855863 0.9135105698967123
