#timestamp tx ty tz qx qy qz  qw
1643042205936724.0 0.0 0.0 0.0 0.0 0.0 0.0 1.0
1643042205970058.0 -0.012289344654960743 -0.015864210436270156 0.0536602297324222 0.0007906092671809809 0.0008436035454788987 0.0013391267525584584 0.999998435003568
1643042206003391.0 0.022226783990807818 0.004334066993439589 0.07883862557973272 0.0026958043056249377 -9.48687085794215e-06 0.001967491890170461 0.9999944307468952
1643042206036725.0 0.016603959978167212 0.007416067155313572 0.12259274631129483 0.0025901130430916494 0.002520696178889645 0.0007398193104920313 0.9999931950131388
1643042206070058.0 0.044272065370866594 0.014234774040695895 0.17696209010207575 0.001402487513276862 0.0033015135419609213 0.0007409731919331267 0.9999932919754193
1643042206103391.0 0.025586682608038463 0.010857103433999376 0.22099302308384708 0.0009233223753945323 0.004871131578337641 0.0014681632431862602 0.9999866319354619
1643042206136724.0 0.08193598268916628 0.0282469578555189 0.26330178669573695 0.0031124051804263123 0.005047326617672396 0.0027656488383468736 0.9999785940781485
1643042206170058.0 0.04516304354243061 0.009597629768880591 0.30671560750306454 0.001578330492642329 0.010349902560792101 0.0008942429540345652 0.9999447928357731
1643042206203391.0 0.10420582168917504 0.02409906972160098 0.3557683044847803 0.0019050907987878335 0.00997937950554677 0.0012465814870706315 0.9999476129519629
1643042206236725.0 0.07638468699295771 0.020489280027512678 0.4087813942672406 0.0018872641332177292 0.012354409385516959 0.002041442566923776 0.9999198164428349
1643042206270058.0 0.13691026509263837 0.038043975647605935 0.429234740517671 0.0031413035058722575 0.011454931099369292 0.00290424661114016 0.9999252382640487
1643042206303391.0 0.10899446146402578 0.018277905515250825 0.480641400834806 0.0019451966875097993 0.012953091519994981 0.0018415327435504982 0.9999125173669325
1643042206336725.0 0.16878526316927703 0.02862154338451597 0.5037279536992554 0.002141664191966882 0.010845577131734287 0.0015279134961431397 0.9999377241666186
1643042206370058.0 0.12491718446562557 0.02283139882444746 0.5518825586197394 0.003468332537083726 0.012327296806064512 0.0012721019880896124 0.9999171916610892
1643042206403391.0 0.18373017283923143 0.036851129091501 0.5871084660517217 0.00400389700302785 0.010337890322476015 0.001339940575158396 0.9999376487520232
1643042206436724.0 0.1314433286373119 0.029572286158520898 0.6515690754701193 0.003242482169677215 0.01337853142549302 -0.00015400629984244345 0.9999052342538947
1643042206470058.0 0.20818092600086666 0.0475860679640269 0.6754206948843188 0.004224751851704171 0.009715258304960055 -0.00017099166497465374 0.9999438664193655
1643042206503391.0 0.16290221080122438 0.040496069004017574 0.7258924118113625 0.005430875042024204 0.01173688920413014 8.066078491087104e-05 0.999916368763871
1643042206536725.0 0.243093619347044 0.05062196653764058 0.7705223520090264 0.00437394339108261 0.00962749707344261 0.0015163773165833775 0.9999429386315731
1643042206570058.0 0.20087494597360295 0.030638327724716738 0.8232227836810181 0.0021754553158922995 0.010870905472566562 0.00014468587336374425 0.9999385330480934
1643042206603391.0 0.2729318498270059 0.058196311535633496 0.8476532844628621 0.004959914608634294 0.007371508211983015 0.000984395096646795 0.9999600447418133
1643042206636724.0 0.20061027518565264 0.0371949438664547 0.9057881443289671 0.004444498177386651 0.010878797953965265 0.0006997922885344891 0.9999307018397728
1643042206670058.0 0.2818566955929079 0.05631545048702329 0.9463970068377431 0.004452322479075853 0.00750602178085269 0.0012958423970462537 0.9999610778695587
1643042206703391.0 0.23700359668529175 0.041999282970724874 0.9989940752555052 0.003548046958365289 0.008319139463586044 0.0010248543731639858 0.9999585756194506
1643042206736725.0 0.3094847594350167 0.06193799512056513 1.0339875908816527 0.005303008738466469 0.005000366887875662 0.002118980118585701 0.9999711917613244
1643042206770058.0 0.25072194388276176 0.04275673423665449 1.108714106725466 0.004239547392460866 0.007646704980672582 0.001828223365649459 0.999960105074283
1643042206803391.0 0.32989858380288983 0.07682786447240618 1.144409207017164 0.005702509401334368 0.004265713112436843 0.001116990569150717 0.9999740183675966
1643042206836725.0 0.2812595845723402 0.06399303766949163 1.193993085909388 0.0055096965695374716 0.004918972771973595 0.00023699163809321483 0.9999726950199909
1643042206870058.0 0.351583937691142 0.07688427687689478 1.2296224181790567 0.006090664185132597 0.0023518798507072207 0.001454909372520403 0.9999776276045728
1643042206903391.0 0.2897945653584783 0.05591333556725147 1.2843444829534951 0.004138708180175403 0.005312426250052914 0.002210872447844753 0.999974880316979
1643042206936724.0 0.3812756228599092 0.08433887188195217 1.308152154103126 0.005023046219999095 0.0009984482191694164 0.0025398520146519606 0.9999836604962948
1643042206970058.0 0.31040598399153835 0.07837804486350655 1.3470564903874622 0.0054595505245610245 0.004439467560461294 0.0006283395798304329 0.9999750445012224
1643042207003391.0 0.36189485919070397 0.09175082298447478 1.3751386174757494 0.006155864207006367 0.003674353027015299 0.0004743413898904177 0.9999741893998781
1643042207036725.0 0.3135935172958251 0.07142514769414372 1.4419402189710897 0.0041849678069291255 0.007948545366111729 0.00039486823957405833 0.9999595745579375
1643042207070058.0 0.405438825707185 0.10040493494412125 1.4818189752298723 0.0056180561017898705 0.005102871967487893 0.001404691492417383 0.9999702120489049
1643042207103391.0 0.3493135498182139 0.08300263986116399 1.533970855237211 0.004586804792288311 0.009424395437641444 0.0019096873528804486 0.9999432459328113
1643042207136724.0 0.43038730048023427 0.09412826403636587 1.5825881398139519 0.0031382391062437947 0.008385145599891489 0.003480677159803858 0.999953861773177
1643042207170058.0 0.3669212905490795 0.08363791154040162 1.6222076628111688 0.0026926816934908777 0.012851295278549172 0.0019145985781748255 0.9999119601181123
1643042207203391.0 0.4605556703751475 0.09938652041693259 1.6371744053643167 0.005011920032638876 0.009301616766742125 0.0037441564268547835 0.9999371689640115
1643042207236725.0 0.38646969258544345 0.08716593889124606 1.6754427117416506 0.005831868631575793 0.013658335241437955 0.001955388488049829 0.9998878015270299
1643042207270058.0 0.46228505525086283 0.09708242625735763 1.7186974796066579 0.0044544935875070624 0.012526986436258677 0.0030177122920261854 0.9999070584360464
1643042207303391.0 0.41320062349971914 0.08626374261592355 1.774707229936934 0.0023972700881003204 0.014758639991334015 0.0017947772335686542 0.9998866007785147
1643042207336725.0 0.5088845585847213 0.12137967447347964 1.8172529798136894 0.004534644272244264 0.011979161894545684 0.003824773927054197 0.9999106499012976
1643042207370058.0 0.436752414561268 0.10468195756992996 1.8752468585176938 0.005759981034800632 0.0160646291065572 0.0017256255815518854 0.9998528754404318
1643042207403391.0 0.5126162657671188 0.11001722281658699 1.9118219208931955 0.004965105800968633 0.015039592661849966 0.0017772246785774306 0.9998729918591625
1643042207436724.0 0.45693054751779727 0.09200770008956151 1.9597441274591143 0.003225611527240906 0.01770620323386091 0.0003896759162343377 0.9998379538455203
1643042207470058.0 0.5531734897161793 0.10770476353477987 2.0014159067176163 0.0038283347161256836 0.014185654982346379 0.0013046612431535313 0.9998911985336523
1643042207503391.0 0.4788978901381796 0.09921074560353413 2.055135050355977 0.0035965971745030604 0.019011327963840967 0.0014439736604255607 0.9998117567011721
1643042207536725.0 0.5753794047137127 0.12169717811792502 2.0848007362892322 0.0038108671847147087 0.016472299228847215 0.002890859002583592 0.999852880969817
1643042207570058.0 0.5137333209801503 0.11474695175484988 2.1263069613819274 0.003034425244121217 0.019279848162616495 0.0015222371966991466 0.9998083628937003
1643042207603391.0 0.6085029179987715 0.14445067872534414 2.162136217592213 0.0059158352440495665 0.016127191103104288 0.003064328399208751 0.9998477516561964
1643042207636724.0 0.5371616267887014 0.11724589846408141 2.220408073856525 0.00491449926059059 0.02104652788029502 0.0021833575277819474 0.9997640343156516
1643042207670058.0 0.6439826761968563 0.10556763732159201 2.272489815291621 0.0030012725614579545 0.016935416528221805 0.0017713684691604264 0.9998505119685512
1643042207703391.0 0.5917715420869778 0.09751106872568127 2.3321128438571668 0.0014122406417180129 0.02092180214008198 0.00026205366033383584 0.9997800833680676
1643042207736725.0 0.6781231952292337 0.11494231081736256 2.3548224145469887 0.0032357462806030034 0.01716585267667875 0.002150837080103302 0.9998451066779019
1643042207770058.0 0.6011379079597978 0.11225168745341749 2.404574689917391 0.0035451011139248545 0.022761875075228616 0.000548368976014259 0.9997344790456204
1643042207803391.0 0.6938765641046414 0.11977022746056334 2.4350877559834068 0.002715541516030913 0.01974464412395877 -0.0002782510203482482 0.9998013289844451
1643042207836725.0 0.6379201856494421 0.11120705321938502 2.495190528700691 0.0014294938206864194 0.024027783739761402 -0.0017632123839386043 0.9997087141953205
1643042207870058.0 0.7217029429080338 0.1294621600635045 2.529928950123928 0.003067552325648988 0.02209419265920939 -0.0002809106051329623 0.9997511479676825
1643042207903391.0 0.6487066469766402 0.1210188491192607 2.590919679952618 0.0020900577129020913 0.028231668611661525 -0.0008203025729293511 0.9995988853784535
1643042207936724.0 0.7396308853264256 0.1303259442953918 2.6224108746098294 0.0020011833094474 0.025942751321870013 -0.0014925205244786625 0.9996603129572053
1643042207970058.0 0.6787030088068825 0.12990030953687334 2.689339233875006 0.002370997447491607 0.03079334202001482 -0.0028666883973587046 0.9995188495250976
1643042208003391.0 0.7728657397105061 0.13862569494564503 2.728702503548291 0.003109811219665793 0.027817341125662656 -0.0013511163359345856 0.9996072724282888
1643042208036725.0 0.7060147756522583 0.11856571415461066 2.7924234585723737 0.0002543276671980539 0.03312216108943629 -0.0018066757552190969 0.999449645397365
1643042208070058.0 0.8051853382393006 0.1389434424581518 2.8170339114360416 0.0008002444826551687 0.028547316451248157 -0.0006188373784233931 0.9995919304258609
1643042208103391.0 0.7400747605789668 0.13979480462032115 2.8723532301314343 0.0025719674892903366 0.03178681371904759 -0.0018842733304610016 0.9994895862243091
1643042208136724.0 0.8368803082262428 0.1455236173969053 2.916041471013362 0.0029634847694008813 0.027560676431856557 -0.0006365252736916881 0.9996155369481888
1643042208170058.0 0.7725889839580846 0.13519571743688155 2.967835268001008 0.0022828143861831377 0.03021393572768149 -0.0008703470290669121 0.9995404690868553
1643042208203391.0 0.8678085608956968 0.14836024178366589 3.011729643627352 0.00340707769204724 0.02441278790638604 -0.001653684285363735 0.999694789891656
1643042208236725.0 0.7972675444119245 0.1621061235868515 3.0673230037409875 0.006375709564649231 0.027231576911499033 -0.0033865631657201195 0.9996030825964799
1643042208270058.0 0.9109422672525397 0.15805392273513133 3.3260706370001456 0.003770214506143151 0.023257121459663754 -0.003511659415689111 0.9997162397561302
1643042208303391.0 0.9154271698849881 0.16552675599932407 3.421270547413482 0.0032734471459026485 0.02253436486408701 -0.0019418227559229177 0.9997388240277257
1643042208336725.0 0.9542527847174694 0.1644250486640871 3.423196671721886 0.003521234903328031 0.01889619494652153 -0.002055149369343511 0.9998131380824961
1643042208370058.0 0.9399711407394754 0.17230971837853873 3.479212452782194 0.005103136093323005 0.019107973954448257 -0.003340113692058433 0.9997988232509045
1643042208403391.0 0.9936109954340698 0.19421898376161084 3.5246223470397027 0.0062268195391935455 0.01675042547112571 -0.0035927401567044845 0.9998338572898645
1643042208436724.0 0.9561325417092066 0.17400839536500115 3.5866681539876764 0.004300496790053518 0.018191901289278604 -0.004026326239531979 0.9998171578603023
1643042208470058.0 1.020647391207723 0.19171152155296137 3.6254835223251645 0.004475678355625078 0.01575075984363246 -0.00315634140015432 0.9998609500208371
1643042208503391.0 0.9821172216809205 0.18670923834669706 3.6653076475954247 0.005181482479817743 0.01719219143342794 -0.004323978794379087 0.9998294274527099
1643042208536725.0 1.0582141796511884 0.19401236256271778 3.7238087869832506 0.005161152727314955 0.012537133851671751 -0.0032489327606206398 0.9999028088835572
1643042208570058.0 1.0037090940860123 0.18591354141975044 3.744275914048297 0.005607602790626085 0.01540300964775511 -0.0027318555010602203 0.9998619099907021
1643042208603391.0 1.070471426715378 0.18907942242510895 3.8230308985064836 0.006010839808320832 0.01056691937963666 -0.0037252299491731386 0.99991916307342
1643042208636724.0 1.027160537316816 0.17766904048864468 3.8137411630751985 0.00441534349070606 0.012406805308215153 -0.004467821198656184 0.9999033025736239
1643042208670058.0 1.0933085569528747 0.1821387537125549 3.9057974043514734 0.0032542337002743407 0.007008136209186492 -0.0038286045524942216 0.9999628181972958
1643042208703391.0 1.0576014413539092 0.1872964698938908 3.945287219506719 0.005567542456747674 0.005961237063794055 -0.003408210813822655 0.9999609243479017
1643042208736725.0 1.1226261835380946 0.20683638030674048 4.015242394924178 0.006874617163920338 0.001991866731830097 -0.0025660219119025027 0.9999710934008641
1643042208770058.0 1.0743930681929692 0.18953065815678902 4.040308888929708 0.005590419220685893 0.002674892324463679 -0.004018747944689086 0.9999727205423888
1643042208803391.0 1.1561935191196668 0.20790741794800835 4.105770984139206 0.006735644589905873 -0.0034318150946660154 -0.002587491807161129 0.9999680788021497
1643042208836725.0 1.1085580411638836 0.19134737621243786 4.122275968458572 0.0065281601850716115 -0.003243092767084265 -0.002987018300126921 0.9999689711163926
1643042208870058.0 1.1758856756577887 0.2067765352885053 4.184665682258986 0.006992735615088678 -0.006384313781435387 -0.0029706638416631794 0.9999507574588348
1643042208903391.0 1.1287288903136738 0.19890942610765097 4.214700459808302 0.007281818328242494 -0.005908312234218972 -0.0044546849952540445 0.9999461099229151
1643042208936724.0 1.2008226190500708 0.20586713284113844 4.294514756659192 0.008007283654616153 -0.010236889764661571 -0.0033888252756506727 0.9999097986116907
1643042208970058.0 1.1430565125987315 0.18320196677532494 4.30519587810529 0.006194678257773683 -0.007742084000506402 -0.004024767290212848 0.9999427420331983
1643042209003391.0 1.223425859322639 0.1996177094313139 4.375197850330732 0.007022369352285152 -0.012075594362659554 -0.0032783152569234772 0.9998970542003535
1643042209036725.0 1.1822370121662769 0.20533240397967759 4.399432787264818 0.008198726598576666 -0.011935406435423535 -0.0031102600775254423 0.9998903206040317
1643042209070058.0 1.2553978329205788 0.22042869909737042 4.479570283180842 0.009898711573062704 -0.01589168995835217 -0.0001846381654862841 0.9998247024394871
1643042209103391.0 1.1996005687220248 0.20467874847283105 4.495943975686524 0.008785866507041065 -0.015248699861760584 -0.0029301824224504456 0.9998408372002103
1643042209136724.0 1.270748852108967 0.21738998112080188 4.5698585818754545 0.010562350182312866 -0.019538170262597267 -0.0018261381344376743 0.999751650101629
1643042209170058.0 1.2199532170940832 0.21733600885637447 4.573794152528885 0.012598076258033854 -0.019163293690333403 -0.0031523452058160257 0.9997320237789915
1643042209203391.0 1.2861139553603815 0.21986135582152086 4.64612452900323 0.012104741744123878 -0.022412628655304807 -0.002591456768950007 0.9996721630894211
1643042209236725.0 1.2342606738373239 0.21452119787288979 4.666137102735685 0.011108657829602948 -0.02185226659759895 -0.001835879025645812 0.9996978071967425
1643042209270058.0 1.3020979876629264 0.2316416256999863 4.762473705309126 0.011682430682155692 -0.02544390501178321 -0.00011860299503794273 0.9996079803825286
1643042209303391.0 1.2531559472839005 0.2215720572499031 4.765602895318033 0.011721857469423313 -0.023571766204767662 -0.001125346529547644 0.9996527914684391
1643042209336725.0 1.332162565900591 0.22771085431156787 4.847905422424729 0.011210709459333662 -0.02676488898915173 -0.0027601662656117436 0.9995750808183461
1643042209370058.0 1.281522591093319 0.21760118902597517 4.856070471648459 0.010507594862157323 -0.02548846371645908 -0.002408328902581678 0.9996169909617805
1643042209403391.0 1.3585960985758474 0.22580173255620795 4.937902043267292 0.009587927949506768 -0.02823836254830082 -0.002178913066711168 0.9995528594607059
1643042209436724.0 1.2999906795929341 0.22535826740277773 4.952118749464465 0.009969766576499096 -0.025790317741088895 -0.002123202353429779 0.9996154036813308
1643042209470058.0 1.3753866436675697 0.24271020066347035 5.040297738140167 0.010442748815373538 -0.027948214922078916 -0.0006348314841926678 0.9995546224538382
1643042209503391.0 1.323700685273176 0.23142070733831982 5.0492312026782615 0.00944901293198613 -0.026044519392257368 0.0001567019974788265 0.9996161136199844
1643042209536725.0 1.402146956597259 0.2518051593618746 5.125661306355508 0.011077524807838784 -0.027940063970124128 0.0007206009230336413 0.9995479588312843
1643042209570058.0 1.3368811439991624 0.2298993331071995 5.1414388634543675 0.009053719406432476 -0.02387629551008001 -0.0015146720942769965 0.9996727756851598
1643042209603391.0 1.4309962419116757 0.24105078555688242 5.219303384158774 0.009033276229400292 -0.027335160762337878 -0.0006647518200084049 0.9995852875126156
1643042209636724.0 1.3719787523254416 0.23981154271108307 5.2283602400371585 0.00971209638997482 -0.024625293941528376 0.00023699086931503694 0.9996495455495056
1643042209670058.0 1.4550583987137358 0.2484984953730416 5.299599693630426 0.010162547316652164 -0.026505874765099916 -0.0006104572688828689 0.9995968130085732
1643042209703391.0 1.394082312787218 0.24241039415203022 5.306967828741607 0.008903815266487572 -0.02278289320996523 -0.001884002089518054 0.9996990108961848
1643042209736724.0 1.4729189656264348 0.2468904975729889 5.389461199821868 0.008196809401508074 -0.024930205879504175 -0.0019180852163469392 0.9996537491049308
1643042209770058.0 1.4034165540959465 0.24376439315462856 5.404248853178243 0.008810262060532512 -0.020304106163859068 -0.0011339333144072968 0.9997543882126999
1643042209803391.0 1.4899713665659478 0.25625830087070695 5.47809987970493 0.010028027523581298 -0.02204350721685319 -0.0011379216897376596 0.9997060705966504
1643042209836725.0 1.422357966452323 0.24983391382369532 5.496812608822663 0.009521180403240952 -0.01638035963862496 -0.0009157673500081215 0.9998200799703909
1643042209870058.0 1.5125053487842608 0.25536294145245264 5.573250177018255 0.009310869327567566 -0.01871174948788158 -0.000526550121048608 0.9997814265570439
1643042209903391.0 1.433467348618679 0.2469157561347056 5.5844642586056334 0.009088412689832601 -0.01144761703352415 -0.0005478649975526129 0.9998930206091937
1643042209936724.0 1.531918535164954 0.2614704484536942 5.651187296265454 0.00966344343768095 -0.011709241910890171 -0.0011772449833459427 0.9998840560830282
1643042209970058.0 1.472384887725315 0.25662659590426457 5.689543824790113 0.00908399835038101 -0.006515468634772045 -0.0011918729216305849 0.9999368025437299
1643042210003391.0 1.5561316771422415 0.26973648129676353 5.762988942044674 0.00975203862692299 -0.006449079020269693 0.0001412802621501228 0.9999316412446888
1643042210036725.0 1.4794091005128374 0.26542890797846486 5.773974139603538 0.009901558139131128 0.001119393916305032 -0.00011877502855178591 0.9999503447652639
1643042210070058.0 1.5687474620502353 0.2753277677788959 5.839983537071999 0.01030637323277736 0.0013033606276484737 -0.0017605224999896587 0.9999444887004417
1643042210103391.0 1.4988919227464044 0.2562321845833459 5.855986983184143 0.009590550949225878 0.008227331044148948 -0.0023652823719772565 0.9999173654836089
1643042210136724.0 1.6004822992630539 0.26620566140294827 5.918714178552373 0.010500929104355416 0.007526168618008416 -0.002293841087844202 0.9999139090776477
1643042210170058.0 1.5245633385897988 0.25679533677182 5.939891907825932 0.010383458802879686 0.01519443124174273 -0.0028173945210889805 0.9998266726441346
1643042210203391.0 1.6220362813895843 0.268523426986775 6.006022741486492 0.0104165586175983 0.015485945109790466 -0.0035915534959889838 0.9998193744642621
1643042210236724.0 1.5519158898886132 0.25671189574741204 6.034936964727284 0.009753954129420468 0.022136310822137864 -0.0038144148801490564 0.9997001022112326
1643042210270058.0 1.6593024944364134 0.2699881934899608 6.093380566404225 0.011766860416574723 0.021635766724080113 -0.004330027745397141 0.9996872938343881
1643042210303391.0 1.579440183900026 0.26628127730593365 6.124057703004358 0.011675044564708633 0.0297557607067682 -0.005064391772652664 0.9994761827953413
1643042210336725.0 1.675794452654907 0.2738464244493844 6.195718444140323 0.011221079740900749 0.03007299288743527 -0.004322702420144444 0.9994753707380826
1643042210370058.0 1.5997293704912237 0.27105169996686646 6.218438122056741 0.011199926251191082 0.037207400063867045 -0.004284275477687834 0.9992356158664915
1643042210403391.0 1.705135852381012 0.2820558117273027 6.2695743159240545 0.012941385540591446 0.03553371038314959 -0.005038718500743658 0.9992719786337283
1643042210436724.0 1.6740189768642053 0.24675372951618646 6.432850805179568 0.007558126895716054 0.04179123813953362 -0.005200926096361021 0.9990842394414664
1643042210470058.0 1.7659089990069357 0.2688938549190536 6.523559685404147 0.008024450306239718 0.04011303688678356 -0.005580509523221339 0.9991473416781248
1643042210503391.0 1.7040002236148653 0.27022085820660613 6.581526328231541 0.009626754657211143 0.045951419800308146 -0.006582016105296424 0.9988756027039078
1643042210536725.0 1.799135717019989 0.2724562184918716 6.61982734297504 0.009076839827393815 0.04304328445630736 -0.0047961273108391616 0.9990204621551951
1643042210570058.0 1.7278559446527606 0.26958735169435016 6.656214931713815 0.008357979433042926 0.04819518689593229 -0.0054084009995374405 0.9987883245905967
1643042210603391.0 1.8208410568396765 0.27958430630600434 6.697003223940738 0.008873961720032202 0.0444380867281569 -0.005550366526121665 0.9989573077378021
1643042210636724.0 1.7582823616569225 0.27726323460441754 6.7494219141482406 0.010230098648847257 0.04901911166214053 -0.0064987363151963375 0.9987243054015432
1643042210670058.0 1.8577951783908804 0.27852763454323065 6.8004719147805766 0.009527112656904427 0.0450741806094424 -0.005490026971801639 0.9989231261566922
1643042210703391.0 1.789784182631375 0.270287885033946 6.850410457207712 0.00826525863219526 0.05029120944152398 -0.005683095704572353 0.9986842254566077
1643042210736724.0 1.8792704814107226 0.2903428050217308 6.867193573665251 0.009075998136419293 0.046303029655236284 -0.005987627285442662 0.9988682615951239
1643042210770058.0 1.8283011687632549 0.29412668567317474 6.937459659594786 0.010305087966018991 0.05135370117883559 -0.006013647608056404 0.9986092522001254
1643042210803391.0 1.9326396888742061 0.2816158543595181 6.995520627729967 0.008804384649009931 0.048551236288246716 -0.005255577088394846 0.9987680607504944
1643042210836725.0 1.8625239771048805 0.2673267415768871 7.036606322361748 0.00690251680598693 0.05502930288471003 -0.006160012584112602 0.9984418787945192
1643042210870058.0 1.967962188590732 0.2845457839837875 7.086156408682101 0.007573926384826736 0.052328094685006064 -0.0054205563616357595 0.9985865128843293
1643042210903391.0 1.8920213672670285 0.2799826909647422 7.143537585997678 0.006946831865961322 0.05912793746174969 -0.004506973397747002 0.9982160666555802
1643042210936724.0 1.98841847382837 0.2843719495682893 7.195212587794159 0.005828607811648741 0.05714325068526025 -0.004665655877849907 0.9983380729428929
1643042210970058.0 1.9308845156603525 0.2777489417517999 7.2224280936385 0.005000018686660468 0.06085868006239419 -0.004172192103788728 0.9981251493110698
1643042211003391.0 2.0392184593402094 0.2864320569721126 7.270381535112296 0.005456225702010647 0.05712733656822483 -0.00241214090047641 0.9983490765228291
1643042211036725.0 1.9663725414889452 0.29183013380850725 7.336961536507486 0.006844593778836588 0.0636283785781724 -0.002377043124543239 0.9979473586524991
1643042211070058.0 2.060700084984075 0.2856243344911659 7.3683071835632425 0.006174259496961092 0.05908737240514194 -0.003422286427348557 0.9982278541983937
1643042211103391.0 2.002438988783962 0.28829488290923855 7.39280303504415 0.006849132843792362 0.06280884163867818 -0.003704520408576716 0.9979951980444786
1643042211136724.0 2.1026385553494915 0.2940842590954788 7.443069409325551 0.007708770599758326 0.05737637406772424 -0.0023876714355862572 0.9983200015925737
1643042211170058.0 2.0423487135319465 0.2870651326983672 7.519481950092556 0.007250304298966926 0.06095984146592085 -0.0019604387021102667 0.9981119614031873
1643042211203391.0 2.1030520916473456 0.28962639972232 7.548762770885652 0.0070276494407956695 0.059086372695348915 -0.0018839522478294188 0.9982263588129556
1643042211236724.0 2.048728991065945 0.31650946320563805 7.598311643966121 0.009618305016668473 0.061224272405204866 -0.0025182981590061017 0.9980745136769308
1643042211270058.0 2.1121872090599956 0.3047611754467485 7.616336527445506 0.009100311554348449 0.05810965272139463 -0.0005037963496089069 0.9982686005176415
1643042211303391.0 2.0653103193016427 0.2907912724538521 7.680593763749896 0.007213096927199714 0.062437906122336045 -0.0010186585015439125 0.9980222650054629
1643042211336725.0 2.171058539523576 0.2876140274293257 7.720985083850266 0.00683870963713762 0.05663321604184882 -6.60431349770155e-05 0.9983716274662259
1643042211370058.0 2.107623002504814 0.308275919110606 7.774236838916286 0.010265078041678621 0.060255039036934285 0.000191104745014516 0.998130212909334
1643042211403391.0 2.1812157832386823 0.319537378612432 7.785003363401236 0.010840879750581735 0.05705187319093665 0.0015265931656705505 0.9983111882599259
1643042211436724.0 2.126154214314299 0.3170375827243448 7.849920261906908 0.009263691627278373 0.06038052622228282 -3.88493861692628e-05 0.9981324433968071
1643042211470058.0 2.2295822016691833 0.3144029254804248 7.876175675842709 0.00905037827249666 0.05386406416984909 0.00038021168992942304 0.9985071901009537
1643042211503391.0 2.1731224666889806 0.3161243134195493 7.9341780441198315 0.00984357003989618 0.05554412786335731 0.00027575854750834267 0.9984076712175203
1643042211536725.0 2.2443206757451155 0.31915018552980523 7.955540814599746 0.010124225599080149 0.052139282477721635 0.0011077813721180432 0.9985878870180426
1643042211570058.0 2.1861221495347283 0.32951025386925437 8.01199358239247 0.010378361220608406 0.052910279495615546 -0.0009055287420359888 0.9985449273616924
1643042211603391.0 2.2616268944574185 0.33574311115758276 8.04987476898169 0.01104261846103632 0.04860574390551402 -0.001000415607154589 0.9987564975535971
1643042211636724.0 2.216961454755315 0.32659250349496355 8.117428430341654 0.010604958570625996 0.04872698994192016 -0.0023465478613042545 0.9987530771006665
1643042211670058.0 2.3053648146350123 0.32471909628501516 8.15271095918669 0.010502636239231245 0.04413267939134194 -0.001284129409851342 0.9989696453113208
1643042211703391.0 2.246957103007641 0.329797811951277 8.197304210958686 0.011044852556632633 0.04497654601661021 -0.0016933614586414015 0.9989255498120911
1643042211736724.0 2.326636651081011 0.3408517429083431 8.227567475047092 0.013294225455358393 0.04043857750548101 -0.0006479728767028573 0.9990933715874739
1643042211770058.0 2.2718584944662736 0.33399993462525024 8.28101089380729 0.013532375390317191 0.041269683075497325 -0.0010187756679309562 0.9990558794037909
1643042211803391.0 2.3773033481587973 0.32955335321758006 8.320793426651436 0.012907762421722585 0.03445971150707693 -1.3311315052133006e-05 0.999322729539823
1643042211836725.0 2.314073272787842 0.3230918504928132 8.37662193130788 0.01253059492003363 0.03565261001502933 -0.0005781903515848142 0.9992855153988692
1643042211870058.0 2.4166599636727244 0.32604112017976145 8.416058414271504 0.014458954307197996 0.028387947396601915 0.0003026437852199298 0.9994923568940831
1643042211903391.0 2.3505289772287967 0.31989563192051224 8.451075491702525 0.013673352269309928 0.029108117795832056 -0.00011190732919324997 0.9994827384166536
1643042211936724.0 2.4426130148016956 0.3322983807267188 8.497069733694927 0.01371198360697275 0.022621656838207396 0.0007148604601030137 0.9996498042424552
1643042211970058.0 2.3699359363779964 0.349075572895851 8.575686449007595 0.015838462352784525 0.023776633107602953 -0.0007029229407965811 0.9995915769591625
1643042212003391.0 2.4565899832824534 0.34583547374920254 8.629299146939495 0.015669615401125717 0.01802560550811152 -0.0009653944581017599 0.9997142635337294
1643042212036725.0 2.3902852316868857 0.35194821349181515 8.678347856576568 0.015135775849004883 0.01880990309620952 -0.002321774163413534 0.9997058093257707
1643042212070058.0 2.4997468532029803 0.3472915278613809 8.718937027938345 0.013234893764489707 0.010704418288493105 -0.001710489299072509 0.9998536529125177
1643042212103391.0 2.4293982290908445 0.35747937583214323 8.768804669265338 0.014612807002373015 0.011798789371828166 -0.0018956731349907177 0.999821814557092
1643042212136724.0 2.4714446372788816 0.3699770870491078 8.808293124741763 0.014961273001745556 0.009859538944753665 -0.0009159145371067794 0.9998390424976036
1643042212170058.0 2.422263917091037 0.3628867812250559 8.865616394169528 0.014081153010935087 0.01083193570267845 -0.0022677101635805055 0.9998396110324044
1643042212203391.0 2.529002534230492 0.3652282853727968 8.904626424540742 0.013162279450785387 0.003785183492966599 -0.0004302518459493382 0.9999061164274039
1643042212236724.0 2.4639491821331 0.3593466747374567 8.94460154990206 0.011260411965429424 0.00734256953713196 -0.001454978717935748 0.999908582237342
1643042212270058.0 2.5475073845595 0.37961069537090236 9.012733478142817 0.011475550182326233 0.0031415689768295543 -0.0012625709731018872 0.9999284215417196
1643042212303391.0 2.479018930270918 0.39202755811250983 9.065725451059931 0.013470839578471972 0.006630856867350933 -0.0017213507269282992 0.9998857960636959
1643042212336725.0 2.5680757126256473 0.4080478631958279 9.095007741109903 0.015297961599666123 0.0017756737614905438 0.0008289681502575597 0.9998810590092173
1643042212370058.0 2.497375079707251 0.38019955439526043 9.12020362785349 0.013152689110300875 0.005924449230873197 -0.0006837147762139696 0.999895714664576
1643042212403391.0 2.595659223818666 0.36792644996214147 9.164979189937986 0.011881045817605917 0.00017208220525202032 -0.0009781477922813965 0.9999289246565933
1643042212436724.0 2.5357448247983716 0.364462962399675 9.203967399490214 0.011947265077712004 0.0034790100744559447 -0.0017931189764713723 0.9999209689122441
1643042212470058.0 2.6249585136080755 0.3882902602387427 9.245827973813883 0.013306957199486713 -0.0023460756523412383 -0.00026974463405731407 0.9999086698578811
1643042212503391.0 2.5530611318694314 0.38949916134700807 9.285726555775081 0.012866063120728613 0.0005082691073287773 -0.0014143512445776699 0.999916099326761
1643042212536725.0 2.645051662009343 0.3954366247884821 9.331874098029816 0.013990245414180785 -0.00767188028396154 -0.000775744570178087 0.9998723986122036
1643042212570058.0 2.5785787327710947 0.38542838371907434 9.360280067727091 0.014582326570333775 -0.0072487270708401965 -0.0009814897386836374 0.9998669153370069
1643042212603391.0 2.662323894956737 0.39875939222339907 9.39860907721929 0.016521321499281275 -0.014273232973145169 0.0009183976273643787 0.9997612101408065
1643042212636724.0 2.6023585265330142 0.396723184466657 9.441120462219969 0.016519895024720822 -0.01441641958691944 -0.0003862071742045697 0.9997595264655819
1643042212670058.0 2.6897598459907317 0.40954009436603994 9.485233869390877 0.01740869257571128 -0.021170013013043346 -0.00036280633315508357 0.9996242475767565
1643042212703391.0 2.612767846415654 0.40844857190495204 9.539940642780879 0.017321681637408923 -0.01746231531085731 -0.0007958083091196827 0.9996971509304062
1643042212736724.0 2.7025428067783204 0.423528086737904 9.585590989608836 0.017832640228340406 -0.02404909968868634 0.0003909420757702801 0.9995516419429982
1643042212770058.0 2.6415312989138835 0.4147966243997248 9.645504016804065 0.01606213105663048 -0.02107689906640078 0.00012730815608138728 0.999648816367177
1643042212803391.0 2.728061818468109 0.4378864347625632 9.687555008771534 0.017727120600411456 -0.026224517547796037 0.0016673172587477962 0.9994974957085998
1643042212836725.0 2.656948905744356 0.4311274663360835 9.7487462998036 0.017472471861119197 -0.022105216632781654 0.0007042740740695264 0.9996027091413412
1643042212870058.0 2.7363529277882273 0.4421699008302452 9.767520816029064 0.018515637594648256 -0.0261122401912248 0.0017579164248476286 0.9994859837969229
1643042212903391.0 2.6683160580404466 0.44567920765916624 9.81937290564932 0.019431651695098088 -0.023157694945250308 1.4369513010074904e-05 0.9995429614932718
1643042212936724.0 2.753208671442851 0.44213429616612177 9.8464018608151 0.01902867787648268 -0.027408626515913026 0.00031209051214536193 0.9994431345555866
1643042212970058.0 2.6819623829764185 0.4282501090468763 9.903489379662076 0.017553280925861316 -0.022921836712482692 -0.00025097425158150053 0.999583117475675
1643042213003391.0 2.7769961429713934 0.44146927908587613 9.946542623188666 0.018331264855379576 -0.028131834896267964 0.0006080658982761116 0.9994359383422403
1643042213036725.0 2.727331338767679 0.4497408350920524 10.005650863202085 0.01922825468011992 -0.02520001826627587 0.0007767220928195466 0.9994971885924073
1643042213070058.0 2.8358073684838074 0.49515761804512276 10.052658758613916 0.02238466275582681 -0.03002781229606229 0.0012675706405174516 0.9992975786154451
1643042213103391.0 2.774281382746058 0.4914815371486904 10.117394994253765 0.02148403397546758 -0.025832675111453627 -0.0013301985195399927 0.9994345099868354
1643042213136724.0 2.852014636976049 0.51105515486999 10.166386052126839 0.02223815519748745 -0.028308167221588288 -0.0005875222133221024 0.999351673306057
1643042213170058.0 2.776907623861958 0.5026041704681878 10.239556058058605 0.02148407370043092 -0.02305331675270546 -0.0008200079946917212 0.999503029885764
1643042213203391.0 2.8537346947032325 0.513001110505495 10.269154624089264 0.021995790086715657 -0.026323403239902708 -0.00018194264420862957 0.9994114420783888
1643042213236724.0 2.804517727926278 0.5058606030790512 10.322840800261934 0.021333406600034004 -0.020857326929080825 -0.0016963117564473907 0.9995533903712378
1643042213270058.0 2.8678326793808804 0.530346146729851 10.352392841434552 0.02279499110464784 -0.023961657454639653 -0.00102569708772904 0.9994524377368089
1643042213303391.0 2.799515613126966 0.5382956630808416 10.421769481143068 0.023302704693408133 -0.017531871386168376 -0.0008303327808927009 0.9995743734145768
1643042213336725.0 2.893397930724889 0.5407801806763529 10.456540975977465 0.02330633782328377 -0.021833682737233177 -0.0008159919706760052 0.999489589276697
1643042213370058.0 2.8394374023138518 0.5272219795475158 10.505471454594566 0.022789183843835027 -0.016815280358573596 -0.0012230445089538434 0.9995981210508168
1643042213403391.0 2.924491410656498 0.5441415386320116 10.542905143439999 0.0240126151544897 -0.02227980185502287 -0.0019933286056985186 0.999461370631108
1643042213436724.0 2.8519493573591808 0.5348293293570006 10.605586136231604 0.02350071321153903 -0.017017451684311753 -0.0017760635205067694 0.9995773949100151
1643042213470058.0 2.932930524339286 0.5615637991246868 10.623642852391846 0.025315698155932025 -0.022016307329815344 -0.0015850278689483177 0.999435783492412
1643042213503391.0 2.8734158728219636 0.5618737640771296 10.683136512938708 0.025984629629230413 -0.018731044527343754 -0.0017819829776432226 0.9994852532832156
1643042213536725.0 2.9640387777101997 0.568826533835311 10.724077869814288 0.02711576717415157 -0.02563107697402164 -0.0005031121237622175 0.9993035224304475
1643042213570058.0 2.8960279164178764 0.5388253930754996 10.777749496480766 0.0254326899058718 -0.02139176469890089 -0.0014289259330759335 0.9994466113094267
1643042213603391.0 2.9747505220275823 0.5434454778281705 10.816326101705883 0.025698077791992808 -0.02614740520982671 -0.00226800765111794 0.9993251613663514
1643042213636724.0 2.8975582160557933 0.5416657153519601 10.87260277968973 0.026154693151435898 -0.020966699218868484 -0.0027903457672616566 0.9994341116454445
1643042213670058.0 2.982856732273325 0.5652925650299556 10.916127280832217 0.027145237688296686 -0.025422860082018953 -0.002073746268010084 0.9993060161094357
1643042213703391.0 2.9227299840422654 0.5687903808804002 10.990279763268148 0.027524221571186624 -0.020236156533057607 -0.0023793138107702488 0.9994134550132191
1643042213736724.0 3.07303884904613 0.47715009334672004 11.29907397540392 0.017374330474149983 -0.027221996441049223 -0.003069570902708947 0.999473698145585
1643042213770058.0 3.0657062154680483 0.4494799102377481 11.401129797922271 0.015304861938393238 -0.02628142894497551 -0.0013345830888500314 0.9995365258866911
1643042213803391.0 3.0790400823019466 0.46312758140653304 11.42116886275485 0.01585577662788348 -0.026216153256236868 0.0007607472882418671 0.9995302541291763
1643042213836725.0 3.0378149340715264 0.4783518127044952 11.477718896256778 0.017570186793728515 -0.02314738465610847 -0.0029014540440304754 0.9995734433667423
1643042213870058.0 3.1381257365240818 0.5124426805148624 11.499939588044086 0.02258995453570742 -0.030142234317850094 -0.004091069778845498 0.9992819436037393
1643042213903391.0 3.069852524859355 0.48155396820819424 11.551441232593643 0.021311838618615086 -0.025025698187546637 -0.0034418433983775896 0.9994536876108573
1643042213936724.0 3.1361342898167925 0.48254107064341684 11.604517552849149 0.019991351751158477 -0.028265118290123913 -0.002306521511090183 0.9993978731725045
1643042213970058.0 3.048757709240151 0.4852268389065119 11.654225689563612 0.02049747133949537 -0.02122469657886627 -0.0023221993739066076 0.9995618906870597
1643042214003391.0 3.1433245734247928 0.4842332775409807 11.695795235206058 0.02135272994358835 -0.027871534843606688 -0.002353011028009615 0.9993806591126926
1643042214036725.0 3.058751151924662 0.4910271794926263 11.71980513227301 0.023179295144664824 -0.02081452550621774 -0.003328811956361909 0.9995090769050107
1643042214070058.0 3.1493555926030425 0.47260550773016025 11.775059952496049 0.01976472806936722 -0.025336870460543916 -0.004525926679912111 0.9994733185569776
1643042214103391.0 3.092665587507849 0.4855126960923018 11.839151671379367 0.02039139156334104 -0.020520426414381298 -0.004535882628480275 0.9995711725628462
1643042214136724.0 3.2007291546306953 0.528898430819905 11.88102445143028 0.024511915674185324 -0.026972499013165053 -0.0023356258581941703 0.9993328750415534
1643042214170058.0 3.1200055012250734 0.5485584810737257 11.917303887101788 0.0272816315472533 -0.019828158260908068 -0.0012128224953803165 0.99943038065775
1643042214203391.0 3.2007836588865355 0.5618689701239578 11.95404001318749 0.028542594159879198 -0.02324186465947127 -0.0002446802292842081 0.9993223084557658
1643042214236724.0 3.1329374641457286 0.5613556777570116 11.996914132802221 0.028484080126442702 -0.01809808286653758 -0.0007260872678871326 0.999430132312002
1643042214270058.0 3.23986790352728 0.5604916391910568 12.037856252502461 0.027320556227981505 -0.02374391874464226 -0.0004582650368805397 0.9993445869784844
1643042214303391.0 3.167244870087752 0.5226575607504294 12.07924003558954 0.023392382193507838 -0.01698235375986863 -0.002574124690262402 0.9995787962928018
1643042214336725.0 3.2400708499354742 0.5067662031474576 12.149337858266682 0.020469594858684943 -0.0171670721497075 -0.0023788940565748736 0.999640249381344
1643042214370058.0 3.152622105383943 0.49829843996157425 12.21073742852384 0.019786279660809078 -0.008513163449429815 -0.0028020968924514647 0.9997640608855035
1643042214403391.0 3.2520578366786537 0.502293145938748 12.253949694988334 0.01928939970382582 -0.012217992271913987 -0.00241369252554471 0.9997363721563309
1643042214436724.0 3.1748470939235283 0.5078330616267067 12.274881525079858 0.020132101870561105 -0.0032553208341658236 -0.0028311315839712613 0.9997880205596055
1643042214470058.0 3.2710798585771514 0.5270072486666372 12.312637523248078 0.021038204249923597 -0.005337106135775862 -0.001996057982662155 0.9997624342875481
1643042214503391.0 3.1726302786426057 0.511988146826735 12.3483477497728 0.021527290974018815 0.00633722916926341 -0.0018306044254228363 0.9997464999474687
1643042214536724.0 3.2727732093854476 0.5214697386971352 12.403176879356412 0.02168284337797795 0.004817716612721281 -0.0007382003118933875 0.9997530189851818
1643042214570058.0 3.197659660898679 0.5135321904629193 12.431821733608295 0.020920291787822655 0.01587608910489411 -0.0024734624059527983 0.9996520260420484
1643042214603391.0 3.306497559864708 0.5297960837552893 12.493066845637998 0.020553808628909608 0.014447881694210716 -0.002530346930041023 0.9996811476715012
1643042214636724.0 3.2248862380155323 0.5054849915469002 12.528270026124774 0.020169175967387824 0.025117715686716138 -0.0023900563712915793 0.9994781600065207
1643042214670058.0 3.309801368872347 0.5147625695734138 12.577718218057951 0.02083148466351508 0.026594630572658956 -0.0015798815156939194 0.999427975817074
1643042214703391.0 3.231352370592441 0.5067911554805887 12.607168686983506 0.02052612172356878 0.03811603973091657 -0.002607650680441628 0.9990590803351667
1643042214736724.0 3.338788077325444 0.5377415093331015 12.656249289319067 0.021428605908878417 0.037938365954269165 -0.0009049340577033923 0.9990498868083982
1643042214770058.0 3.264779742539681 0.5166332108084333 12.696855213033597 0.019828403556823075 0.04788250547151653 -0.0019929077872049604 0.9986541585557582
1643042214803391.0 3.3729349160597186 0.5210705652511591 12.756899267332155 0.020136442038773628 0.046508940696813154 -0.001873116440859399 0.9987131387801397
1643042214836725.0 3.30118887873708 0.5068316825409608 12.780551149245571 0.020551419603838543 0.05609394862493442 -0.0037096468076483553 0.9982070659940715
1643042214870058.0 3.403593321414574 0.5451255551174974 12.83138782900613 0.023888108144684193 0.055688656762389904 -0.001047274779559106 0.9981618280683773
1643042214903391.0 3.319532506198548 0.5342331628080369 12.865436946512393 0.024243946658296513 0.06584762207974251 -0.000678840725831526 0.9975348920675116
1643042214936724.0 3.4283155355001944 0.5420447689583494 12.911556870276359 0.024488434861633507 0.06319154577286759 0.0010906534609053287 0.9977003335550667
1643042214970058.0 3.3607862644996134 0.5174612406949535 12.940376853797675 0.023819147564194836 0.07028341002669311 -0.0007308160027054025 0.9972423759509547
1643042215003391.0 3.4534227000766218 0.5418561076721302 12.990999684942206 0.025489138786082624 0.07204957210732948 0.0012942525199399959 0.9970744645579431
1643042215036724.0 3.381909007623578 0.5321144201622519 13.033745472039186 0.02597760232439426 0.0805243515593274 -6.628196967685938e-05 0.9964140648295396
1643042215070058.0 3.4815461983955887 0.5438472267107591 13.07851396445583 0.02665793038161631 0.0801268113387324 0.002319508581489546 0.9964254456467861
1643042215103391.0 3.4133316251107977 0.5341471037424428 13.105891196626267 0.026146847615298736 0.0885098049121325 0.0002596545237652515 0.9957320369324907
1643042215136724.0 3.5246754250328185 0.4907392743862995 13.28954501890816 0.018203199079308903 0.08966128321054367 -0.0016930842898931569 0.9958045146020905
1643042215170058.0 3.4960245455018395 0.45234721300182346 13.390286128324044 0.01427591315816978 0.09839846205166891 -0.003984972874806505 0.9950367133732071
1643042215203391.0 3.6205879172907145 0.4466306328013917 13.456001172967584 0.013218192068130583 0.09848808432705614 -0.0009709071212318098 0.9950499655712766
1643042215236724.0 3.573123799704197 0.4546514600407849 13.457275086848757 0.014965295719390464 0.10738054320144667 -0.0009542266867455283 0.9941048980450825
1643042215270058.0 3.663006718190436 0.47627898281243536 13.507218478565894 0.014930981237031746 0.11115368653406127 0.0003087807368709751 0.9936910125505029
1643042215303391.0 3.584654726879123 0.47254453814545216 13.533961426477836 0.015680796615162775 0.12425299875972738 -0.001774602907633113 0.9921250705940503
1643042215336725.0 3.6819592737899685 0.4749299409881745 13.580177320850904 0.01642213726057979 0.12798443625109412 -0.0009526167293023632 0.9916397480973881
1643042215370058.0 3.6299066896777665 0.4690674585310964 13.606321744040898 0.017476491901796606 0.1376719103034874 -0.003575492542586953 0.9903172386651021
1643042215403391.0 3.7313571822024714 0.48506767018594865 13.649407637621199 0.017909614245679505 0.14014755573513474 -0.002041296637942144 0.9899665355187893
1643042215436724.0 3.6590973786816723 0.4810508096538917 13.686822795169217 0.018195745264238183 0.15286816769024048 -0.0035067291722258812 0.9880728419564117
1643042215470058.0 3.7702146633044786 0.4869552791730781 13.71026162285747 0.0189294501146891 0.15428819521488057 -0.0028508626434925236 0.9878404230025609
1643042215503391.0 3.6792627336339017 0.470037573135101 13.772300564495465 0.019301143333788996 0.1713338402699023 -0.0034622449866091565 0.985017864763898
1643042215536724.0 3.78521948730721 0.4910126634781456 13.787375992780952 0.01996536911755408 0.17473726824267477 -0.0022560056870301187 0.9844100677875188
1643042215570058.0 3.7221468592712217 0.48174815902913765 13.83781732730198 0.019297568714848203 0.18830168803100478 -0.0038313406847596447 0.981914150501421
1643042215603391.0 3.83230356621521 0.5008982456615477 13.851756820374474 0.0203366692694 0.19203821111896766 -0.0019499600504823643 0.9811747769939133
1643042215636724.0 3.751359459833869 0.5000155146343823 13.907952282199226 0.021753368375217713 0.2093939136297658 -0.004010537439291608 0.9775811452194597
1643042215670058.0 3.873751661053107 0.49603623726138096 13.953212291062771 0.019640634106236066 0.21250467241932441 -0.0028591700868978707 0.9769584611631524
1643042215703391.0 3.825529710781863 0.48134578266704003 14.032672105250274 0.01794194017951944 0.22660695115770157 -0.005247585478464107 0.9738068798875122
1643042215736724.0 3.9175552891890795 0.5027124071687459 14.062664295422206 0.018327182376773752 0.23291838515771213 -0.003318715832379003 0.9723179142476374
1643042215770058.0 3.853079912182213 0.5187068866072988 14.112892880957125 0.02149806862412314 0.24794341683753376 -0.005752189542166784 0.9685188730261441
1643042215803391.0 3.94305558775022 0.5381635645869679 14.115934804994291 0.023265055725899472 0.2524424545720687 -0.006931943430333092 0.9673073412685228
1643042215836725.0 3.884490183057625 0.5362431562538242 14.187870947789982 0.02353264164050647 0.26704375754978965 -0.009847407171126036 0.963346705450906
1643042215870058.0 3.976989323646921 0.5729821640659584 14.186406089004121 0.0268891905491454 0.2720614479107709 -0.008682813705299466 0.9618649326898583
1643042215903391.0 3.91618681932336 0.5739764660506618 14.250310400395092 0.027507043652198457 0.28793067530275135 -0.009219933240870943 0.9572117224523796
1643042215936724.0 4.019951120874408 0.594846691227559 14.236445943924812 0.028813611663089704 0.2927096351279931 -0.00804955840853531 0.9557332524797876
1643042215970058.0 3.9602274442522454 0.5941428618337309 14.31040322787662 0.029977825783617747 0.30916869785451984 -0.010762468046605614 0.9504736795460322
1643042216003391.0 4.056616186545873 0.6201461110444962 14.318335853637846 0.032562472864075806 0.31705402618708434 -0.010527791895327366 0.9477898477180184
1643042216036724.0 3.9916975946996285 0.6198827477429045 14.407929257206016 0.032460928414779454 0.3358884778197786 -0.012486475350982653 0.9412594257311169
1643042216070058.0 4.094630017656006 0.6429739021956166 14.381378371376016 0.0333698082518309 0.3419755950181265 -0.009445084449194717 0.9390686549390209
1643042216103391.0 4.05730629734753 0.6296582494152789 14.435717262223568 0.032806574072823544 0.3546604863985012 -0.011521530941331818 0.9343483945563082
1643042216136724.0 4.156776452383931 0.6558000898532446 14.427965883046225 0.03522146783748344 0.3615281200281625 -0.010373989719265227 0.931637937704117
1643042216170058.0 4.111620036754631 0.6597703484844448 14.486682145471551 0.037607571170870505 0.37520956639267333 -0.013086930036111251 0.9260843288493116
1643042216203391.0 4.194768081823839 0.6874011885885489 14.490331925937783 0.03981229846032475 0.3837804547003525 -0.01096804441754146 0.9225005395569976
1643042216236724.0 4.17214827381877 0.6852468799614004 14.53387804676261 0.04001152006655444 0.39279776606740846 -0.012218534549837505 0.9186727930269142
1643042216270058.0 4.280084353363628 0.7075679634373552 14.51776233467353 0.040891798726071946 0.39621570852727866 -0.009776399784841456 0.9171943060880937
1643042216303391.0 4.254925504909179 0.6864228223885918 14.556626337449869 0.0406643955722312 0.40378423399219526 -0.012177284908751035 0.913868925527251
1643042216336725.0 4.348747058781362 0.7001708589970423 14.563372146021388 0.041431947621057126 0.40992533992718205 -0.011538975787879824 0.911104528273061
1643042216370058.0 4.328929202091241 0.6796623474903192 14.61057818452203 0.04127779968413116 0.41862912162697985 -0.01225631759181119 0.9071359239155666
1643042216403391.0 4.424137662685733 0.714830269661715 14.594581959537784 0.04440497529002772 0.4234772064805319 -0.010892300865998315 0.9047522376555813
1643042216436724.0 4.393794531428866 0.711431205652711 14.638078070723564 0.046177316983507216 0.43303485756238747 -0.01145114917478866 0.9001207356320063
1643042216470058.0 4.479365015971339 0.7184595077481486 14.623917169648578 0.04572518102714808 0.43873113664377483 -0.011582781439590266 0.897379538842634
1643042216503391.0 4.459054580567025 0.6915557273312863 14.692369243325038 0.04376913199355009 0.4493968205513308 -0.012753844588103849 0.8921682017484757
1643042216536724.0 4.55443882354613 0.709222565905963 14.661570510500095 0.0459495115625845 0.4537770338968903 -0.011044465167350673 0.8898612620426104
1643042216570058.0 4.5369617445930235 0.6866708473312523 14.710170302016813 0.04524216018749149 0.4629249162957457 -0.012163273201851482 0.8851585866945896
1643042216603391.0 4.630948399268945 0.7091301980184992 14.696804451166578 0.0471268966051448 0.4704387217107131 -0.010683757117758373 0.8811085756394651
1643042216636724.0 4.614689888823201 0.7065430692483039 14.760089267116193 0.04674474964070227 0.48248740652848904 -0.01085352758142154 0.8745873494748709
1643042216670058.0 4.7010260284129 0.7223527696183633 14.720086972045351 0.04768578154298064 0.48701523375103656 -0.011166195346884311 0.8720192339705206
1643042216703391.0 4.690260997462411 0.6953596485613908 14.778080055498677 0.04758124969443488 0.49750764750964793 -0.013175324543371244 0.866053448795228
1643042216736724.0 4.775858022997391 0.6989146874013766 14.747006396506928 0.04750301878288064 0.5032460878365339 -0.012819923956067293 0.8627412635509545
1643042216770058.0 4.765859373202127 0.6785914213814498 14.825245604294675 0.045558238110134146 0.5147289126697587 -0.012706021481150274 0.8560473996340559
1643042216803391.0 4.842152975565178 0.7125155219596525 14.784587306029534 0.047693927662024925 0.5201328464302283 -0.012890471956826011 0.8526552334098986
1643042216836725.0 4.817823589148307 0.6981156109344977 14.818149488463229 0.048234472377378705 0.529565892842056 -0.013724714747331565 0.8467851162000762
1643042216870058.0 4.954822754085667 0.7542910639150697 14.878473414079874 0.054075165852940144 0.539228102634934 -0.012406321220658332 0.840330299918119
1643042216903391.0 5.017837580860587 0.7677936420513254 14.892190463373913 0.05567304525166723 0.54684153521114 -0.010733990050369565 0.8353140899433744
1643042216936724.0 5.077164679629786 0.7704081660381221 14.86388475754625 0.05427020005050226 0.5525559771485832 -0.011260849506055624 0.8316308260113107
1643042216970058.0 5.073178400943209 0.7382421313130096 14.970308828988662 0.05318837375769363 0.5652904508035294 -0.010378783836619575 0.8231099464673155
1643042217003391.0 5.142807060483008 0.7692944965309682 14.898713081117561 0.05428836824848907 0.5682205460555363 -0.010398807076894374 0.8210176909937095
1643042217036724.0 5.163224192181547 0.7427659095553701 14.970055954433588 0.05362486297819313 0.5765539397328507 -0.00968093837585524 0.8152399696293485
1643042217070058.0 5.230564857415449 0.7680671652641073 14.909308795526284 0.05580296767311311 0.5789951666853861 -0.009749948276823392 0.8133606606312078
1643042217103391.0 5.241510391742462 0.7481576990067091 14.998988834707822 0.05432973159816578 0.5878356548049734 -0.010886597318807178 0.8070805444336382
1643042217136724.0 5.306352373608824 0.7686373468508549 14.925731647621067 0.054480143764374406 0.5897888427416043 -0.010538577529436913 0.8056487902905262
1643042217170058.0 5.32359660962358 0.7414287564688781 14.982588802221684 0.05328542434557524 0.5955743330311682 -0.009354091791454983 0.8014763741705354
1643042217203391.0 5.38189495133246 0.76982853520382 14.917199660527887 0.055074962090324725 0.5960628599197464 -0.00858801047565293 0.8010006627032916
1643042217236724.0 5.396245619321625 0.7328416800322044 15.018069992804108 0.0541641220073519 0.6046033763185241 -0.007507782154023807 0.7946474931933916
1643042217270058.0 5.469723222726676 0.7583221938688328 14.944303066843922 0.05302543132594277 0.6062717940677095 -0.009031589198067838 0.7934363526756105
1643042217303391.0 5.49369777952816 0.763000232542572 15.005745522080337 0.05355688855473633 0.6129107912299888 -0.01107910520111955 0.7882571123117806
1643042217336725.0 5.5642185609607795 0.7851555335930863 14.923521516471473 0.056406223397005927 0.6123994198681577 -0.009141392872867452 0.7884806424025733
1643042217370058.0 5.575031655344424 0.7450269034909859 15.018366453818675 0.05554951663968794 0.6214362727523912 -0.0068979328580470265 0.7814624934256272
1643042217403391.0 5.640607309506185 0.7429864749163877 14.933019911624687 0.05288486537344895 0.6219910939731628 -0.0071184269128332445 0.7812039413820102
1643042217436724.0 5.659739409713429 0.7164685459445814 15.048741574626884 0.051232204712268775 0.6344963894980046 -0.006500405714345964 0.7711986369541024
1643042217470058.0 5.71828049387499 0.7522843963409926 14.926562505629187 0.05317037627884091 0.6323583093068543 -0.008532296153984143 0.7728020960500069
1643042217503391.0 5.733983393129809 0.7261819325970623 15.017100550638293 0.053257810759760056 0.6419121432986121 -0.007479069822918805 0.7648898413454343
1643042217536724.0 5.800504059806564 0.7302431410248189 14.925798482253926 0.052394167900808815 0.6442743123256813 -0.0051079539172691184 0.7629805832745884
1643042217570058.0 5.824870376240874 0.7306148245588191 15.00136288122882 0.05196179653314865 0.6522354922164113 -0.006198540776303524 0.7562079161755105
1643042217603391.0 5.905482962889736 0.7382176426789431 14.935149565019657 0.051977340887383344 0.654673117055539 -0.0045551398238611795 0.7541092205643996
1643042217636724.0 5.904142414421169 0.7425404893344119 15.059722932855037 0.054617943733891644 0.6655185577729738 -0.005149438449810084 0.7443624203072814
1643042217670058.0 5.947493294590563 0.7534706921859737 14.916649544560894 0.055411553029777384 0.662787522495051 -0.005655307023492586 0.7467330696561993
1643042217703391.0 5.957867699922122 0.7136070680221521 15.034174814919458 0.05304461129101598 0.6738533818132078 -0.004583830892113313 0.7369442838683539
1643042217736724.0 6.0328467852017615 0.7125116752716456 14.919446682888998 0.05224245747538729 0.673760702895355 -0.003325427745610714 0.7370930622392252
1643042217770058.0 6.039840753669146 0.7000665994538513 15.046513890081187 0.05229318148594997 0.6844264174630483 -0.00420225136420894 0.7271920264498549
1643042217803391.0 6.110739891562784 0.7165427727370002 14.913836612637848 0.05376662599784371 0.682923622461185 -0.0024081513345158585 0.7285044108448836
1643042217836725.0 6.1413714110125985 0.6887023050277208 15.00195060163855 0.05330914146689483 0.6916146509821302 -0.0012899917402239877 0.7202955267834439
1643042217870058.0 6.21269758403297 0.6966569630304956 14.901476082711563 0.05315116254025657 0.6923089821809364 -0.0001789672796609164 0.7196410182048603
1643042217903391.0 6.236286233099776 0.693862651994718 15.017020237871932 0.05279387066146848 0.7023657987184229 -0.002712499276731578 0.7098505014148301
1643042217936724.0 6.3012083241384405 0.6968284429827192 14.898681472056383 0.053651492876628584 0.7013565521367265 0.0009140665902246093 0.7107880616395162
1643042217970058.0 6.2999828891958565 0.6974022571319378 15.022348058099066 0.05400186695100881 0.7112688372322173 -0.0012805908078669089 0.7008414939451844
1643042218003391.0 6.355535414691494 0.7011889624505272 14.912940411538143 0.05538854890765251 0.7105247355533402 -0.00016973091466557051 0.701488902270148
1643042218036724.0 6.37177537307123 0.6931827301425212 15.016398853526486 0.05513277922722066 0.719803724339194 -0.0023022668037913927 0.6919809785316879
1643042218070058.0 6.436511491808439 0.6837102829569573 14.91188383137186 0.05519702062755838 0.7194296792403861 0.001255611842683115 0.6923674233965781
1643042218103391.0 6.440106205219345 0.6767400190765002 15.019834796456482 0.05607692845689679 0.7277848167953397 0.002195420672188891 0.6835055366747852
1643042218136724.0 6.4896352078596475 0.6705496926382823 14.911491788857052 0.0562098372986198 0.7262549249322059 0.004249401146821594 0.6851103420562794
1643042218170058.0 6.482765344371081 0.6497889540694834 15.03046235036467 0.05334014016305257 0.7364648649409793 0.0016329188930962915 0.6743676043010516
1643042218203391.0 6.537812407187338 0.6748783502937687 14.944647499205715 0.05499696434729246 0.7372707573522052 0.0028055665472032296 0.6733493098401734
1643042218236724.0 6.556808156118715 0.6785804051078694 15.05647903404721 0.05497078840740474 0.7459651423184833 -0.00021048638353498737 0.6637124185693046
1643042218270058.0 6.606283554395282 0.6847630019175156 15.027513827996788 0.05588206539238628 0.748100198910892 -0.0001284542006422431 0.6612286069556301
1643042218303391.0 6.626863541105591 0.664880836834648 15.057123471670076 0.055642606451317626 0.7516501602325182 0.0006693897863394709 0.6572103840377506
1643042218336725.0 6.667559604606066 0.6719240704930906 15.008885046253956 0.05383099816292696 0.7538907803652978 0.00010050023427964869 0.6547907336063089
1643042218370058.0 6.701269583766529 0.6515493950599524 15.034552025798583 0.053706294018131824 0.7570428576369905 -0.0010563956407266377 0.651153307379996
1643042218403391.0 6.740420542427908 0.6772934681024011 14.98013321902703 0.055514586919332504 0.7588621198242317 -0.0010921683082680397 0.6488799741889373
1643042218436724.0 6.782587898273131 0.6605573088633833 14.999642831122085 0.05547103021534407 0.7620304160491826 -0.0008232692986248985 0.6451603924997411
1643042218470058.0 6.826635517045188 0.6830251830053642 14.932908261513997 0.055299832752060366 0.7633580211139865 -0.00035097983285562124 0.6436041772018649
1643042218503391.0 6.8639647471390655 0.6730861374951298 14.963293738921463 0.055261367280228645 0.7673186129078047 -0.0005862234063484585 0.6388802578838071
1643042218536724.0 6.892637894447874 0.6938110787726649 14.891874269666543 0.05617381737739869 0.7678115756602947 -0.001436479359399186 0.638206724385098
1643042218570058.0 6.932359358927878 0.6650664024745057 14.92171011456324 0.05505219037674932 0.7714619995642894 -0.0005601513742584537 0.6338890484883204
1643042218603391.0 6.965347105343078 0.6858994545350249 14.855677787612958 0.056017803441911575 0.77275148467029 -0.00022987024814646534 0.632231837063806
1643042218636724.0 7.000762621997316 0.6680676935807056 14.887107344981048 0.055100145798298375 0.7760076354391956 -0.0005762356221956953 0.6283118585746907
1643042218670058.0 7.033144594217072 0.6919222173111408 14.814473508372473 0.05598116264811122 0.776350735846684 -0.0012610739808811466 0.627808931181528
1643042218703391.0 7.076990880928118 0.6757621533610391 14.851095787843382 0.055500725443225506 0.7797910655882583 -0.0012190627265666527 0.6235736342967629
1643042218736724.0 7.110144254945294 0.6984891101370141 14.769734345882663 0.056949775274870565 0.7796744819035802 -0.001571800797858202 0.623587968779688
1643042218770058.0 7.135207094645691 0.6798643453176665 14.812492362735659 0.056150538387119225 0.7833820597319349 -0.0004592779893164662 0.6189987516891423
1643042218803391.0 7.170712476760698 0.6981279523025506 14.73254296572118 0.05622288368574441 0.783882000669143 0.00023879000098798607 0.6183590699232415
1643042218836725.0 7.2069112524714845 0.6861954336492128 14.767040431655584 0.05597240513953891 0.7870851763133385 0.00023360946078188652 0.6142995690355934
1643042218870058.0 7.241961519509984 0.6986671426386072 14.69645807097825 0.05701702837222086 0.7868537503253007 -0.0003005373378338906 0.6144999135491553
1643042218903391.0 7.269911533182138 0.6783213553769893 14.73883784540028 0.05650049958975512 0.789812064111929 0.0013875267655435056 0.6107394466536751
1643042218936724.0 7.301389399024162 0.6983177294938001 14.65990657308042 0.05588062679044778 0.7890384092912971 0.002323998188057363 0.6117927289899646
1643042218970058.0 7.333539586404628 0.6915810028764675 14.700812839914867 0.05579018604940004 0.7914956583927387 0.0016963924604249728 0.6086207358763244
1643042219003391.0 7.367582100837754 0.7106796782334481 14.609719763731837 0.05722075793942876 0.7897034007443114 0.0005277418332118988 0.6108142477073242
1643042219036724.0 7.395273122040472 0.6856133413106966 14.648033196655703 0.057192957190262066 0.7908080330955821 0.0017376295735096095 0.6093837880045667
1643042219070058.0 7.42341455536946 0.6987706540271238 14.571665413401801 0.057285099366869895 0.7891157587356596 0.0027368889225791613 0.6115613183848351
1643042219103391.0 7.455498251799437 0.6851758564233507 14.617389870962755 0.056020110427757466 0.7902858438196447 0.0036167766562523232 0.6101614140639777
1643042219136724.0 7.486754259913053 0.7060882205145904 14.544802307167089 0.05598432914206464 0.7887903644137203 0.003390516920794618 0.6120980479413352
1643042219170058.0 7.509332286409105 0.7003484581252666 14.578086655341203 0.05658797537505199 0.7886898807157326 0.0019404547289624575 0.6121783300109541
1643042219203391.0 7.538846079452276 0.710041825185425 14.507069212079706 0.057301321207773134 0.7869305343347104 0.0018838546407376252 0.6143723169310475
1643042219236724.0 7.559527769393779 0.684004164456984 14.553652017040594 0.05558060679911547 0.7880157380412962 0.0028219679606126444 0.6131345930902142
1643042219270058.0 7.578785009859087 0.7009869329041569 14.495515788233932 0.056226385821223517 0.7870418821867963 0.0026930249833448917 0.6143259858070363
1643042219303391.0 7.595640260719196 0.687782218391369 14.542144820277171 0.055051879904266916 0.7893012151411658 0.0020524557745244198 0.6115297782781952
1643042219336724.0 8.037749324351159 0.6641259212694829 14.150342015283561 0.04987836250657649 0.7708880783607663 0.00358947036358455 0.6350045947057522
1643042219370058.0 8.134342588541514 0.6659111986667406 14.016443296395519 0.051809143375766954 0.7627883197546554 0.003075001967052885 0.6445621275497355
1643042219403391.0 8.099877137337389 0.6754730626581784 14.018092910040307 0.05193535278993508 0.7630028281925227 0.0034563314879458087 0.6442960942559267
1643042219436724.0 8.164764246656668 0.6789378960265128 13.986842016951396 0.050447217366764496 0.76410634429313 0.0033507207292839624 0.6431060142321277
1643042219470058.0 8.150392690255767 0.6713394582084593 14.02577800382057 0.05039261926076433 0.7656991793954154 0.002784622575174341 0.6412157175821104
1643042219503391.0 8.179355107050029 0.6876669335617039 13.971684207091737 0.051145731979153404 0.7668328851993039 0.00254504247120903 0.6398007213469266
1643042219536724.0 8.223198255763807 0.6713175204178417 13.998264564638706 0.05180624896666721 0.7676896049556796 0.0020141018696111374 0.6387211648322413
1643042219570058.0 8.22995844616775 0.6868622597721129 13.92194784010076 0.05225319174374655 0.7665865434416719 0.002733180263168949 0.6400056289536756
1643042219603391.0 8.263349803085578 0.6717694040961475 13.960158780461855 0.051702031809519905 0.7677846519310095 0.003934632038367301 0.638606409955826
1643042219636724.0 8.267349291814126 0.6968824854783185 13.890943788467611 0.051893188330193935 0.7667430613584756 0.003893433477102469 0.6398413991289711
1643042219670058.0 8.301661808463718 0.6828052777902166 13.934896395349767 0.05230512073400061 0.7674127221234458 0.002824384724974743 0.6390101025171745
1643042219703391.0 8.317686664757915 0.6968354692498692 13.882323433333433 0.052664558903779427 0.7671578525330984 0.0023503331164434196 0.6392884712448027
1643042219736724.0 8.342646532095648 0.6791849055303003 13.927214572671925 0.05216668942968683 0.767748373582497 0.001970003136847252 0.6386213200817976
1643042219770058.0 8.349427262618114 0.6944038770297194 13.863503398656832 0.05265903133715506 0.7666305717068794 0.0019750605896491215 0.6399224109833027
1643042219803391.0 8.368349141683554 0.6806312186004037 13.910135819976286 0.05296550610036247 0.767297088523743 0.0019840643625785815 0.6390977206931072
1643042219836724.0 8.375664533327514 0.7008463166654897 13.842905104150189 0.05356650329342323 0.766005256264488 0.0014716743905349358 0.6405969179402754
1643042219870058.0 8.401679776126352 0.6821129717219101 13.894887064819502 0.05302634318733365 0.7669952344046868 0.001950690188544774 0.6394550118158954
1643042219903391.0 8.400713202304049 0.6978309374358572 13.823887094994628 0.052761721061593714 0.7655629332019036 0.002235383650700261 0.6411899867885106
1643042219936724.0 8.421273157756389 0.6870641629837945 13.873873212701497 0.054124225768384826 0.7653130305185785 0.0011959859919638282 0.6413775043770629
1643042219970058.0 8.429654694242997 0.6971444178801744 13.816114291327736 0.053556673650558224 0.7643996969695505 0.0011666999075849878 0.6425133654576164
1643042220003391.0 8.443009491018822 0.6848510714796696 13.86487252212405 0.05332722609429189 0.7641652288835213 0.0012482326038572584 0.64281113232259
1643042220036724.0 8.448044412618327 0.697590779030512 13.808802032865014 0.05292114230922946 0.7634217798342615 0.001491714682903814 0.6437268936114748
1643042220070058.0 8.46194049102152 0.6883508643803208 13.857439464414954 0.0535714839009373 0.7630317210014911 0.0008009470776210592 0.6441366682171829
1643042220103391.0 8.464337030772269 0.6992245919316646 13.792984302124115 0.05368119371187829 0.7613741644635118 0.000737708388864623 0.6460860367748942
1643042220136724.0 8.475947367687983 0.6850761330122115 13.849418759649065 0.054014547934162084 0.7614613289808878 0.000705630570278447 0.6459555520030975
1643042220170058.0 8.475863990879658 0.7039739609804848 13.779916114466214 0.054335445906353794 0.7593776831916055 0.0005354077364212534 0.6483771332544535
1643042220203391.0 8.486212976404515 0.687211766100724 13.83487265168954 0.05415682604488542 0.7591329215137853 0.0008397275470465112 0.6486783028006532
1643042220236724.0 8.4896641015844 0.6988332711362816 13.784671028474643 0.05391877747111274 0.7584492957004025 0.0006021545845481562 0.6494975509556908
1643042220270058.0 8.494640570187405 0.6871164616984836 13.844999430601893 0.05409762423673402 0.7587401144654349 0.00047644755093572094 0.6491430187182567
1643042220303391.0 8.496157486224492 0.7011105458607683 13.774219450919395 0.05373439161691144 0.7567638605288238 0.00019768853405934198 0.651476043668771
1643042220336724.0 8.502344469567278 0.6892136520824419 13.834375500979544 0.05452992589497562 0.7569223250879877 -0.0001814450061501073 0.6512258041900619
1643042220370058.0 8.496697879204204 0.7052374863655194 13.77627103595075 0.05478725845140249 0.7558741401732055 -0.0005871116883247998 0.6524203367681466
1643042220403391.0 8.495797935699034 0.6924224535186202 13.837566088870874 0.05496972784603509 0.7565330503829284 -0.00023739567966900182 0.6516410180015724
1643042220436724.0 8.495408810026117 0.704520458568714 13.78404924263626 0.05480569851416427 0.7560765420092276 7.709725921214929e-05 0.6521844770383268
1643042220470058.0 8.497954327594524 0.6926096482626385 13.842778920263378 0.05518504338760823 0.7566733827213666 -0.0002464130742805442 0.6514598545942097
1643042220503391.0 8.497512419764574 0.7020673427186207 13.7804146294794 0.054218978277361045 0.7555700523991287 -0.0006800145585276234 0.652819834175048
1643042220536724.0 8.499137740504006 0.6901425515896885 13.841843673044277 0.054731518786527086 0.7564195380337218 -0.0005650955944521472 0.6517926234617419
1643042220570058.0 8.496154111595386 0.702322443966595 13.780807791802081 0.054332057647185246 0.7556131495324254 -0.00021561722394699298 0.6527608668377145
1643042220603391.0 8.496150703026034 0.69134284015517 13.836625226637091 0.054765904686296704 0.7561530583275973 -0.00019849233166958032 0.6520990788726105
1643042220636724.0 8.494353656076301 0.7061701634270825 13.783219246842021 0.05467365930497843 0.7558523812112272 -0.0007412018687649857 0.6524549175347752
1643042220670058.0 8.500084146260448 0.6940627279006093 13.838797376135581 0.05505538776246376 0.7562231401778646 -0.0007885861908318501 0.6519929790033585
1643042220703391.0 8.495099634400225 0.7037786630296518 13.775948208614329 0.054318781693599515 0.7553669384235626 -0.000563975905094783 0.6530466600658145
1643042220736724.0 8.49941369124976 0.6902475007219696 13.836399959446613 0.05492809075140188 0.7562068096973802 -0.00031170698950931875 0.6520230583748312
1643042220770058.0 8.49522544028277 0.7079107554875291 13.779435372787185 0.05474689512582482 0.7556725436819567 -0.0008613243077962279 0.6526569101141577
1643042220803391.0 8.494990903547556 0.6921737767485251 13.832393062683787 0.054531765313118014 0.7557889752554888 -0.0007383722415034423 0.6525402411043522
1643042220836724.0 8.493794737525276 0.7038109184659392 13.779351397042337 0.05419564350886071 0.7556421669075516 -0.0005051390717772728 0.6527384565432305
1643042220870058.0 8.49849944783941 0.6917907203775299 13.839286002244835 0.05481350074039177 0.7563152339274539 -0.0005989658101756396 0.6519067328274818
1643042220903391.0 8.49769981659531 0.7023196432616642 13.783683593112437 0.05420987956057391 0.7559229826619638 -0.0006159636996422543 0.6524119510172918
1643042220936724.0 8.497545537191172 0.6904397679642884 13.838275070626857 0.054668429927824086 0.7562488937211475 -0.0005380311107421578 0.6519959233287361
1643042220970058.0 8.496303464753053 0.7027751277508051 13.78352951778007 0.05444420898438566 0.7558413672732501 -0.00032882551197800587 0.6524872010241666
1643042221003391.0 8.49674336901809 0.6915866616484702 13.841699297389118 0.054508441039394125 0.7565577923661042 -0.0006686042951468624 0.65165074206501
1643042221036724.0 8.49504156685669 0.7026998923362913 13.785714966785166 0.053988794999427846 0.7561429375835893 -0.0007396740527881261 0.6521752224971948
1643042221070058.0 8.49619483377026 0.6936299861659189 13.839411681388828 0.054911461061245226 0.7564300439801459 -0.0006977882389308141 0.6517651671421903
1643042221103391.0 8.494766134335297 0.7025450815325655 13.781390491958321 0.05431247738362904 0.7559619030295455 -0.0001391762577464473 0.6523585950981027
1643042221136724.0 8.494444783221116 0.6915636461802785 13.839263034780707 0.05483989013496425 0.7564084577164131 -0.00035539433274701953 0.6517965213469082
1643042221170058.0 8.493258041916055 0.7039682494338376 13.780869249041462 0.05440350557884968 0.7557673780495997 -0.00045013070965468016 0.6525762225511359
1643042221203391.0 8.494835203246348 0.6919766909720381 13.836345582444626 0.05471783401386287 0.7560701585026361 -0.00045961006044702304 0.652199097531745
1643042221236724.0 8.4965637418356 0.7036454341486926 13.786114359772588 0.0543334419933067 0.7561267999319339 -0.0004079625340644844 0.6521656024909809
1643042221270058.0 8.501679946366705 0.6932855632155576 13.844247078140455 0.055003764970968906 0.7567467540546712 -0.0004910461311960711 0.6513898179588274
1643042221303391.0 8.497791689177603 0.7034976813276451 13.785757557407202 0.054417414732157 0.7560943278262521 -0.00047960826079016883 0.6521961992979969
1643042221336724.0 8.496632099370547 0.6920523405087182 13.84205516998229 0.05462455409255509 0.7564991871025497 -0.0007041988365080014 0.6517090164386017
1643042221370058.0 8.495790478402785 0.7021100641040385 13.787357270837887 0.054080480294043165 0.7562503602503462 -0.0006566057111042893 0.6520431451532386
1643042221403391.0 8.496759234356853 0.689901684159115 13.842776355353976 0.05431053048695561 0.7567046326509078 -0.0005477573005005901 0.6514968650460415
1643042221436724.0 8.495878441423594 0.7067768066575806 13.786041277092867 0.05480292429328038 0.7562888460819999 -0.0006437902403815327 0.6519381920972175
1643042221470058.0 8.497715521827502 0.694233304959636 13.838183852816623 0.05480591494895275 0.7563406392568947 -0.000964601618185591 0.6518774567653021
1643042221503391.0 8.496082938000264 0.7053630048205157 13.784912251222213 0.05464238039153915 0.7561941963686394 -0.0007634128929901226 0.6520613198498195
1643042221536724.0 8.494721982267311 0.6917261939499194 13.839681791096904 0.05478102961050503 0.7564580734854952 -0.000575267529038704 0.651743731017565
1643042221570058.0 8.49285374598219 0.7024330366227611 13.78612044554949 0.05428367144307043 0.756269587750387 -0.00041234466979264375 0.6520041592124961
1643042221603391.0 8.49125344692682 0.6971942798611385 13.839591523784526 0.055032339086830216 0.7564190911261695 -0.0010896424451221438 0.6517671462369315
1643042221636724.0 8.490019296007388 0.7048003907388362 13.779860445896217 0.054555822502996745 0.7558645898662038 -0.0005730880441572779 0.6524508070249517
1643042221670058.0 8.494429716621658 0.6920510117534813 13.840164401180933 0.0548139285678343 0.7566126366285364 -0.0005958002121148522 0.651561506191919
1643042221703391.0 8.494480458066247 0.7027091007524131 13.789830709336998 0.05456118936229553 0.756655910529284 -0.0005730225704056867 0.6515324867737645
1643042221736724.0 8.498790961313505 0.6952371778792967 13.847054376990277 0.0552792858481242 0.7570809845744961 -0.0011915570428936983 0.65097708373156
1643042221770058.0 8.495611140931729 0.7068402032655401 13.787797218312068 0.05476865784895181 0.7565467339131796 -0.0011713583208003253 0.6516410526067317
1643042221803391.0 8.496232140882812 0.695092686198443 13.842580173201537 0.054915042529585165 0.7568141364904281 -0.0010676971417173259 0.6513183253487002
1643042221836724.0 8.495150662091211 0.7054417644978399 13.789507398154594 0.054699410040310315 0.7566125273038917 -0.0010205943093474622 0.6515707302014996
1643042221870058.0 8.496473823301999 0.6938134399372963 13.846698370510468 0.05503381214623519 0.7569301697314254 -0.0011416217068091245 0.6511733212984753
1643042221903391.0 8.498931131955556 0.7057313061872224 13.788636423983597 0.05475957007274719 0.7563564326530423 -0.0013309280518768905 0.6518623818723801
1643042221936724.0 8.5001501576044 0.6957026821881915 13.851037124155992 0.05514758454212648 0.7573055551776952 -0.0013621603795063273 0.6507266588478395
1643042221970058.0 8.495615887965789 0.705486491023335 13.789581360891665 0.0547626071909769 0.7564971902541516 -0.0010801821078902452 0.6516992336943741
1643042222003391.0 8.495164106786781 0.698203908206912 13.842956593811282 0.05540145059007127 0.7566666008183912 -0.0013877301255555534 0.6514479324424599
1643042222036724.0 8.493357428916228 0.71186572972599 13.786248208853829 0.05537782935629587 0.7562577057011798 -0.0013324108134871349 0.6519246914059912
1643042222070058.0 8.496236314545216 0.6973917233030532 13.847049836636529 0.05569356269888688 0.7569029154698935 -0.001016124890944093 0.6511491158845923
1643042222103391.0 8.495449640762315 0.7097791270545505 13.794394078641364 0.05545768989632926 0.7567784081241853 -0.0011282960159818432 0.6513137589338084
1643042222136724.0 8.497727094427812 0.6940261709436265 13.848460328999959 0.05494912262166718 0.7570409271905503 -0.0011247584986867308 0.6510517363465831
1643042222170058.0 8.494420495969816 0.7080700736560445 13.789663074754111 0.05507705084113066 0.7564863022918299 -0.0012783942045558735 0.6516850148835214
1643042222203391.0 8.49263221370738 0.6975637378874734 13.84414963225928 0.05530646190947227 0.7568303321727184 -0.0012774987481274653 0.6512660067678469
1643042222236724.0 8.491697000894186 0.7097020409846734 13.78790026054287 0.05515289793557965 0.756470203686987 -0.0010755430944835432 0.6516976538166513
1643042222270058.0 8.494283018953618 0.7017340489658125 13.842174644641025 0.05570353564189124 0.7567731926006659 -0.0015822698662121923 0.6512978945920666
1643042222303391.0 8.492524431669233 0.7099248438447775 13.783512048570234 0.05506131916431818 0.7561419677076497 -0.0012315971672874292 0.6520859291316644
1643042222336724.0 8.494523639074687 0.6971997485271807 13.844556591609912 0.055346928396522964 0.7569269577644373 -0.0012669366544127837 0.651150284495106
1643042222370058.0 8.494905802351692 0.7063931091917501 13.785063841009867 0.05467675975877392 0.7562074840895401 -0.0011589457951050614 0.6520424447793972
1643042222403391.0 8.496983758235954 0.6957505690287437 13.844298350703006 0.055139196027473227 0.756731432116167 -0.001307007072955545 0.6513950417691018
1643042222436724.0 8.494355415321442 0.7119824621692709 13.779452620811917 0.055347305368580964 0.7556164239483807 -0.001514334494646593 0.6526700563369952
1643042222470058.0 8.495306641572006 0.6956460700801385 13.838996355566689 0.05506436118279107 0.7564186483007448 -0.0013004633445701083 0.6517645690166769
1643042222503391.0 8.492113859581421 0.7102207161059035 13.781078384158672 0.05517369200276515 0.7559307298880006 -0.0013862128274794506 0.6523209898016279
1643042222536724.0 8.494405062307573 0.6992715944359328 13.839830738649693 0.055507299721315184 0.7565246868599694 -0.001420901424066914 0.6516036516842245
1643042222570058.0 8.492380304456685 0.7100247197393185 13.786231529680682 0.055232914235806466 0.7562723552482478 -0.0012927250250238762 0.651920070817196
1643042222603391.0 8.49317750818952 0.6948468706395784 13.839580201345717 0.05464799885549437 0.756401711713405 -0.0014193478503386934 0.6518190179718605
1643042222636724.0 8.493970943131231 0.7092668775863998 13.7835935551059 0.054847455942067996 0.7560757569963824 -0.0015551850021396014 0.6521800270313707
1643042222670058.0 8.498632853510253 0.6998231663601793 13.84545705601896 0.055359686105763764 0.7571641382484112 -0.0015469949420395018 0.6508727830470877
1643042222703391.0 8.491974071465997 0.7121729626600085 13.773984088612393 0.05516370872989345 0.7555540574129637 -0.0014564787273426364 0.6527579262143726
1643042222736724.0 8.495473628264197 0.6986227780719021 13.840956167193506 0.05528152179242995 0.7566983783818737 -0.0016353008504574192 0.6514206346852118
1643042222770058.0 8.492355281523992 0.7080179183681176 13.78344738402313 0.05470944985960661 0.7560869343564932 -0.001527227610525616 0.6521787265522274
1643042222803391.0 8.49262239881148 0.6980043446089549 13.84777225659592 0.05515882206995837 0.7570792855419762 -0.0014804507675584566 0.6509886850142867
1643042222836724.0 8.491560428400714 0.7094635791759599 13.784727902136932 0.05495981858453632 0.7562339990256615 -0.0012983514929147504 0.6519876312800815
1643042222870058.0 8.494945885295468 0.6940277153445295 13.842658934936429 0.05478859895294418 0.7569296637055791 -0.001196052919721336 0.6511944894459302
1643042222903391.0 8.489834308288817 0.7145803203775652 13.786874355412637 0.0554804489854195 0.7564248797637545 -0.0018271020661374435 0.6517207858836525
1643042222936724.0 8.491758508188227 0.6963690587187937 13.842639435633034 0.05503335189733584 0.7567884897416975 -0.0013539092194158114 0.6513376074688534
1643042222970058.0 8.490552056677881 0.713684454796461 13.78289178664092 0.05531004904469731 0.7561119032132659 -0.001714287939525929 0.6520986501371906
1643042223003391.0 8.495383198055539 0.698444368697417 13.844231318169577 0.055413506996176164 0.7570482914625903 -0.00137792584079542 0.6510033248427655
1643042223036724.0 8.489909522567816 0.7118927688845802 13.779239216888332 0.05544348591285013 0.7558553221575925 -0.0015037296623925508 0.6523852317710571
1643042223070058.0 8.493048878655722 0.6975629151324607 13.842600770889977 0.05538926012824015 0.7568325272342771 -0.0015236441851563223 0.6512558898705026
1643042223103391.0 8.49122160718582 0.7072444897766128 13.78935051368944 0.054974488275947885 0.7565781799826937 -0.0013979742055993194 0.651586762358623
1643042223136724.0 8.495064791203706 0.6951395303717524 13.84779874157229 0.0547819102138684 0.7571329131886824 -0.001549130902042427 0.6509579819567367
1643042223170058.0 8.492920355425275 0.7107588877426229 13.788804318759302 0.05514084115785126 0.7564292294625552 -0.0017767196928517503 0.6517446982662939
1643042223203391.0 8.495647058545641 0.6954679300851588 13.849817955987971 0.05505216616291225 0.7572748809091743 -0.0013792799595795612 0.6507703983215279
1643042223236724.0 8.49176770323612 0.709850023655936 13.785523037280521 0.05504988219147835 0.7562586911476467 -0.00156740072674125 0.6519508001293612
1643042223270058.0 8.493401300697128 0.695323851914817 13.846727397211604 0.0549690913273098 0.7571397249677101 -0.0012801584462396164 0.6509348639217465
1643042223303391.0 8.489231417756923 0.7124299749472156 13.782315908198838 0.055266439123423966 0.7559741627429283 -0.001328136093956573 0.652262924000944
1643042223336724.0 8.492576894780623 0.6997073085197998 13.845468756871846 0.05550060821079769 0.756930040867763 -0.0013825212014392592 0.651133384457659
1643042223370058.0 8.491165466849687 0.7142345956749572 13.787909016705909 0.05567093615579777 0.7564234285302246 -0.0016515504353714816 0.6517066947786224
1643042223403391.0 8.49344142263838 0.6982561561261941 13.84728415095142 0.05520233768245041 0.7570672091480397 -0.0016707171722085442 0.650998580222201
1643042223436724.0 8.489980197728299 0.7099009361488005 13.788400984664158 0.05483625600835319 0.7563901508112855 -0.0017234916777007165 0.6518158899252948
1643042223470058.0 8.490609900709504 0.6998441373923028 13.849374121262562 0.0553163993650469 0.7571259703155956 -0.0019113622490442724 0.6509198934809933
1643042223503391.0 8.491137547229686 0.7082933633849312 13.785234398038428 0.054895799928315905 0.7562187065125825 -0.0014259446192979605 0.6520104951245874
1643042223536724.0 8.495847505887935 0.6982294446102103 13.843737817377573 0.055091928981767735 0.7568890724095048 -0.0017071623949845344 0.6512149391903602
1643042223570058.0 8.491590295648491 0.711462495189011 13.78947998950965 0.05504292731358619 0.7566302931869917 -0.0017573439537606971 0.6515195985745529
1643042223603391.0 8.49329400801062 0.6998503678546261 13.846196940114558 0.05533235942514964 0.7569341106891184 -0.0016453919256885065 0.6511423613628055
1643042223636724.0 8.491078646621599 0.7124603439057982 13.789103234686063 0.05523803685326241 0.7564214864612728 -0.001772911685338389 0.651745464800847
1643042223670058.0 8.494112431852832 0.6993500840265291 13.84971572735737 0.05530996127514125 0.7572235906498435 -0.0016412791753154963 0.6508076122401838
1643042223703391.0 8.490981117208417 0.7120659626584419 13.786428192574103 0.05522030557215211 0.7562399945379102 -0.0016499390924468664 0.6519578715030678
1643042223736724.0 8.494977512022933 0.6973113371180476 13.847913775920086 0.05519594378282774 0.7570720505736618 -0.0015098434694333996 0.6509938850732866
1643042223770058.0 8.49296170309093 0.7093848269427636 13.791869392091625 0.05496874214927866 0.7566533622492019 -0.0016751050282201466 0.6514992868811511
1643042223803391.0 8.492813898797817 0.7013104554795785 13.8496844449561 0.05546384178932173 0.7570892959106332 -0.0019319986911094007 0.650949942509075
1643042223836724.0 8.48899158408495 0.7151363014118142 13.789163701194754 0.055648104681784355 0.7563466067584509 -0.001676479055243791 0.651797735734238
1643042223870058.0 8.49226262508534 0.7041210235231257 13.84790974412912 0.05596324103285266 0.7570238464237319 -0.0018270387372390112 0.6509836200154113
1643042223903391.0 8.494691735093065 0.7108689521691499 13.787619717963237 0.05520359677011932 0.7563683858846894 -0.0015435651618016094 0.6518105899296381
1643042223936724.0 8.496665362311816 0.7020254064569932 13.847520490425996 0.05571472093369323 0.7570270036161276 -0.0019060280357156307 0.6510010389579999
1643042223970058.0 8.493650484801117 0.7072559736365184 13.786683550014127 0.054837047496968605 0.7562269662577161 -0.001280538712086588 0.6520061609732483
1643042224003391.0 8.492579997951388 0.6977034003212602 13.846497469898663 0.05506473826581986 0.7568955749498174 -0.0016055509591831197 0.6512099395949201
1643042224036724.0 8.491847617509483 0.7116189999910876 13.787125518051804 0.05511029821879182 0.7562816985013013 -0.001760227197825572 0.6519185141890317
1643042224070058.0 8.490779014104701 0.7019004663049648 13.84176822114134 0.055420651734751615 0.7565763214512526 -0.0019468551316227864 0.6515497148611784
1643042224103391.0 8.489473087285567 0.7111815328451789 13.784209161969622 0.05481123113674934 0.7560889309030594 -0.002006959766164323 0.6521665658554104
1643042224136724.0 8.488483994820003 0.69948602786257 13.842948892587096 0.05516188845773482 0.7566848826325645 -0.0018796930011329782 0.6514457929953497
1643042224170058.0 8.485820654427005 0.7076825017515403 13.782897530444098 0.054656622621676795 0.7560475381930789 -0.0014623609457145375 0.6522289744378436
1643042224203391.0 8.491165031371184 0.7003815659546493 13.849413924862699 0.055521523065329086 0.7572993055496675 -0.001672469927814335 0.6507014101220605
1643042224236724.0 8.490153794293649 0.7122081529018104 13.787113788212855 0.05528914852320662 0.7564793001954688 -0.001660269902138323 0.6516743219854567
1643042224270058.0 8.492363688507627 0.6971668084996958 13.847821839534378 0.05541115362685242 0.7572247124477066 -0.001354175500543234 0.6507983598019765
1643042224303391.0 8.492179588819917 0.7073777283998477 13.789416163967829 0.054814037186000336 0.7565301068764677 -0.0014814206442160891 0.6516559092878134
1643042224336724.0 8.49118659961636 0.697147089409274 13.851103669916256 0.05505035413692561 0.7573411584155733 -0.001664303212327202 0.6506927526674737
1643042224370058.0 8.491416929129867 0.7110326886998019 13.791350730333022 0.05525621563793202 0.7566388068671784 -0.0016134700490002451 0.6514920285701031
1643042224403391.0 8.492334165524607 0.7015341999416469 13.84701194593067 0.05588967980992394 0.7570537459315925 -0.0016034771049437283 0.6509557575771658
1643042224436724.0 8.489230223091853 0.7143299353867876 13.78633341654952 0.05559575008197238 0.7562934768145049 -0.0017073130226804868 0.6518637699572616
1643042224470058.0 8.493050911920212 0.7049417464462118 13.8450200415301 0.055899672937569034 0.7569137216891627 -0.001965665738729807 0.6511167181407164
1643042224503391.0 8.489904928935207 0.7137160483605094 13.785600830087347 0.05543285436701428 0.7561715788257617 -0.0017954915563284577 0.6520188020624493
1643042224536724.0 8.491659279597377 0.701053541765367 13.85397491684453 0.05585228241008288 0.7575448811081964 -0.0015428560404565411 0.6503874962294335
1643042224570058.0 8.489710784679813 0.7108739760295932 13.792611424201501 0.05546334831003042 0.7566382970924131 -0.001535500238577939 0.6514752079752159
1643042224603391.0 8.492445864911309 0.6957915698601306 13.851189056240472 0.05507992743369758 0.7572156288399448 -0.0014125833626937344 0.6508369209277153
1643042224636724.0 8.4913718065048 0.710147185947794 13.79202325148557 0.05519402749493166 0.7565542459623067 -0.0016705939920993531 0.6515953509356921
1643042224670058.0 8.490313262095587 0.6970823498897553 13.85239611846655 0.05525347124477472 0.7574187490271105 -0.0014046838196545516 0.6505858278513117
1643042224703391.0 8.488081256832288 0.7131498251009124 13.78938499266477 0.05543519564973036 0.7564517372209277 -0.0017687734848495442 0.6516936241663532
