#timestamp tx ty tz qx qy qz  qw
1643042161703392.0 0.0 0.0 0.0 0.0 0.0 0.0 1.0
1643042161770058.0 -0.049345867384702174 -0.01743332822231915 0.10075386669226324 0.0009641310004641611 0.012685383459836743 -0.001030439229072743 0.9999185415287017
1643042161836725.0 -0.040781094442917463 0.0043289314387563406 0.21002661133059422 0.0011897491676730809 0.024759521899573048 -0.0038976067789518783 0.9996851300452654
1643042161903392.0 0.022509413180629826 0.032965457798748356 0.31915918677855404 0.004214304789050012 0.03162583198214583 -0.0017875745003988921 0.9994892950722323
1643042161970058.0 0.052848581390191274 0.03394110502149477 0.41891726918337363 0.0018793182381275286 0.04286775269419024 -0.003622591949600852 0.9990724201825794
1643042162070058.0 0.06899808686117077 0.04377795086276858 0.5915770179032964 0.002933666046592203 0.060298208434529973 -0.0025270366034145977 0.9981728977231941
1643042162670058.0 0.4589394935072045 0.08063792226556186 1.3886201847688275 -0.00014313094568831067 0.16118588745470308 -0.006516307080836434 0.9869025417643834
1643042162803392.0 0.5563676097094092 0.09733101968926969 1.5708927383464248 -0.0031715111759890073 0.18399565130739665 -0.00686966847210292 0.9828979344122719
1643042163003392.0 0.7571071986478005 0.10303870582953298 1.8043204248074105 -0.0005581751358554229 0.20537997767700286 -0.00369674053064015 0.9786751694609201
1643042163136725.0 0.8319791690440421 0.1440780918215189 1.977024661737084 0.0030564253879743833 0.22825318191632787 -0.009299840329980052 0.9735525954866312
1643042163336725.0 1.0156654224910246 0.16608727447718485 2.197040389987699 0.0027160270940518065 0.26540930741807445 -0.011598100712559407 0.9640622421776219
1643042163903392.0 1.573374198506354 0.3218171763412847 2.7296486706160965 0.012242133520131917 0.3590567798156949 -0.0220799414449381 0.9329741878642983
1643042164036725.0 1.6712777199948035 0.38293152400901104 2.8507530651540005 0.0187295716648343 0.3737202102158708 -0.026720842941769383 0.9269673155909751
1643042164070058.0 1.8150660467616222 0.3963344249276962 2.7839510109743113 0.02064849592733563 0.3659269384967357 -0.025731296839469626 0.9300586087238287
1643042164403392.0 2.1968958644354926 0.4584766847535046 3.03802816848864 0.024613039810204948 0.417789833421907 -0.030194668955564986 0.9077081774046437
1643042164503392.0 2.2450560598998996 0.49103303613103866 3.189373183192005 0.029112424875604614 0.4415687990457066 -0.035289610880519115 0.8960603248616111
1643042164570058.0 2.2905142454232372 0.5069812665747782 3.258343272881436 0.029400553492393983 0.45579558606299625 -0.035647628593706154 0.8888842656698765
1643042164603392.0 2.42315382788727 0.5140091235739167 3.147750578938039 0.0323823086435797 0.44889604740057776 -0.03343020411316965 0.892371080979209
1643042164870058.0 2.7431289340169345 0.6231275193785706 3.2969467597334594 0.0470821334821827 0.4855398389576085 -0.04272744570021437 0.8718994798001205
1643042165103392.0 2.983387499131946 0.7184481878608611 3.5456080841843 0.06021518726827277 0.5311872192783411 -0.05134146388322473 0.8435510200242294
1643042165203392.0 3.1303268177159063 0.7391372293813283 3.495840325750756 0.0647692718731132 0.5403266054174061 -0.05051074174974589 0.8374370220303254
1643042165436725.0 3.4491102254796666 0.8502325735522223 3.751525488237428 0.07923042649456756 0.5878291739420903 -0.059414848057307026 0.8029005402977233
1643042165570058.0 3.6357411417166614 0.9052085223647954 3.856325324723266 0.08879737461070011 0.6152060001807463 -0.05916702918693839 0.7811119422086994
1643042165703392.0 3.809983493333383 0.9362164292333451 3.8643391794315813 0.09488601705912832 0.6327440575262612 -0.06383020616776161 0.7658702933346085
1643042165770058.0 3.905436288137361 0.9620836515687878 3.867876194126172 0.09936202907873114 0.6420221617270524 -0.06713607662611255 0.7572499443670713
1643042165803392.0 3.904893901183576 0.9488196452449081 3.76965329448522 0.09822887404858803 0.6402758979172665 -0.06550851329827984 0.759016796609162
1643042165970058.0 4.175680016087134 1.017800226566882 3.8598098607833515 0.10806608265088562 0.6664143796696289 -0.07229634120779364 0.7341572279818555
1643042166036725.0 4.251735067248537 1.0172332064236922 3.8299098008102 0.11292737759149712 0.6716765482530334 -0.07407704874176477 0.7284302387785039
1643042166103392.0 4.315199275736753 1.0351771802188712 3.8798089401610305 0.11871143531149853 0.6832471889516779 -0.07270065414644866 0.7167952907229459
1643042166236725.0 4.477772682569176 1.0209422591167838 3.857355297447944 0.12069332842034247 0.6994865854728903 -0.07428935510847762 0.7004518034353705
1643042166370058.0 4.659190304632427 1.0287028460626049 3.816535503141373 0.12691322859672766 0.7171198372770868 -0.07807755183785224 0.6808348311373669
1643042166503392.0 5.027579835737953 1.2336675725774746 4.072618255800482 0.14627480900453385 0.7548924130901463 -0.09308215375445267 0.632516274543237
1643042166636725.0 5.22641424771815 1.2267363473946413 4.032407307750691 0.15327606361448035 0.7719739914376524 -0.09202948865414937 0.6099944082405387
1643042166903392.0 5.549967620561732 1.241642453863946 3.8634103362345247 0.16344892651423662 0.7941749678784281 -0.09424587630174949 0.5776575833629787
1643042167036725.0 5.703987832434372 1.2164493803530387 3.787969570119195 0.17009006774698573 0.8062209221480358 -0.09200682434543508 0.5591171056392971
1643042167103392.0 5.789786121674134 1.1987941353791212 3.7509990436550638 0.17259294759876026 0.8140885739457461 -0.09195656313465825 0.5468230597795
1643042167236725.0 5.968784181988516 1.2105588017498938 3.7093282902309275 0.17847480005741673 0.8265312276874366 -0.09276610898263342 0.5257255219467533
1643042167303392.0 6.039071503201267 1.132997890727047 3.645685570290017 0.17816447619987602 0.8327471697741531 -0.08882724292229525 0.5166229684870635
1643042167770058.0 6.4881894481148175 0.9933800063544809 3.199112717863596 0.1835262092964017 0.8633904854643125 -0.07845987518734246 0.46337786750834237
1643042167870058.0 6.526164828431451 0.9875457925663814 3.0655947036678155 0.1851157325239361 0.8669512180444872 -0.07584598359930782 0.4564812568716926
1643042168036725.0 6.723207679780963 0.9243861431943887 2.9356972646570445 0.18438047125869486 0.8793344268366801 -0.069797850530873 0.4334778744751556
1643042168770058.0 7.2345798558479 0.7848913318757818 2.084651602716673 0.18654472577770156 0.9073699591505675 -0.05628265010610102 0.3724420569869275
1643042168936725.0 7.310899787866846 0.7838820673793244 1.8517117356821213 0.1892373982695054 0.9118206232315356 -0.05377252346578838 0.36038989145918604
1643042169103392.0 7.472428983580186 0.7386832039244272 1.6650536087935524 0.18779066765688493 0.9173578784936958 -0.04977626996917475 0.34743562116524973
1643042169470058.0 7.618795418819486 0.7293916985339687 1.1860990734626986 0.1890814283823239 0.9274566627141001 -0.048551049374751284 0.31892812330168485
1643042169903392.0 7.8681907372670725 0.6687142410993873 0.630309797025184 0.19046769332177851 0.9310418116248752 -0.04328947712431049 0.30823566305224204
1643042170670058.0 8.272277754401113 0.6300237621364831 -0.29586328380464694 0.1924060743369683 0.9294705197311643 -0.05457225832594176 0.3099779413605471
1643042171170058.0 8.577471032402197 0.49661640106632976 -0.9450749308876124 0.19027982452099595 0.930940454840974 -0.048587497890217 0.30786801225445204
1643042171270058.0 8.57387725200675 0.6522038832955103 -1.0962710014528463 0.1941738249207057 0.9260211264167083 -0.05017470006646401 0.31978727088305803
1643042172036725.0 9.117623230060548 0.3441923465740701 -2.0703137095512654 0.1945482203921681 0.9275003794325569 -0.049862991438247115 0.31528989546056263
1643042172303391.0 9.276441270776758 0.29939456998988767 -2.421250467059053 0.1939694669047188 0.9298940496293812 -0.04700813014155759 0.30897109585390603
1643042173136725.0 9.783371258601786 0.21718790382525563 -3.493508249800231 0.19417585929482845 0.9360586488116476 -0.04606153496423328 0.2897728017754019
1643042173803391.0 10.14672017282876 0.17415926698143303 -4.370566244552274 0.19488643442231054 0.9317356657649932 -0.05013097663926229 0.30228266903813206
1643042174270058.0 10.446461812840901 0.18195628483073528 -4.953761829653976 0.1969764829332134 0.9323870038966393 -0.05924736078191494 0.29722801075317157
1643042174670058.0 10.720246419168129 0.15192743555519012 -5.443303861792934 0.1967289625036023 0.9373805640200434 -0.06011501874908462 0.28107219362740005
1643042174703392.0 10.660852100241359 0.1331184592047737 -5.542542070287951 0.19650165918109386 0.9357775643561531 -0.05508964078906641 0.28752839766616867
1643042174770058.0 10.655367019984833 0.12756680898677347 -5.64897804753283 0.1977209610465588 0.935311421310776 -0.05672198980418219 0.2878916160660036
1643042174803391.0 10.760341748029495 0.09660359087771424 -5.621861493930666 0.19522963103609842 0.9396995698918513 -0.05544122848235332 0.27527509821076446
1643042174870058.0 10.831785526298853 0.1079436009266667 -5.684516925633551 0.1956978116118223 0.9415766194210677 -0.05747432264294439 0.2680159296136563
1643042174936725.0 10.870971050311358 0.12950672453099127 -5.774089416230413 0.19698623664518172 0.9432035856121612 -0.05911837618198111 0.2608992837443919
1643042175370058.0 10.978233276116436 0.10309917184260725 -6.384586947595991 0.19843992124817586 0.9560061416185137 -0.050426761145551995 0.21007378847221592
1643042175403392.0 10.941109953545078 0.1327616017040602 -6.460399777591203 0.19876482409806445 0.9558391446546897 -0.052667433105559096 0.2099767028437397
1643042175436725.0 11.033205412668423 0.11131480444369324 -6.464945985761991 0.20053932011107714 0.9582265089907319 -0.05166929872819825 0.19727194966785816
1643042175503392.0 11.153115868912144 0.11892310138179149 -6.550276331497159 0.2001891045449434 0.9624015727085765 -0.05133405420888948 0.1762735094903124
1643042175636725.0 11.286626542493867 0.15700417904024336 -6.7269358084672115 0.20031358679287803 0.968194484017925 -0.051908072577635196 0.14063946837467398
1643042175736725.0 11.041009228661382 0.1914594111330085 -6.87261416643925 0.2028076402417767 0.9667560371467557 -0.04834450824352822 0.1480359220681061
1643042176036725.0 11.239780412347598 0.0881007783374524 -7.284013672986186 0.20130914612471634 0.9760956297785436 -0.03149987631400237 0.07562874457485373
1643042176103391.0 11.201194080007033 0.10727452500091254 -7.366744193298699 0.19941152789286096 0.977328413008132 -0.02805786208518018 0.06539856302434996
1643042176236725.0 11.137359386390239 0.13822328782768808 -7.53349478150145 0.20068905296049047 0.9784965404790378 -0.02599360245701608 0.039909358848304446
1643042176270058.0 11.036649959803434 0.18840468862111445 -7.584272497599023 0.1995600650635604 0.9786357051092776 -0.027005731771993762 0.04145633327435151
1643042176303391.0 11.158952761526495 0.12332905292302669 -7.645234659171616 0.20339855756790573 0.9786721239131686 -0.021907977023028238 0.018706715300702382
1643042176503392.0 11.068938749216773 0.17359353990509258 -7.898517771225501 0.2015093239007758 0.9790799330601686 -0.011989656247965889 -0.02554848729383908
1643042176670058.0 10.895318989937726 0.2317240324648494 -8.111207868665113 0.1985053905394957 0.9780800244319812 0.0006975930018668525 -0.06288552375468456
1643042176703392.0 10.96939069968122 0.1786255281898004 -8.163183670244672 0.19856323223311045 0.9767616003134088 0.0076440277019751675 -0.0803180415524424
1643042176836725.0 10.909651321239007 0.20034722027453356 -8.318352636023521 0.19648082891774996 0.9735499878655792 0.013023777523797483 -0.11587098952600282
1643042177070058.0 10.64744582713345 0.27616397079793603 -8.5770850232315 0.19432817946543562 0.9662774786452615 0.03164868348304549 -0.16596009689800664
1643042177170058.0 10.707199287822789 0.2262464444060731 -8.725322383491893 0.1945861690743293 0.9586666500854324 0.04376226772065099 -0.20292693449342228
1643042177303391.0 10.607571705113326 0.2661367359200772 -8.838087086551019 0.19261974466771356 0.9529517036020961 0.05097737563123539 -0.2284337797694543
1643042177503392.0 10.443250863736736 0.34793442174950184 -8.999791856343148 0.1872069851764314 0.9439307162271446 0.05839109155263992 -0.26559146840844183
1643042177536725.0 10.349900415107918 0.3965354487173381 -9.025767940256914 0.18868316328082638 0.9420171156005933 0.058326370068151036 -0.27129403304266114
1643042177703392.0 10.276200472494345 0.4371631506471814 -9.164115415899747 0.1810368840875895 0.9306140375318974 0.06537520466113815 -0.31130249334682675
1643042177903392.0 10.096601363713443 0.5243924012177135 -9.31027050147288 0.17346554999096056 0.9159447644997372 0.07307309008409381 -0.3544223678852911
1643042178236725.0 9.769647168631936 0.670040349626946 -9.525255491960973 0.16872055502831745 0.8970863357003976 0.08097047757402158 -0.40026648919439256
1643042178536725.0 9.421336297893797 0.8666366862491507 -9.725060191426175 0.16044497902138147 0.8797587278239843 0.08869393625447869 -0.4386517698539919
1643042179770058.0 7.984954777046119 1.4749109245076537 -10.25303992183276 0.15398522699591816 0.8316160435813204 0.10886204889205918 -0.5223527163097649
1643042180270058.0 7.322994318318962 1.790057869948789 -10.39403045909024 0.15222856218380101 0.8200305520875871 0.11335356582013639 -0.5399327065609563
1643042180370058.0 7.1912804876478145 1.8316591587523052 -10.4186139061954 0.1512955585060647 0.8202978357529609 0.11446856497561488 -0.5395535768278902
1643042180536725.0 6.974644538376297 1.93964420692596 -10.489934867635473 0.1493164768942404 0.8226039145246987 0.11228500527528869 -0.5370469878203044
1643042180936725.0 6.469896804448581 2.1857302235989264 -10.627100428058982 0.15339887360689522 0.8412416654412898 0.10060527508770664 -0.5085861033553982
1643042181270058.0 6.041604511595933 2.354614566669 -10.7822160604203 0.1601969610183875 0.8528505829915476 0.09894123154249482 -0.4870251014807193
1643042181570058.0 5.677207289479695 2.531459116417076 -10.93901654847476 0.16092795008340283 0.856782625702393 0.09782102214467947 -0.48005913677695705
1643042181670058.0 5.562211413635331 2.580593348374068 -10.994861681318483 0.16055486774532557 0.8560559860401519 0.09962516153166429 -0.4811082106947399
1643042181703392.0 5.523102986063283 2.603577954957579 -11.013359297015686 0.15933059856186424 0.8558397041020133 0.09874466740372692 -0.48208054503767733
1643042181736725.0 5.495873619867611 2.609585563141459 -11.047543899617295 0.15960835738924553 0.8545553144995655 0.09955109264293245 -0.4840970632689831
1643042182136725.0 5.008600570996898 2.834383336806264 -11.25373778802359 0.16142328393697844 0.8466057953847143 0.10653895712103773 -0.4958332393452245
1643042182203392.0 4.933099949044213 2.8768900993033864 -11.296470195336257 0.15912934603897558 0.8444529496576039 0.10630084443359317 -0.5002771207205915
1643042182270058.0 4.8343962844496735 2.9169719168245636 -11.35447074896506 0.15865058968446555 0.8416588625820665 0.10860236317012247 -0.5046244902337761
1643042182336725.0 4.7535833564738175 2.989212082548486 -11.416726690884271 0.15522750431480434 0.8388082911536741 0.10928444555347666 -0.5102567809996451
1643042183103391.0 3.770293905656569 3.3978040584108817 -11.695549345787853 0.1500849562021959 0.8243310302656369 0.10908211872640156 -0.5348401161441968
1643042183370058.0 3.435047868740722 3.5616000483981995 -11.766625145425579 0.15120041347582136 0.8255077416404472 0.10596273420417547 -0.5333360126753159
1643042183870058.0 2.765554727399894 3.846092558949394 -11.96119218319436 0.15794488700999842 0.8335990693101688 0.10334885217736678 -0.5191194651197737
1643042184003392.0 2.597534125244384 3.920991694900707 -12.027083925504073 0.15898056041132277 0.8382770143180217 0.10336325969701637 -0.51120726248966
1643042184036725.0 2.559529749976026 3.926206900744033 -12.045117524560132 0.15951721998612337 0.8393141038465838 0.10397937561956563 -0.5092095649709163
1643042184070058.0 2.5189151832907384 3.9562606549480064 -12.058412679992818 0.15888858318308424 0.8407167316719273 0.10418434229278599 -0.5070457750952713
1643042184170058.0 2.3951621442805116 3.9994984955695037 -12.115468248799726 0.15925654190148608 0.843659610712415 0.10362461257878869 -0.5021332042218005
1643042184303391.0 2.2239233089879202 4.09248755067743 -12.189990467950302 0.1589269107872548 0.8469565138810108 0.10062165806808411 -0.4972747555926953
1643042184370058.0 2.134284705907744 4.132397446309586 -12.20760004360728 0.16124364305083827 0.8490810094294149 0.10028707216026676 -0.49295479524956554
1643042184570058.0 1.8935218451659703 4.234975193068724 -12.325306830500711 0.15966293544259677 0.8562832092275106 0.09760224320686385 -0.481415220741801
1643042184603391.0 1.8547992621464744 4.257429052442323 -12.339570290070359 0.16002498314017255 0.8571325535081041 0.09718472964811524 -0.47986552159004636
1643042184736725.0 1.6830002771320476 4.330461142211541 -12.41337654948243 0.1638403081593862 0.8597556725416134 0.09716846446132066 -0.473851059373074
1643042185103391.0 1.2475983121630594 4.548062031965544 -12.627402065792879 0.167494536522492 0.8747135438677691 0.08907337719090053 -0.44596830592006365
1643042185170058.0 1.1542984279510236 4.57110214948567 -12.678046897958804 0.1692656209283228 0.8764458527653924 0.08883548612487793 -0.44192767863876786
1643042185203391.0 1.1102284453188431 4.59591770630684 -12.691125708114848 0.17077095303468567 0.8773143458887862 0.08707939029165944 -0.4399704534213512
1643042185303391.0 0.9978255450365479 4.645832157498021 -12.753161273052404 0.1699582870471529 0.8783104460782506 0.08536939526784898 -0.4386308326205809
1643042185370058.0 0.9163871931034366 4.6793728220814605 -12.80120821894322 0.1693764589715248 0.878297585311923 0.08699566907399325 -0.43856210545814495
1643042185803391.0 0.3581779775060509 4.940039490833548 -13.042847106542732 0.17026278904429887 0.8692770675765573 0.08760791243628804 -0.45573327301274974
1643042186170058.0 -0.13593561986191924 5.157911368291143 -13.246411350379141 0.16466671522046633 0.8485548002524811 0.09814819147794605 -0.4931597675972589
1643042186203391.0 -0.17383862803137973 5.182747124877029 -13.260450277887177 0.16413482713375846 0.8464721732609234 0.09805712577727 -0.49691993168014625
1643042186270058.0 -0.263841204214303 5.220251246561675 -13.285414713584968 0.16206020585288355 0.8424338176268141 0.10156631782110022 -0.5037122548458552
1643042186870058.0 -1.1006184619144632 5.606530830661562 -13.499027425108704 0.15710109580289755 0.827797832860455 0.10616142593875566 -0.5280149100657224
1643042187003392.0 -1.252038357947172 5.667277867593461 -13.521664711180563 0.1566203403206328 0.8294288644101195 0.10576094343250762 -0.5256733308105467
1643042187103391.0 -1.3877363250992507 5.728730662680936 -13.543495797914511 0.15885721961896887 0.8290711580749585 0.10539442934283695 -0.5256400031263562
1643042187303391.0 -1.6587707952262787 5.834502469062998 -13.605956430978337 0.15584384827238654 0.831981181425828 0.10430555527736372 -0.5221497484890879
1643042187770058.0 -2.2801828724627478 6.104425552299926 -13.768093875066892 0.15632745052046954 0.8455250139024629 0.10160183359941657 -0.5003261401208682
1643042188503391.0 -3.213963848764617 6.528199655392375 -14.114441687505693 0.16679912559915394 0.8694374528704586 0.09536144747200201 -0.4551513611772806
1643042189403391.0 -4.320562592540542 7.0624273711526335 -14.643666960645435 0.1671323256518925 0.8761983527259292 0.09008624047937054 -0.4429759606105628
1643042190403391.0 -5.636645700139979 7.649078628437981 -15.205259928501539 0.15639420918285304 0.8380069977143157 0.10886189646343963 -0.5113063764655125
1643042190503391.0 -5.773480228816185 7.7248829716514145 -15.228407870326194 0.15546494531165306 0.8361022727620736 0.10773154860699263 -0.5149345139880207
1643042191003391.0 -6.447353671905513 8.03152629602087 -15.447637797151359 0.1587430466877821 0.8367346917024893 0.1039648784489568 -0.5136798661412713
1643042191070058.0 -6.534029846414984 8.072576062894514 -15.467624243889992 0.15589236759726083 0.835619994935779 0.10553733224589774 -0.5160413406800544
1643042191503391.0 -7.131180774634913 8.34677753476227 -15.608434111967721 0.1585171833051841 0.8262055714551032 0.10947790158175075 -0.5294065029434313
1643042191636725.0 -7.305694567285159 8.42922917993696 -15.659342437376013 0.15783172966956854 0.8314751024713568 0.1076005898170219 -0.5216899578780371
1643042191670058.0 -7.350261631181984 8.449210336470543 -15.674901253903872 0.15819620174639254 0.8327302734840714 0.10700588503774391 -0.5196960591956106
1643042191770058.0 -7.489954266144603 8.508662711166416 -15.722351398504795 0.16028877694348204 0.8383208153153646 0.10383896862461754 -0.5106301863285412
1643042192170058.0 -8.000073051911682 8.749908641416509 -15.880987354294962 0.16180112013538617 0.8574369398295174 0.09257178003873673 -0.479638152443263
1643042192303391.0 -8.187071199780355 8.821650142401367 -15.939708446212002 0.16532500778402812 0.8598583533865316 0.0930596340477663 -0.4739737950810249
1643042192403391.0 -8.318751995092432 8.894654416947082 -15.988877416711436 0.16542097202750553 0.8615291288719217 0.09365795832561608 -0.4707777065250015
1643042192703391.0 -8.701436866417625 9.069595616061171 -16.159029900484054 0.16723230435255998 0.8653736239795761 0.09272197316824565 -0.4632110566396002
1643042192770058.0 -8.783477765938487 9.10504916696935 -16.20199555882069 0.16783882341402298 0.8661458862579471 0.09269312727435808 -0.461551099261535
1643042192903391.0 -8.9441377255182 9.185060748305558 -16.282524934267123 0.16732042943407766 0.8673712888202924 0.0927475513747537 -0.4594222599506997
1643042193436725.0 -9.591030907193574 9.478984248218959 -16.59983671397482 0.1681654053481098 0.8727263784066137 0.08991726468414192 -0.4494262457724338
1643042193536725.0 -9.71804556290144 9.55808017241161 -16.66266752981601 0.16741098530527826 0.8750717147597874 0.08880646640951641 -0.4453498260360461
1643042193570058.0 -9.751955384926704 9.575796380842355 -16.67944089379934 0.16694367162444665 0.8754758978598017 0.08916425417764084 -0.4446588563697659
1643042193970058.0 -10.24404328564904 9.800571792592278 -16.933986552704866 0.16329506490034232 0.8672374262113056 0.09431994632555311 -0.46080116762300866
1643042194070058.0 -10.35049012330471 9.838724482933827 -16.995644644604088 0.16207269628612717 0.864423374369096 0.09235291223333478 -0.4668785822512234
1643042194370058.0 -10.736891981389341 10.022680129347798 -17.158765486329788 0.16200441581871333 0.861153929947591 0.08697127524194423 -0.47392454618203406
1643042194536725.0 -10.945719020166221 10.088120932150677 -17.241538493821842 0.16334447122140988 0.8605149412461673 0.08692149456580477 -0.4746338308590636
1643042194636725.0 -11.074178377096752 10.16045270521816 -17.295336597881622 0.16254826250484763 0.8582511783681807 0.0882935590777503 -0.47873502546990265
1643042194670058.0 -11.113608151471798 10.175649915957987 -17.326792472428824 0.16380422015107768 0.8559689547504674 0.08974866753102259 -0.48211046725879686
1643042195003391.0 -11.536680840802047 10.366578328292336 -17.48501341453778 0.1591090400614483 0.8389415676023395 0.09450056621243194 -0.5117919523646138
1643042195470058.0 -12.13650250019879 10.632886579111407 -17.647189557582983 0.1542927147221681 0.8278116763350117 0.09898226959767682 -0.5302113701273994
1643042195570058.0 -12.256828775815219 10.664750252158722 -17.678225686225854 0.15316747064558192 0.8265355456831374 0.10058335053991528 -0.5322233621821553
1643042195770058.0 -12.524009941621259 10.80169695466781 -17.745003756693926 0.1524708600956481 0.824459204627337 0.10290677069082771 -0.5351914174133752
1643042196170058.0 -13.030195735350404 11.020052457597066 -17.88095320412158 0.15588271466366818 0.8363952641327868 0.0995043525197617 -0.5159868459902386
1643042196303391.0 -13.18840199857373 11.088578089123832 -17.924508257593768 0.15805452667740127 0.8444311951159565 0.09697509458933498 -0.5025440819880477
1643042196470058.0 -13.389179611110803 11.178790103008899 -18.006706803844686 0.16110850809032 0.8500973886344244 0.09723283351083202 -0.4918579617585736
1643042196536725.0 -13.485331071192949 11.222732056414342 -18.034254328047652 0.16242262745708147 0.8513502258563634 0.09671496452274037 -0.489354573557479
1643042196570058.0 -13.52708317490613 11.23050763646834 -18.045816499646026 0.16325505246792996 0.8521038626749434 0.09669070125735814 -0.4877680835689181
1643042196603391.0 -13.566328074283847 11.251940563188436 -18.076498178934216 0.16306463593615414 0.8520279350360556 0.09813590744534065 -0.48767577968880543
1643042196670058.0 -13.655947113307311 11.281394881954624 -18.098389986051615 0.16298960976084634 0.853849015482159 0.09645048958691889 -0.48484383973460854
1643042196736725.0 -13.739607045236164 11.327986705388476 -18.13286064617301 0.1640956345128257 0.8548415185028938 0.09698862959259205 -0.48260937279258354
1643042196970058.0 -14.031749402598782 11.458455051531956 -18.260309664926567 0.16315131712462427 0.8572017780081893 0.09309321149154298 -0.47950017046325477
1643042197036725.0 -14.116655167623184 11.508477980752648 -18.284376480759132 0.1625924583938196 0.8567563783210024 0.09408218310357672 -0.4802923521171234
1643042197470058.0 -14.66250338353413 11.738818363765034 -18.51461434549617 0.15951362051959075 0.8580387351839956 0.09393735595323681 -0.47906232052739844
1643042197603391.0 -14.83651590710241 11.819941070479661 -18.588201252804645 0.1615425239503959 0.8578559022806173 0.09578155855660216 -0.4783441824863266
1643042197803391.0 -15.083751882038383 11.944201792383307 -18.685472412137024 0.16230836575004123 0.8576041297827214 0.09531991707150747 -0.47862852442855175
1643042197870058.0 -15.176575583699755 11.97728944818386 -18.733394255090985 0.16249405878735865 0.857214300447445 0.09781231490359604 -0.4787609790076964
1643042197903391.0 -15.221350577231265 11.99960828557065 -18.74739106796123 0.16284481156758887 0.8572214551770124 0.09772959641478995 -0.47864587130186753
1643042198236725.0 -15.651916988154452 12.196904411888678 -18.93200301490989 0.16436150719219683 0.8577518326317768 0.09855427952866407 -0.477005390490426
1643042198703391.0 -16.24730138254295 12.468557479159953 -19.185698259502544 0.16337333595172485 0.8621808159107682 0.09171469279858935 -0.470682280206412
1643042199570058.0 -17.41631327097085 12.97685779107309 -19.636211236040424 0.16326666401636147 0.8583384900529372 0.0908679687091759 -0.4778514886209737
1643042200336725.0 -18.492283541892533 13.46823468978188 -19.995395732879224 0.16053321040584792 0.8383672910120074 0.10094460965386128 -0.511057295711361
1643042200470058.0 -18.67640040651412 13.554719873944675 -20.03827742446075 0.1603436129535729 0.8396079531417731 0.09943735358853131 -0.509372774613432
1643042200803391.0 -19.128447691118623 13.761014851326626 -20.178555243139847 0.16090523801870174 0.846162387094892 0.09734769356779042 -0.49864029680828087
1643042200836725.0 -19.166993123802502 13.785349675981545 -20.193322997589338 0.16099214484419908 0.846909057858642 0.09512133437362645 -0.49777355169035686
1643042201236725.0 -19.72359306629488 14.02084253686281 -20.34353761419816 0.16482936220159036 0.8579099591441969 0.08798880753670528 -0.47862276701561957
1643042201370058.0 -19.903757666504706 14.115975818740461 -20.427742630407007 0.16329800431156474 0.8571176801638012 0.08939406767715247 -0.4803038046930469
1643042201603391.0 -20.231090362392663 14.269065371710989 -20.523859407342545 0.16311765259460362 0.8548369600725592 0.09146852993766005 -0.48402470095747757
1643042201636724.0 -20.270847862689717 14.28912634970808 -20.541821685691247 0.1627526051287758 0.8547404165917376 0.09170846386454204 -0.4842726168430193
1643042201670058.0 -20.321090578706798 14.305316573364117 -20.554921042599027 0.1624348470252718 0.8545293534040634 0.09048264603829503 -0.48498185059713156
1643042201970058.0 -20.72474169771439 14.493077933953446 -20.69174574439364 0.16636444920167434 0.8531611281445054 0.09167915157898447 -0.4858331942454901
1643042202736725.0 -21.745910312575482 14.932047718984856 -21.039783957319663 0.16315454830260365 0.8578473109997278 0.09098829124730223 -0.4787480707372152
1643042202936725.0 -22.003077116464507 15.053547389299766 -21.121261823858003 0.16481797732623055 0.8626876938208983 0.08591064874075363 -0.47034491356132796
1643042203170058.0 -22.285445094591292 15.184876447090907 -21.233767470161588 0.16453446572654407 0.866725137965675 0.08044158126074993 -0.4639451441827284
1643042203703391.0 -22.987759600821466 15.475359546242341 -21.462710066052406 0.16578489490155168 0.8548337002388093 0.09635743966518616 -0.48217212422502914
1643042204270058.0 -23.706436471796106 15.813007442665239 -21.713660974397566 0.16410939193345425 0.8519093054496061 0.09636011306383721 -0.4878866378349854
1643042204370058.0 -23.820811608117054 15.862051949788976 -21.754084146005926 0.1632816658538985 0.8513590971961155 0.0958209159878379 -0.4892291255400098
1643042204836725.0 -24.42574407277828 16.113724917897095 -21.963491605430274 0.16676324515505506 0.8607497499750784 0.08996720388078104 -0.4724466003783592
1643042205136724.0 -24.808869204870305 16.301431346421715 -22.101717382873318 0.16706095432146792 0.8658633642716066 0.08793752550663388 -0.4632906901301016
1643042205436724.0 -25.188763184948243 16.47023159220748 -22.240088352692425 0.16771092730224665 0.8659219196682441 0.08758913974777396 -0.46301232866925734
1643042205470058.0 -25.237692831422642 16.491701801680215 -22.259257634447497 0.16774250826604672 0.866028140808537 0.08916152321998007 -0.46250181948335817
1643042205503391.0 -25.2807076324036 16.515794358024444 -22.27654139506396 0.16715204772085224 0.8658846710115939 0.08786424884155082 -0.46323191084529114
1643042205536725.0 -25.328123505515986 16.524528487193873 -22.285617442993217 0.16727492448808529 0.8658755526462808 0.08595159668751363 -0.46356331821431923
1643042205570058.0 -25.363653506648298 16.551260275130172 -22.29928562263435 0.16669902425004704 0.8652801316163985 0.08798133336564418 -0.46450082252154706
1643042205670058.0 -25.49956058629506 16.609806186451817 -22.352193615316306 0.16723970333563887 0.8648046684947177 0.08600091137188813 -0.4655616073315683
1643042205703391.0 -25.540861090337764 16.640543673531592 -22.36177074956105 0.16688142752500756 0.8649729345617301 0.08650237796371925 -0.4652845905781823
1643042205970058.0 -25.898194854132583 16.783976973238858 -22.48593790701722 0.16807769265491243 0.8663930448004818 0.08478911610508597 -0.46251895846902236
1643042206103391.0 -26.092610310819236 16.872652220307018 -22.552596361076034 0.16886013935003266 0.8645241755160293 0.08683108244600803 -0.46534349292567945
1643042206136724.0 -26.130085531642543 16.890419562878535 -22.564520217584953 0.16858537419387107 0.8637823187573596 0.08496410974465311 -0.4671618322009736
1643042206603391.0 -26.761102876799672 17.17705251362159 -22.787427074976094 0.1670278838141502 0.8626775063755044 0.08519879658896085 -0.4697130731437023
1643042206770058.0 -26.989154221931962 17.276729311329934 -22.859514012030008 0.16836181785987098 0.864389198337558 0.08402726352922556 -0.4662885705955737
1643042206903391.0 -27.183676246849917 17.341080140926437 -22.958851211294878 0.1694901649919741 0.8649489859086045 0.08537968606890614 -0.4645929884893286
1643042206936724.0 -27.22155506690395 17.374663727931736 -22.968105554388703 0.16849901656289198 0.8659192762282306 0.08455232455313197 -0.46329557831515855
1643042206970058.0 -27.2643834136868 17.39260450122425 -22.987732811669623 0.1685629078038148 0.865612690704369 0.08363834475623802 -0.4640106066575437
1643042207470058.0 -27.92371438290248 17.68739294938467 -23.225188496942113 0.16867772004338563 0.8600015833309512 0.08790976464230252 -0.47351555065251766
1643042207636724.0 -28.13945743735162 17.770379000115717 -23.328975220329607 0.16912269998844454 0.8576970980698227 0.08930754563878948 -0.47726026715325753
1643042207736725.0 -28.27357536586432 17.833926186997136 -23.343546822600906 0.17156126599015145 0.8574639350680588 0.08918993121049894 -0.47683067040630117
1643042207770058.0 -28.31171953247125 17.84018739001389 -23.37575742297412 0.16980927092841588 0.8568857437264025 0.09128710600120761 -0.4780986278825054
1643042208103391.0 -28.759382710013462 18.053080229013812 -23.549497333465965 0.1679554348731046 0.8522350609248988 0.09385061209592457 -0.48649607956913754
1643042208536725.0 -29.331369442631264 18.314615457701667 -23.74474373973127 0.16608162957391942 0.8601221966289864 0.09243717394572615 -0.4733519494595182
1643042208636724.0 -29.465933202689012 18.37311426262588 -23.781963326456616 0.16709518078006208 0.8618993089645757 0.09178411020387604 -0.46987706783854427
1643042208836725.0 -29.750836903463167 18.50641944276215 -23.896842464569566 0.16917109064185917 0.8685451506880918 0.08567818799363644 -0.457897053287495
1643042208936724.0 -29.84565702260435 18.544972838720096 -23.922059758253937 0.16797949389243277 0.8714152832553205 0.08548538296500556 -0.4528913148206952
1643042208970058.0 -29.862832906876275 18.54269815250014 -23.955755911596277 0.167809507816718 0.8710403908782425 0.08677454235192651 -0.45343002254438675
1643042209303391.0 -30.27903595435378 18.73456982370683 -24.123624131856847 0.16944109909142419 0.8781932531421804 0.08030904185467229 -0.44001906989428163
1643042209803391.0 -30.96598213755158 19.043215486734095 -24.414373969539227 0.1712618292480324 0.8755331884210568 0.08448846872789326 -0.44381608856359855
1643042209903391.0 -31.032289893585894 19.06440850788236 -24.483520785848956 0.17167237334629507 0.8714558720186092 0.08616206477516344 -0.45129741628732617
1643042210436724.0 -31.70655391630206 19.369223558835152 -24.749126045733462 0.1592613816238925 0.8467650447760828 0.09845920139419861 -0.49792625651739236
1643042211036725.0 -32.52224593993143 19.746192343192718 -24.970295833518755 0.16104810475389397 0.835413854442344 0.10116946831720137 -0.5156664992428532
1643042211136724.0 -32.66124638280208 19.818309658587182 -25.006918711073467 0.1610627769465563 0.8362453252369891 0.09975631299106821 -0.5145883946611836
1643042211303391.0 -32.863449695648875 19.93682878672719 -25.106930496975924 0.16069144398722895 0.8355927255365421 0.09902394327685585 -0.5159043666394135
1643042211936724.0 -33.72683563381149 20.335924612006135 -25.29198737184503 0.16547722648453372 0.8552060634090249 0.08796255618157664 -0.48322092807889444
1643042211970058.0 -33.751702264142004 20.357890239450484 -25.33939456313099 0.16320238757799121 0.8559761474156821 0.08520748439528121 -0.4831247254563542
1643042212470058.0 -34.398150139776845 20.651970610098175 -25.533363484320372 0.16856545569256173 0.8675148523941907 0.08438572653760938 -0.46030719870469583
1643042212603391.0 -34.553483409649445 20.71555949808637 -25.59062598463355 0.1697854329600243 0.873209420876246 0.08028839243982094 -0.44970211038750685
1643042212703391.0 -34.675527805758634 20.789525690367512 -25.682339831286463 0.1693386934785243 0.8757271485750897 0.07862847326937199 -0.4452459223068267
1643042212770058.0 -34.77644018873646 20.798980109491588 -25.721118955833155 0.17276600337342518 0.8767063645471593 0.08012233975570657 -0.4417219364180912
1643042213236724.0 -35.34750487541538 21.102434981670843 -26.02503878094683 0.17042033218705818 0.87545029636156 0.08023160355872615 -0.4450916520988735
1643042213536725.0 -35.71396833305477 21.27736893649921 -26.122425092377807 0.17020223806189524 0.8778196245349742 0.07808931501355097 -0.44086955420023405
1643042213836725.0 -36.05942861063766 21.432688652050402 -26.35445556302686 0.16894993200252306 0.8768318979499365 0.07621896311546944 -0.44363545042687674
1643042214003391.0 -36.25609844477817 21.53396810043425 -26.40233402391424 0.1662898686013842 0.8790799868524238 0.07256180190304476 -0.4407956910187074
1643042214036725.0 -36.29356827308857 21.544133190581316 -26.46271100070686 0.16624069426650875 0.8770486373570003 0.07316061131376593 -0.4447440210190733
1643042214070058.0 -36.35954324141476 21.57315506502705 -26.42110363509043 0.16717452671346106 0.8788177347457512 0.07398750608775966 -0.4407469973322457
1643042214170058.0 -36.44595371180898 21.590429128601528 -26.550958827176448 0.1680235420755199 0.8750068130218994 0.07545731096246079 -0.4477023125872471
1643042214303391.0 -36.58882179144659 21.670074995515492 -26.616253543786566 0.16797391001332035 0.872928055025275 0.07552658828651192 -0.45174894661352233
1643042214436724.0 -36.743004853247754 21.73204724533643 -26.681990618505445 0.1668015010784872 0.8684467810324269 0.07957070226878746 -0.4600499441287124
1643042214503391.0 -36.81904194730598 21.7707344642478 -26.765754900780237 0.1652749928524475 0.8632748674515375 0.08179372911049414 -0.4698408941783941
1643042214703391.0 -37.027953829158406 21.873411300636477 -26.85738012381746 0.16070515370310312 0.847661602250893 0.08745520786669127 -0.49799121303463234
1643042214836725.0 -37.175060982956595 21.95083697414053 -26.907727139097926 0.15770874818043432 0.8378734609498406 0.08867436453030911 -0.515007641941789
1643042215103391.0 -37.46516297453716 22.10939819723457 -26.98846887042964 0.15600537642229015 0.819998645933862 0.08639537909357264 -0.5438753365112728
1643042215236724.0 -37.606516228219014 22.190208745205492 -27.035073031392614 0.15171209849063683 0.8056381106962138 0.08661706949388402 -0.5660637393771959
1643042215270058.0 -37.694127688528575 22.230561982077813 -26.927416215440065 0.15294833371291316 0.8084955693827486 0.0881199756761492 -0.5614059060873365
1643042215303391.0 -37.695931416344656 22.232611864260686 -27.022129224660926 0.14963900478024186 0.7994222019562067 0.09088451189884655 -0.574693237096781
1643042215403391.0 -37.84614427482478 22.296524044658618 -26.943172891166654 0.1462931352194786 0.7928680685047736 0.0921621133711576 -0.5843498005408464
1643042215503391.0 -37.92029242424744 22.342789726485336 -27.03793501177152 0.14095411298452826 0.773419631092699 0.09359058207223717 -0.6108967304058505
1643042215636724.0 -38.07338448787043 22.42810787485513 -27.085422285155026 0.13629238629848098 0.7464601208311901 0.09789865609032777 -0.6439235409436888
1643042215703391.0 -38.14883011279324 22.45811233736849 -27.163993535119324 0.1332202779244898 0.7288071808292135 0.1020663613230009 -0.6638334946413734
1643042215770058.0 -38.18129533042482 22.52767368762932 -27.399308924351043 0.11884331800268261 0.7014224442515654 0.10923551594691183 -0.6942264922358443
1643042215836725.0 -38.28820058457811 22.59915884106116 -27.514296007812824 -0.10906758413590864 -0.6808715756548104 -0.11589942983766542 0.7149024281112746
1643042215903391.0 -38.3357040145821 22.641435555318857 -27.506291387622994 -0.10389510322201882 -0.6672663216297487 -0.11633973502858096 0.7283038717449403
1643042216303391.0 -38.595357097294034 23.06093625896851 -27.341046956621653 -0.066768391885766 -0.5738643083640635 -0.0979037650320079 0.8103311608369637
1643042216503391.0 -38.80115252906993 23.138127854393183 -27.193812061979706 -0.06014111814651068 -0.5332422398593427 -0.09898126942443168 0.837996699182644
1643042216636724.0 -38.92413196416549 23.15999910016484 -27.08223194540864 -0.05705597665145054 -0.5032968322729146 -0.10229863766234046 0.8561377826523182
1643042216703391.0 -38.991638505627805 23.193677296391087 -27.041325234814263 -0.05019358963613902 -0.4868444383187973 -0.10344480899615176 0.8658881382310554
1643042216836725.0 -39.14537249553963 23.287940210465084 -26.908063203260237 -0.04122946169839946 -0.45263348309639456 -0.10644544996104369 0.8843598971293739
1643042217436724.0 -39.52292426378007 23.39226697322225 -26.117207177184998 -0.03169248317361607 -0.3514185469774244 -0.11391210348339839 0.928722038088121
1643042217703391.0 -39.6653109416048 23.422845095179543 -25.78433374757282 -0.026128086247059562 -0.3042550454682623 -0.11483332253152292 0.945282761110422
1643042217836725.0 -39.73328831977386 23.438996147676335 -25.603678976051892 -0.023092625767848592 -0.28109218431806315 -0.11525337012003165 0.9524550253037783
1643042218036724.0 -39.811141948360174 23.471783956078863 -25.337347019206916 -0.016502976727250068 -0.24944776381302666 -0.11562515458199885 0.9613190357606101
1643042218303391.0 -39.87896072480472 23.491759284441677 -24.974478952679366 -0.011445530118225838 -0.21683162504763134 -0.1164084271820082 0.9691760027469352
1643042218503391.0 -39.917108913237655 23.50187054709891 -24.695735559708222 -0.007639806468712068 -0.1943022246333285 -0.11809224190963015 0.9737774392849824
1643042218603391.0 -39.910658726314665 23.51538841150398 -24.567544773071194 -0.005823939541795308 -0.18464043894551996 -0.1178521034384306 0.975697120908613
1643042218970058.0 -39.92004431906968 23.51792545277915 -24.119588483077727 -0.004549768282435165 -0.1579884545873864 -0.11891583947195652 0.9802438323949533
1643042219303391.0 -39.939377933432276 23.523538590949233 -23.76995456821317 -0.006296060643895663 -0.16030299822225977 -0.11916365024521122 0.9798282159856183
1643042219336724.0 -39.91956830965592 23.52558020076544 -23.735263753162236 -0.005648675685051208 -0.1610510230581441 -0.1190976537314423 0.9797175150575781
1643042219936724.0 -39.896951366441755 23.53527840937608 -23.314018384688907 -0.0033666749316381642 -0.16050749473285922 -0.1174388347638357 0.9800174129696873
1643042219970058.0 -39.92494335968567 23.530388036052962 -23.349981179098936 -0.0033538993182227516 -0.1598363086711888 -0.11856153836180228 0.9799919731360123
1643042220003391.0 -39.890906727342184 23.526596175420618 -23.28720101110114 -0.00469244740261288 -0.1623282031101304 -0.11851329456142602 0.979582632770001
