#timestamp tx ty tz qx qy qz  qw
1643096738776083.0 0.0 0.0 0.0 0.0 0.0 0.0 1.0
1643096738809416.0 0.00046981050083540096 0.030909037810688402 0.03380396901236109 0.0010733840525997118 0.0005268808921826117 -0.001115774132472253 0.9999986626447489
1643096738842749.0 -0.002227790699157472 0.027525241048538016 0.05920125733621679 0.0006655298548686836 0.000311897267944361 -0.002997911687321914 0.9999952361464637
1643096738876083.0 -0.009751917857721688 0.045100979990129485 0.0975619002327426 0.001430666673114128 3.401546504489874e-05 -0.0067223632412064535 0.9999763806551992
1643096738909416.0 -0.010991500679423935 0.062380239124957305 0.14395756553327496 0.002871443130762146 -0.00013024331154405297 -0.01059935333568176 0.9999396939615368
1643096740042749.0 -0.12413026200526787 0.1742608620554077 1.4895003719948843 -0.0011574595775705081 0.03270547650955388 -0.02585276643184632 0.9991299447826744
1643096742109416.0 -0.3524976455898895 0.3842525007183589 4.017564915627544 0.0019489974476235552 -0.022278539964157296 -0.014304080955787585 0.9996475685630536
1643096742176083.0 -0.36428922008091796 0.3894553867552198 4.092466069239281 0.005225168358511188 -0.020422816458127085 -0.023419856345849203 0.9995034349677256
1643096743209416.0 -0.5058942358483012 0.4796341668400322 5.186036589682292 0.0117809096224513 -0.04583023239257841 0.013465542073032593 0.998789006319147
1643096744542749.0 -0.7021505676688533 0.5606315098126957 6.61155444422245 0.060279600750628354 -0.03557018669321716 0.01007337371581749 0.9974966960817144
1643096745142749.0 -0.7715513121581008 0.5935484701378181 7.255153990657643 0.08097276219875799 -0.004124501091989993 0.013618963368089149 0.9966147320351151
1643096746409416.0 -1.0068915961623321 0.6027333688160332 8.52238536167743 0.0818161630979864 -0.031575165385905206 0.008306504271347695 0.9961125068854253
1643096746709416.0 -1.1284319229924034 0.593646281963818 8.828844020997593 0.06269926716215338 -0.04923304990871299 0.013574126858274693 0.9967249629531963
1643096747576083.0 -1.2258867355878893 0.6176786754351549 9.697466347923895 0.0552283394370198 0.00800190616377563 0.008409087521739998 0.9984062736520776
1643096747642749.0 -1.2263786170001532 0.6054705790316494 9.764681580299898 0.06458479525081698 0.014023750718202393 0.005631743534691764 0.9977977861786241
1643096747742749.0 -1.1683895991169735 0.5907088380006724 9.817086302285663 0.07550440956953433 0.017828663872835417 0.0031615834369797956 0.9969810566255692
1643096747809416.0 -1.1019192481928888 0.5924803063802766 9.854229404326047 0.08085972124561037 0.008637123721512596 0.005598212114900153 0.9966723461574611
1643096748276083.0 -1.0801184928851737 0.6122040065644352 10.3148312991525 0.08234234909558868 0.04607413677691499 0.0026902712852566128 0.9955348682522848
1643096749176083.0 -1.150506230033025 0.5904661579343184 11.206847556728649 0.08515025828964082 0.026410765118667714 0.02229177484103745 0.9957685382524849
1643096749409416.0 -1.0606196832395234 0.6058997888029677 11.407501059212283 0.07265852829374218 0.029364738129161308 0.01141697602434422 0.9968591189728129
1643096749909416.0 -1.0711533957396167 0.6055357187429312 11.921106967863487 0.048343668257542695 0.13438403885389508 0.017449583259587773 0.9895955395436998
1643096749976083.0 -1.041049800314111 0.6036015714938472 11.95599371751895 0.04643774402591496 0.14561810242798345 0.012059196478398282 0.9881768464983139
1643096750009416.0 -0.945632622673802 0.6076289154528294 11.963632147536353 0.04851407961466979 0.147220102988181 0.00890504648686743 0.9878731322909626
1643096750242749.0 -0.9434290426955667 0.5954915354009639 12.168300656009432 0.0769619886109174 0.20323722702692254 0.008223558546348706 0.9760654972614774
1643096750276083.0 -0.8483904874200932 0.6037805780143768 12.165478221511979 0.08077575975375838 0.2068766380845383 0.014345683384965696 0.9749212966282255
1643096750709416.0 -0.6987906789842085 0.5968285076054779 12.491069867724683 0.076463445454562 0.32792454757197803 0.030342830060106154 0.94111537298722
1643096750742749.0 -0.6199297665276958 0.5784811385404334 12.458466777152381 0.06945336536474675 0.3363802963715639 0.03173356281169028 0.9386253284691215
1643096750776083.0 -0.6575075553107049 0.5810450844619992 12.548725508025639 0.07804570063630728 0.35199047672788814 0.04044502982552274 0.9318668212075557
1643096750809416.0 -0.5654609915941573 0.5832883904573193 12.507342136952566 0.07916356468764961 0.35333487996432567 0.04292981307537239 0.9311523096550066
1643096750909416.0 -0.573377245280381 0.5736969693186483 12.628044914805088 0.0762481159282991 0.3844034631835298 0.04746795019913383 0.9187856093854463
1643096751476083.0 -0.06875042372695016 0.5737062341279543 12.800350218422826 0.0764229133132158 0.5490379353273126 0.02009067759597945 0.8320536332268352
1643096751842749.0 0.18390357828599813 0.565589521303914 12.925879866715421 0.0770129128013902 0.6084938266193615 0.026924307640706652 0.7893537583910274
1643096752276083.0 0.6158366999891379 0.5716305340004864 12.989650117996549 0.05529351402067573 0.6925033279604091 -0.01599947456994157 0.7191145839742711
1643096753776083.0 2.109852484862975 0.6037670677203536 13.178996258281936 0.025784355851685738 0.7304499168409245 -0.05663630537874463 0.6801252935257193
1643096754376083.0 2.7499866765894025 0.5833297942219248 13.201862146266155 0.025819115131787557 0.6933925526014 -0.04250052884031445 0.7188420176499283
1643096754576083.0 2.9715203872252127 0.5618885690428341 13.219789197113055 0.013594573559199335 0.6992985429848697 -0.06091980687467405 0.712099369806865
1643096754676083.0 3.138856048331726 0.5315437974578363 13.143975326502137 0.013235827481227863 0.70558235831687 -0.049036025163311854 0.706805359868666
1643096755776083.0 4.232167105984085 0.46772539593006174 13.212828707032154 0.007440161624702173 0.6770990701834684 -0.05599704622030424 0.7337205353309132
1643096756209416.0 4.7154808547789395 0.4276028730779027 13.19550768720411 0.015579447530138546 0.6850494765336277 -0.06945510609956994 0.7250106783712608
1643096756976083.0 5.457029652304849 0.394008286999238 13.420543179632517 0.014172260526325824 0.6803406705887604 -0.06634691032556783 0.7297491394065915
1643096757609416.0 6.212101990317021 0.33125857308465945 13.431348932626433 0.02973777824162887 0.6871390888561509 -0.05527573140913546 0.7238094574046235
1643096759176083.0 8.009791352336512 0.2564437681912668 13.717543244941734 -0.0007689706575590444 0.6767423125408072 -0.02839694398911324 0.7356717098496636
1643096759942749.0 8.866153865235848 0.19784209166475655 13.71339839010074 0.0057015870583036745 0.6806674543052412 -0.018858642266138145 0.7323275634349132
1643096761142749.0 10.238947897544634 0.09192141046716298 13.690513231443937 0.02087930208460265 0.7090289114151076 -0.019592115163376254 0.7045979041590972
1643096762409416.0 11.536788992192912 -0.008050900424724554 13.709962996556634 0.020619673566715714 0.6882880530611664 -0.03604681142673134 0.724247894343668
1643096763109416.0 12.379921797577307 -0.08970401920824798 13.81715764652669 -0.01711052769488709 0.6767519841776236 -0.02609461673378692 0.7355494903343819
1643096764709416.0 14.058773916125721 -0.2257800648330965 13.95930018885535 0.01727549231222311 0.685052677990865 -0.01850067569789283 0.7280536455108483
1643096764742749.0 14.136196386611237 -0.21972445435274993 13.949585020388815 0.01792622497804109 0.6855927295884338 -0.01804345414346322 0.7275408533931892
1643096765609416.0 14.971434159682527 -0.3501141073172041 14.088542501417411 0.038737190003497644 0.7076163467884311 -0.03234313618632376 0.704792492447288
1643096766009416.0 15.377307539795936 -0.4036041283699126 14.091938730107744 0.06189121439839873 0.6997377952132018 -0.036810612824326135 0.710761193590334
1643096766709416.0 16.17757970425862 -0.5189378228785225 14.24019760441888 0.04755168021634453 0.6696296069868697 -0.01441983988129644 0.7410311028378029
1643096768409416.0 18.15112161800013 -0.7383413104336115 14.299557683735916 0.08393384551892366 0.6950652925888356 -0.03397050478260396 0.7132218122152579
1643096768476083.0 18.227133717784696 -0.7502128162775723 14.300015436223303 0.09554133280771829 0.6834076798070011 -0.033633689166903874 0.7229761903819242
1643096769576082.0 19.36251514327258 -0.8844341710850993 14.412508108360283 0.04574049275979685 0.6849736632524319 -0.050391812125206416 0.7253823496910942
1643096770176082.0 19.94251243651405 -0.9710405374135153 14.45739688003752 0.044537388553602654 0.6749113297977205 -0.037333860208759145 0.7356067569111984
1643096770409416.0 20.192960366678896 -1.032379144338314 14.431816103346616 0.032432277040268694 0.6943792271872187 -0.0508584565095046 0.7170767418194058
1643096771376082.0 21.251743305045167 -1.1895005923153905 14.494369569887171 0.03189244260738846 0.6807646433519824 -0.028672311121723765 0.7312456981352586
1643096772576082.0 22.552070891418907 -1.4211883981401952 14.406984165063415 0.05605046869356181 0.7419493709429075 -0.012045135175780904 0.6680002923915926
1643096772676082.0 22.638021577142982 -1.4262430498088547 14.37246741957923 0.05787544971904709 0.7449040867367663 -0.015813539490470888 0.6644684084676002
1643096773309416.0 23.198183202224236 -1.544218803999998 14.17433306975912 0.07244267095703134 0.8174726352216557 -0.00661502145824916 0.5713552236389198
1643096773509416.0 23.331254830234585 -1.595152618443425 14.101398600119994 0.08654073609452667 0.8405627227380623 0.002409941724029771 0.5347515332565955
1643096773709416.0 23.402994792581836 -1.6257644201950763 13.847710435330999 0.09706804727881674 0.8709700680753052 0.019562144548470623 0.48125487760129804
1643096773742749.0 23.374184662578596 -1.6131794340571994 13.818215534074003 0.1021448141260493 0.8771284520623124 0.021386169288344622 0.46878006281527906
1643096773776083.0 23.51464034021411 -1.6312253032582076 13.871298105272007 0.10451582009589305 0.885976021324231 0.0232262332845365 0.4512022551756371
1643096773809416.0 23.536094886359198 -1.641972221584623 13.811186874848511 0.10956259095306412 0.8914718106377378 0.026594883662247288 0.43882429475237184
1643096773842749.0 23.441917334646806 -1.601026738984806 13.53830254278768 0.11896467157600898 0.8879038350367313 0.026900863786874882 0.4435656999491702
1643096773876082.0 23.529836057383793 -1.5895685509319655 13.668538625773637 0.11422121862137917 0.9033476591662294 0.018058078239309494 0.4130259382966689
1643096773942749.0 23.31667532557584 -1.542340229987448 13.414322845235976 0.10442591743681695 0.8888043353594325 0.013573252787745646 0.446024492626264
1643096774009416.0 23.467488809358716 -1.503443065206994 13.572509772343917 0.10722337079182369 0.9142063187086541 -0.005429326694037933 0.39076908526757764
1643096774042749.0 23.547406276076845 -1.6125688027761818 13.667600052829046 0.10119739134248783 0.9233968063989785 0.0004947480241392023 0.37026636512386013
1643096774442749.0 23.61424401712745 -1.6415185726474995 13.27799265306311 0.12427706981382487 0.9745936899109894 0.004795398931887435 0.18627762520833271
1643096774542749.0 23.56905434165302 -1.6237824826812286 13.101053527194413 0.12696418300661244 0.9792197854585584 0.0030893538332921115 0.15811123898335425
1643096775109416.0 23.70809824201427 -1.6738553675429189 12.67364543333532 0.12520558204216012 0.9913857374880585 -0.010274011144437671 0.037044924426245435
1643096775309416.0 23.73579964305243 -1.6829640317515042 12.482806180245632 0.109935722601968 0.9939243500348743 -0.002803652901386123 -0.004545639024865162
1643096775676082.0 23.599901535463538 -1.6458420103164197 12.118504975572963 0.10326696235553885 0.9935552426373591 0.005522231820279782 -0.04640494875981811
1643096777176082.0 23.6806250436372 -1.7149974615383607 10.569895516343239 0.07630928369711319 0.9965313954941517 -0.014051720769983324 0.03007690408792664
1643096779042749.0 24.105695555047564 -1.7336356641553283 8.365291456887656 0.09767172404207505 0.9941963538791992 -0.044940791679105835 0.0037642395261450823
1643096780309416.0 24.282109076196114 -1.9143950779415748 6.935021831582782 0.10500937021544587 0.9926456717729448 -0.05857574759115122 -0.014017284741780234
1643096780876082.0 24.354884415750806 -1.956916158013339 6.275541044419983 0.093913023877622 0.9951072570898988 -0.030545324168489704 -0.0029789267566028435
1643096781542749.0 24.38114317272803 -2.042598520696144 5.590254281536919 0.08488447898618164 0.9936400870500588 -0.053148248602092794 -0.05147102393508448
1643096782242749.0 24.515192505331605 -2.1478139532441642 4.780633095560389 0.08249590029549037 0.9952825049532277 -0.045547636612493045 -0.023077577157946214
1643096783876082.0 24.54251549754805 -2.2503679323307715 2.915597649265373 0.08716487388331538 0.9944980668069768 -0.03769462990503618 -0.044215322620262815
1643096783942749.0 24.573089433477772 -2.287502127572273 2.84941812571714 0.09474809252429123 0.9939721798077569 -0.041579824901458486 -0.03623841735490933
1643096785009416.0 24.638011322505086 -2.372642053005735 1.8166809303058382 0.0943898842937478 0.9927475163481537 -0.046212996798634776 -0.05837188924880225
1643096785042749.0 24.591893186787114 -2.364019185651593 1.771058611201102 0.09456885485831397 0.9927482293834344 -0.05069796482739151 -0.05419779616555901
1643096785909416.0 24.675712814406968 -2.4861782714250196 0.9162951955360776 0.11338566025407278 0.9920832288562947 -0.04759318465678908 -0.02548426661768966
1643096786209416.0 24.733770119034634 -2.5168515484077876 0.6255652099705589 0.10876823732012184 0.99180345621296 -0.05350132753171527 -0.04041018122509458
1643096786842749.0 24.711716328894795 -2.5852299834518564 -0.05468155106357966 0.11342083207289037 0.9924611141241472 -0.043498884867146856 -0.016263419648536715
1643096787509416.0 24.686609799060548 -2.6486692010357693 -0.7330310645786526 0.0949757727936671 0.9925761631626782 -0.04598991725862589 -0.06047388208183007
1643096788342749.0 24.764848007936077 -2.741672283286201 -1.5677034453520249 0.10411307519615852 0.9930591368449587 -0.046156764523698636 -0.029386585215853345
1643096789942749.0 24.848245162811992 -2.8083406342332777 -2.7374203839229327 0.09299618113578971 0.9926635463356241 -0.07563001979991035 -0.015839639377427692
