#timestamp tx ty tz qx qy qz  qw
1643096699109416.0 0.0 0.0 0.0 0.0 0.0 0.0 1.0
1643096699142750.0 -0.2449800965763718 0.008258873637255837 0.022087667231100776 -0.00016762013366488355 0.019850691494909967 -0.0010073402637856255 0.9998024340919849
1643096699409416.0 -0.24757070181398427 -0.014134115016011898 0.06414288996459591 0.004805298563750507 0.017987107923400747 0.014859089557275286 0.9997162499988653
1643096699476083.0 -0.3202529163787226 -0.009977552122094271 0.09007396539578222 0.00575232192255647 0.02144709978984252 0.01585513757936914 0.9996277043556981
1643096700076083.0 -0.43662129653359466 0.015851358428949882 0.2506720913618592 -0.003443254851444283 0.05915172661154732 -0.009554486449497628 0.9981973397197506
1643096700342750.0 -0.46631016501545264 -1.3885719792391604e-06 0.3474954368936063 -0.0029664907921407068 0.0663551110928087 -0.016876572921956035 0.9976489264519113
1643096700576083.0 -0.3092715185345283 -0.05672034397287364 0.43439948299595027 -0.0046453453901376274 0.03707620383200153 -0.022722300251306483 0.9990432788157395
1643096700676083.0 -0.42249061650763303 -0.059725825665099104 0.4940925393412969 -0.004148894910273466 0.03828664251277966 -0.028058204285423733 0.9988641833845078
1643096700709416.0 -0.24124443104835971 -0.0796486617059009 0.5051326343533836 -0.007936305285750204 0.015725497944866655 -0.030011777955278207 0.9993943250573121
1643096701109416.0 -0.3425681650236589 -0.09016353980660269 0.74470638678572 -0.04134605878753707 -0.042135132351649764 -0.026475345871261328 0.9979049003314112
1643096701142750.0 -0.6203346489958271 -0.046499207057131564 0.7779743995627286 -0.03655477453186203 -0.0070046327277916084 -0.026068607353240777 0.9989670221233211
1643096701376083.0 -0.5670476069473617 -0.10424242854885309 0.8927108719243071 -0.03825411200477905 -0.05132846997582594 -0.03245909461355676 0.9974208832090568
1643096701409416.0 -0.637286855771637 -0.10123171146366701 0.9156805823083943 -0.03608899415763239 -0.05298358861059015 -0.03492990829220859 0.9973315523662791
1643096701642750.0 -0.6724453404489134 -0.1272313649344975 1.053875010630989 -0.021835385889171364 -0.05662010218785931 -0.037826832598073706 0.9974399784883824
1643096701909416.0 -0.7801455247412624 -0.16360037918747458 1.2165605385284055 -0.03367062191269946 -0.07531955664108747 -0.043443255397812505 0.9956434789460746
1643096701942750.0 -0.8423903437354224 -0.1667788369362039 1.2323703299442754 -0.03520129095605169 -0.08011470312356361 -0.04351508857356378 0.995213012638443
1643096701976083.0 -0.7770817038266936 -0.17539754142796984 1.2531862531285627 -0.03780238451400359 -0.09179401661069883 -0.045324479700440595 0.9940274290880581
1643096702009417.0 -0.8940852841880008 -0.18064077113890745 1.2763989363289026 -0.041036389347155894 -0.08867252992835795 -0.0457708961419742 0.994162070414987
1643096702076083.0 -0.9215953553273472 -0.1921367068059458 1.3085392841896188 -0.04319574234198621 -0.09567002817939958 -0.04358340452686236 0.9935199345768184
1643096702176083.0 -0.8513168243857524 -0.212353972188662 1.3463166085707718 -0.04737545836876322 -0.11585314822062635 -0.049222663732728024 0.9909140948471638
1643096702242750.0 -0.8658495400293934 -0.21525258266824399 1.3416696677373918 -0.043844983714313425 -0.1306592817931039 -0.050172615821180176 0.9891857652160498
1643096702442750.0 -0.5342339361160118 -0.2096136805358689 1.0213483934942604 -0.0522864109925487 -0.19718202398689214 -0.04531748879155129 0.9779221369063994
1643096702476083.0 -0.6783250584688975 -0.20894028310434554 0.9743165797264262 -0.05458367971919223 -0.19440114472355777 -0.04102218609272218 0.9785427926701301
1643096702709416.0 -0.6814740486853083 -0.21452708297821507 1.1580049954753335 -0.05920626551657199 -0.2589815182071076 -0.024372129102726868 0.9637578485666006
1643096702909416.0 -0.7512878638513065 -0.20994015389901385 1.1516658714078225 -0.05202707634233694 -0.2839670222574766 0.016659354272381313 0.9572765428614229
1643096703209416.0 -0.9877065577776295 -0.21534256115982545 1.2058547585321022 -0.06350247228258606 -0.3073257705414538 0.01248278604143077 0.9494011200897885
1643096704209416.0 -1.433512887414007 -0.21549298715019619 1.4814722006448995 -0.06312922958494396 -0.5129406596941812 0.03482859304462683 0.8553908750454621
1643096704242750.0 -1.4170256341495289 -0.20072304655634524 1.580801209979347 -0.06566645664656964 -0.52342122112848 0.043710871845705684 0.8484146989688139
1643096704276083.0 -1.472066947782972 -0.22456162802645827 1.4804157858064755 -0.06500860585405545 -0.5184610109095745 0.047905652456770434 0.8512796895229118
1643096704409416.0 -1.5721626617806401 -0.23260537779726662 1.5104770508118677 -0.059559634985769175 -0.5222104209446221 0.05739265894025709 0.8487962116061604
1643096704509417.0 -1.6155085276924563 -0.2063938668733933 1.6414368825202998 -0.059903443735549566 -0.5254580541628511 0.058514234917002333 0.8466885466664172
1643096704576083.0 -1.662656625119381 -0.2204617338104026 1.6676685289491169 -0.06360006998374604 -0.5258082843448786 0.06446118872126633 0.8457691377444552
1643096704842750.0 -1.8563281379897971 -0.1969794570249983 1.6625265390654447 -0.05647399225434576 -0.5257855102613289 0.06179735782659657 0.8464876679336455
1643096705009416.0 -2.0198780618763807 -0.17838930898334757 1.6002989963984298 -0.033631125243072595 -0.5285609567348586 0.055462585749686225 0.8464137073632341
1643096705109416.0 -2.089540139260767 -0.14798438342519427 1.681620525299909 -0.02520890894365834 -0.53520608585667 0.06275798091216162 0.8420097341501949
1643096705176083.0 -2.1315022931284546 -0.13084059193077058 1.7088267827734775 -0.024829283277263324 -0.5441187136653686 0.06427935548441978 0.8361737239291783
1643096705609416.0 -2.5730525401790088 0.006682507124687788 1.499419939404341 -0.014911669915093453 -0.5553981522201468 0.06578797304660314 0.8288440608541568
1643096705809417.0 -2.7246610116345065 0.029737285032191967 1.5287750646362739 0.007177957848221845 -0.5406073836010147 0.08343601225014322 0.8370965091176696
1643096705876083.0 -2.7768269189293204 0.01875401890593629 1.5638610439388931 0.013741421224877997 -0.5357051131680673 0.08281930721551847 0.8402214990231148
1643096705976083.0 -2.811364912150378 0.019456179855431757 1.674366503136595 0.02131367307598287 -0.534274659939598 0.08961788157345052 0.8402767106071214
1643096706209416.0 -3.0422977108978704 0.14449738034091816 1.5635223464485695 0.028168354110298967 -0.511379494528104 0.10938922761573198 0.8518987928648163
1643096706542750.0 -3.275913149587369 0.12594896497577482 1.8090667261760003 0.0270393756738876 -0.49269540183489563 0.09797376537734037 0.8642460612995023
1643096706609416.0 -3.335574228797029 0.14050242325387116 1.7995718326591903 0.027633442083517354 -0.48139819135905076 0.09994641790012722 0.870346418263317
1643096706676083.0 -3.354085858382127 0.12526704831148022 1.84868279635914 0.027638766377144547 -0.47817485966036527 0.10728983228684716 0.8712484112294264
1643096706709416.0 -3.3016477317434343 0.13513383081488278 1.9768532462227673 0.02712900750278236 -0.4841392760921735 0.11347397913393747 0.8671775102920803
1643096706742750.0 -3.3857169709931223 0.10750324792493095 1.911580829423145 0.027671011713851165 -0.4787391712692313 0.1138885779356251 0.8700991396496048
1643096706809417.0 -3.4337932339369672 0.11794252771338684 1.8940867148056517 0.028648267727308507 -0.4744562071754438 0.11401921753965265 0.872393375869259
1643096707209416.0 -3.198505751322789 0.3386208602478713 2.5524899894042945 0.022893096580078067 -0.4305065744954641 0.11049043996097896 0.8955064813402447
1643096707276083.0 -3.16504840626165 0.34347932742596626 2.6010733566401254 0.025146429822735777 -0.415405197479216 0.11434823612540031 0.9020702078382998
1643096707342750.0 -3.1775255650496725 0.3386521814178531 2.6478983526744564 0.027092533957580083 -0.3960228949375826 0.11216322479390087 0.9109617293239308
1643096707409416.0 -3.2051760224825703 0.32823414060103245 2.6888016364710845 0.03106720904243496 -0.37305061669336986 0.10906640011603679 0.9208542698346674
1643096707476083.0 -3.1215433914167483 0.35030437209565096 2.746608890771757 0.035764407980251905 -0.35924779897518655 0.10736515869393351 0.9263555736065565
1643096707509416.0 -3.1620694530605866 0.31883515224606845 2.802716887382547 0.03122102504537861 -0.3437855475183504 0.11010924175372068 0.9320475845111368
1643096707542750.0 -3.240585960993358 0.2950215767982068 2.692088018377495 0.029277643432727183 -0.3214872234610883 0.11264800448571492 0.9397335855611912
1643096707676083.0 -3.2917400937932446 0.2947723660463685 2.7827919195052266 0.016373988471215083 -0.2678478019666814 0.12096441794859057 0.9556971576150683
1643096707976083.0 -3.2987505934843373 0.3290553676299024 3.083009441739827 0.017141268249872395 -0.17913427233536972 0.11059543312026084 0.977438355892895
1643096708676083.0 -3.430386569682945 0.29652118149506856 3.5777764940065953 0.03279664086787584 -0.041501295931180425 0.10991774383212595 0.9925321719595146
1643096709109416.0 -3.368582526470909 0.31768284314792605 4.029041883761356 -0.004926590886548224 0.057687204980289154 0.08454387658537073 0.9947362705841767
1643096709409416.0 -3.375914125494902 0.33900978816136396 4.274808776804032 0.008520628819102448 0.07882272784853224 0.06808579887846994 0.9945243589023468
1643096710076083.0 -3.2931342547177462 0.3811807919872096 4.852038151394909 -0.011842151241239503 0.06953900138105157 0.06178060673518202 0.9955939169020361
1643096711142750.0 -3.1937212072912673 0.4172744066886204 5.828930591251358 -0.030550200084646838 0.022296018141387715 0.06025573517198359 0.9974661995419748
1643096712842750.0 -3.2140603430983665 0.5137964556194347 7.393660389290326 -0.03344457755667516 0.004515018529347502 0.07846010719513506 0.9963458668648468
1643096713609416.0 -3.1372956590820253 0.5578800569608207 8.137160143754798 -0.020666044741263326 0.03537638413524805 0.10015830618526218 0.9941276274917455
1643096714176083.0 -3.1660411448461727 0.6022609166022854 8.668476955187193 -0.03828910182689703 0.006937736266794349 0.1002679760613042 0.9941992483769799
1643096714476083.0 -3.16612391913012 0.5845475924841894 8.983569217537527 -0.03484431659999986 0.05075522491749735 0.06819771669446602 0.9957704816783407
1643096715442750.0 -2.9942593781515985 0.6812718648175462 9.869898491972526 -0.03710227075262229 0.05910675707289207 0.04922265409801986 0.9963467986082316
1643096716809416.0 -2.7592196623369762 0.7840026295528274 11.131171029498784 -0.057033857755855705 0.03279921815312333 0.07016249209497637 0.9953635391458997
1643096717076083.0 -2.7267337396536777 0.7878362204269072 11.383373204025032 -0.034299557990903735 0.038842173906453184 0.06119566227824734 0.9967797734535829
1643096717676083.0 -2.577017472042708 0.8294103242677996 11.956893485174668 -0.04238863365736529 0.05384778269916147 0.058579131094490394 0.9959277611530166
1643096718442750.0 -2.512408116696949 0.8540175814855155 12.638346868639358 -0.012123818752403938 0.03185265492362195 0.0391178558646603 0.9986532004383339
1643096719009416.0 -2.384108332241705 0.8824735585218205 13.196215041465708 -0.026282551096535794 0.04700976690651674 0.03085216746184531 0.9980718676959888
1643096719176083.0 -2.387379885977519 0.8866253939825447 13.341136087214899 -0.024494426316882326 0.020833604045439907 0.02950518847982883 0.9990472600806503
1643096719642750.0 -2.4002743741078 0.891934237397692 13.742460822176342 -0.008244724813865605 0.006963420907060175 0.04546601674447191 0.9989075916236728
1643096719876083.0 -2.3989419343322083 0.8968507417013551 13.998996945620577 -0.014801962516431073 0.024526881542200726 0.05256539709406333 0.9982064981835274
1643096720276083.0 -2.358221661863878 0.9246926260972202 14.383098058963107 0.0058131709979737925 0.048558744439637404 0.04403585024866324 0.997832199958626
1643096720342750.0 -2.3474433948329168 0.9195085364541487 14.452601669931486 0.013018049675716983 0.042897703933888 0.049209709420566274 0.9977819009576113
1643096720709416.0 -2.3359168741147136 0.9351651582692645 14.863978717171143 -0.012136796987355128 0.014423839132451944 0.0690338397763478 0.9974362034683233
1643096721109416.0 -2.35008447019818 0.9244260785018092 15.283491648463476 -0.0006657720811192424 0.02674767125018163 0.07024538481558322 0.9971708503272338
1643096721609416.0 -2.3107176625703083 0.9689455400859562 15.891702126119402 -0.018166778753623828 0.04858162280232223 0.05190169444988607 0.9973043708862608
1643096722376083.0 -2.2622570846284367 0.9551145919573198 16.76505466643334 0.00589584593296088 0.07082507500186097 0.07601111383058276 0.9945709418266501
1643096722809416.0 -2.2430150919493013 0.9937607095498393 17.34277511227468 -0.004755572256493277 0.08910471802815241 0.05046103889153778 0.9947318318580256
1643096723776083.0 -2.3298024220834868 1.016596458317544 18.493996532218677 0.007390245385239185 0.07742696454744154 0.06075660600047829 0.9951176233297337
1643096725109416.0 -2.449646385771736 1.157915768359854 20.01392169086027 0.024592117774027294 0.06004494702134455 0.04256818565058597 0.9969843437341478
1643096726442750.0 -2.565863059187339 1.4011491611447784 21.48258936573886 0.018607985544578872 0.06573432371243915 0.059920154330890825 0.9958625992901848
1643096726542750.0 -2.555065409936996 1.4242445680383278 21.601568501747398 0.021113178184701584 0.05947552526467513 0.05466049131030418 0.9965084677468368
1643096727042750.0 -2.5747428759528255 1.4223743942198421 22.181341481002455 -0.0016701375452732527 0.047732361092480684 0.07871551579246502 0.9957523286031738
1643096727142750.0 -2.532016566919259 1.454894581623076 22.2714063162593 0.01105852375973169 0.05649357811941417 0.0795548833500761 0.9951669232941159
1643096727709416.0 -2.495452269079386 1.5700154518732115 22.906371443247977 0.01740247005983701 0.09745960530860634 0.0813061926235019 0.9917600931727274
1643096727809416.0 -2.5003384929744517 1.5753988619976063 22.99160001325313 0.02297645933168795 0.10442908428798507 0.08845070902620372 0.9903247551909999
1643096728309416.0 -2.526708267264463 1.6101910218603663 23.56317198971585 0.021638789497654836 0.10365218481571298 0.09517980617279219 0.9898125033908771
1643096728842750.0 -2.404578258670035 1.6047479400968292 24.06562092540905 0.016014604227909037 0.14426516647487042 0.08410803956849414 0.9858280437649083
1643096728909416.0 -2.7594137215535235 1.7151179751754517 24.350969916865175 0.04357725450657297 0.19421300534510733 0.07894504531453814 0.976806025403599
1643096728976083.0 -2.7425529368119648 1.7045356858527034 24.425763306165145 0.04913631767656403 0.20101952452207128 0.07403559269868128 0.9755488219765648
1643096729242749.0 -2.7131603180284443 1.7511269026799812 24.70072556876319 0.059737812172110064 0.21070708898854587 0.07603779502864547 0.9727549383961226
1643096729442750.0 -2.6574292895384617 1.7816931491374517 24.881599364145707 0.06739345147368753 0.23534786340648262 0.07649093983437184 0.9665498652484112
1643096729576083.0 -2.5614596830040313 1.7881758717987433 24.96746721565827 0.085283245586278 0.2576538126971031 0.0836304908538252 0.9588259601327369
1643096729709416.0 -2.217572556455047 1.7805033830252346 24.874269415242516 0.08912128058366917 0.2594944275703973 0.09309388355567703 0.9571068739966091
1643096729809416.0 -2.3718597756427986 1.7430712449026797 25.11099381418091 0.08049029399366138 0.3123282511927619 0.09368338239664219 0.9419107176067217
1643096730042750.0 -2.033536915408428 1.8040165889217 25.12165762962187 0.07848407823884138 0.3329749234714704 0.12044614635896408 0.9319123755104032
1643096730109416.0 -1.9777626656168676 1.8017422039661979 25.14683530001732 0.07809896692410984 0.3375986108334558 0.11535387396825982 0.9309249234440028
1643096730242749.0 -1.8755606980245363 1.7826426644577325 25.247611392900698 0.08246696869178466 0.3608220427535478 0.11688641130573169 0.9215987301369357
1643096730309416.0 -1.83227827794842 1.7844973705654574 25.260506218914923 0.08405472261677974 0.36814890953803875 0.12292849838075005 0.9177634598836582
1643096730342750.0 -1.9213616827605224 1.778915533969645 25.41581114347058 0.0909539315435393 0.3873059974346762 0.13246286890903242 0.9078408643855442
1643096730742749.0 -1.6315260569756356 1.812363389383305 25.594203870584362 0.06992011222952609 0.4477672452142526 0.1408643676620078 0.880211850603156
1643096730809416.0 -1.5715808578078208 1.8044854134001083 25.629618067544655 0.07291345575085852 0.4634836841692155 0.14217613939916882 0.871580431093394
1643096730876083.0 -1.5087943800365091 1.792421311913344 25.653180472890806 0.07783001165779777 0.4833557982038173 0.13994833913626753 0.8606533123163461
1643096730976083.0 -1.355812600389124 1.824099940645544 25.639236685453223 0.07687445963015242 0.5145147607706363 0.1365000527843551 0.8430495916585069
1643096731076083.0 -1.3233609192505513 1.776425714402992 25.72514064905831 0.06699861751872263 0.5502223683768983 0.1344333643014793 0.8213977119221129
1643096731509416.0 -0.8363866578516123 1.8405738675164591 25.709326764800238 0.04658909739748644 0.6614251916496582 0.15412541904004032 0.7325240795090852
1643096731576083.0 -0.7788422353313058 1.8407448027230933 25.703955621094277 0.04782637583320081 0.669804076347055 0.1586843351490609 0.7238055117653018
1643096732076083.0 -0.3520518856399085 1.8312175688001187 25.788252177905804 0.051375711422851335 0.7279670459569102 0.14051063656021714 0.6690898873021532
1643096732276083.0 -0.1372110647671908 1.8171076840331817 25.793849088167487 0.0629295764662488 0.753833568759823 0.1442348673467961 0.6379428830687428
1643096732842750.0 0.48747857421913116 1.930324529157973 25.710754397577173 0.04281652148092824 0.7783055013434051 0.16731570491300837 0.6036660889567403
1643096733542749.0 1.1392355674440575 1.9176435405824621 25.757127001895554 0.0497826729466134 0.7905211158751887 0.12521260440121645 0.5974276981600382
1643096734042749.0 1.6732905961856055 2.0113842222574667 25.622265715426664 0.05172699491122802 0.8040623001995058 0.1267553757891224 0.5785682415272136
1643096734676083.0 2.2832846320910325 2.0578922491744533 25.57056322800434 0.05759631779878425 0.7946957419694408 0.12472145268697901 0.5912578972929757
1643096734809416.0 2.4234247565288523 2.0582827323434225 25.539396359236992 0.06500604384200287 0.8018529026978661 0.1108014435458853 0.5835487784300177
1643096735242749.0 2.8666677528399926 2.1503275427650874 25.41428729918484 0.065358203302708 0.8125787692098911 0.11003412261473956 0.5686268908087136
1643096735976083.0 3.6099439432659923 2.216869091069726 25.293020062737543 0.07493721341994714 0.8047033408435155 0.08812193760937535 0.5822984384249261
1643096736076083.0 3.6965566049813154 2.210128302151788 25.26728767993971 0.0830537621493234 0.808329856815592 0.08771357609120002 0.5762041684530071
1643096736576083.0 4.225603037374467 2.29260725952832 25.16493655949419 0.08992021234466648 0.7999881823509497 0.08240513544149763 0.5874884315146827
1643096737109416.0 4.8557872711931465 2.365228730759422 25.11300425656537 0.08835512475143673 0.7894516405360655 0.10141429221625292 0.5988944986551048
1643096737376083.0 5.134581454477732 2.3741131630950933 25.06249936052492 0.07516521568765476 0.7984726860365752 0.10550952385019345 0.5879279721029359
1643096737742749.0 5.535205467724524 2.4414947309861867 25.001589593764002 0.08949964164317159 0.7995445593855669 0.09042922553294623 0.5869760360288954
1643096737776083.0 5.565251141915179 2.4414938408330866 24.98636648666783 0.0918693900077601 0.7985007613292646 0.08911463782192057 0.5882305081021002
1643096738609416.0 6.507608389617884 2.5080220467155696 24.879715329758962 0.1054401047999066 0.7925495682753102 0.10444633064368099 0.5914714956288892
1643096739076083.0 7.11071797375189 2.601131051563473 24.78303499741333 0.08064705396630714 0.8026753724768092 0.09718343944477935 0.582892509990868
1643096739809416.0 7.971997070776362 2.691453991975384 24.657000661337346 0.07264091903597414 0.8126669018695121 0.09273569898920273 0.5706977252630345
1643096740309416.0 8.53486152111281 2.780507177577198 24.47094804547508 0.09131473445321303 0.8107547555621382 0.10929006529590628 0.5677975230949263
1643096740909416.0 9.185554618366607 2.8561110315747293 24.375300672397984 0.09291154434402356 0.7798703346253231 0.10612285197903162 0.6098423127225855
1643096741409416.0 9.799855564264323 2.952025672800603 24.256056069115665 0.07710720304654664 0.7932265926591078 0.12281341121101483 0.5914075734749045
1643096741509416.0 9.886102568967797 2.952623804152692 24.2174614185758 0.0769074503068146 0.7961079459076923 0.10935717073323088 0.5902019923375069
1643096742176083.0 10.660286676852243 3.0311025084709025 24.10796383589267 0.06592896790247384 0.7879519663191324 0.10459579415203206 0.6031954822533346
1643096742709416.0 11.237481441786958 3.1117428604339956 23.955001462846717 0.09604627596425569 0.7916542916090774 0.1274259854894559 0.5897636930774637
1643096743476083.0 12.075254117757419 3.1627658731001453 23.86597688169328 0.10045818257983236 0.787717486121205 0.09404288128323812 0.6004708586531016
1643096744042749.0 12.625914245602864 3.213627064306675 23.76900127073788 0.13342387229411343 0.785338596751163 0.06913847153772489 0.600550772631578
1643096746342749.0 15.130746218502711 3.4719806325970235 23.465131128988748 0.13509922951971334 0.7858251880968313 0.08366801408934356 0.5976843944374863
1643096746376083.0 15.145316051621082 3.493067299761082 23.455123120495372 0.13420939550145486 0.7849116482605092 0.07567592406154576 0.6001455632607277
1643096746409416.0 15.205765915928467 3.4867652472345876 23.48630391007888 0.1319733112625612 0.7868065124958058 0.07185683051734314 0.5986277248144999
1643096746442749.0 15.17060292595982 3.5077195003515356 23.415296157276384 0.1307497507835462 0.782595478769967 0.07106770673000222 0.6044817617918551
1643096747209416.0 16.042725769817945 3.5571154610217786 23.39296659544183 0.09721884661725279 0.7835016238552152 0.09088245016358917 0.6069712361643792
1643096747342749.0 16.193137529840445 3.5677846738398364 23.398771088621938 0.08721945031818489 0.7978444249474915 0.09980299430977528 0.5881125771425089
1643096747442749.0 16.244481650403255 3.5896087813636623 23.305608941053663 0.09982677436907077 0.8009882385362345 0.1036685852427959 0.581124153068382
1643096747709416.0 16.473777766196925 3.6224437912094536 23.214077627346303 0.11828675965529793 0.8117917587775119 0.07966445460128428 0.5662649181648497
1643096747776083.0 16.527802185555696 3.621281552888094 23.195004555623427 0.12474434791429874 0.8124127775844565 0.07652070545222708 0.564419089080125
1643096748209416.0 16.970634459508837 3.6997012770930504 23.097422481034897 0.12245448956080617 0.8325472055192206 0.07517539400402519 0.5349941202526236
1643096748242749.0 16.93998451919783 3.72273766066568 23.03310944194742 0.12500396981397274 0.8306437299958525 0.07382070623919836 0.5375458163539836
1643096748509416.0 17.204967737191705 3.744077275775139 22.907179714673244 0.10473625917091604 0.8281989097163369 0.08884431520818362 0.5433447980930179
1643096748909416.0 17.55203938495476 3.8006421859059043 22.7906166363395 0.13074468671662468 0.8215946183784348 0.08146420569922552 0.5488640024056595
1643096749009416.0 17.680732345597377 3.7875700836092707 22.806830671925365 0.13957939515826237 0.8206675214094689 0.07802151650646148 0.5485754776809884
1643096749042749.0 17.672607879459946 3.799182959172774 22.755908541145022 0.143128019782533 0.8169016220728439 0.07951498068501765 0.5530492542753754
1643096749109416.0 17.730744584438522 3.801104944719529 22.740112648004526 0.14203146208703296 0.8148286927948687 0.08151787094592094 0.5560900124009325
1643096749142749.0 17.829386891436737 3.7564025559518615 22.83366572818282 0.13784808095995096 0.8207701331320876 0.08438744978638872 0.5479170132899176
1643096749176083.0 17.7939256440001 3.791123628909869 22.761298167327283 0.1392384328461791 0.8157034015334611 0.08486945844111013 0.5550115265192193
1643096749209416.0 17.885634224186294 3.757280513200393 22.795925398497726 0.13374288588525576 0.8183636152862307 0.08820044368509874 0.5519189391427743
1643096749242749.0 17.870034217168055 3.794710504771159 22.722913659987785 0.13307693957548958 0.81457775281825 0.08964614902388882 0.5574201115244932
1643096750142749.0 18.67474801142555 3.9456993720755795 22.415111333477213 0.08753363003519335 0.8976016295816165 0.0937596577587975 0.42173250380097765
1643096750176083.0 18.62204565023716 3.9523152033289524 22.35663218283872 0.0877476579441335 0.8991016593234664 0.09510946001074133 0.41817549586695496
1643096750209416.0 18.755076159482496 3.9329383989065647 22.407727128724986 0.0864242076292335 0.9093748455355566 0.09506111707907057 0.39564078488260146
1643096750709416.0 18.881875277511966 4.0878891964959365 22.003250016859102 0.09267735739080131 0.9495301922241182 0.11360340355299388 0.2773041438259846
1643096750742749.0 18.976658383584915 4.0718915631689905 22.011713056984654 0.09532171368973834 0.9541697210070795 0.11579833830244558 0.25896845224643855
1643096750776083.0 18.90404384735034 4.110081079197042 21.94162585775026 0.10413684663761305 0.95450354901084 0.1146824235185964 0.25480665971278416
1643096750942749.0 19.03813009762021 4.119106377924823 21.863977869341042 0.10285117763817415 0.9663296607409569 0.12268585821320639 0.20143684425942748
1643096751409416.0 19.084196676730922 4.237167636479395 21.491881359441354 0.05974926106243823 0.990237190688955 0.11407551567012877 0.05335830491622592
1643096751509416.0 19.022799847674634 4.288464908581819 21.358538456146064 0.049927189162720945 0.9926364945119741 0.1063856119850357 0.029362682232021816
1643096751576083.0 19.0192755103969 4.301377102519711 21.302368774077255 0.04619514697549641 0.9933113805229572 0.10447851699847084 0.016815148090019882
1643096751976083.0 19.009623751201996 4.437492941645431 20.9309974115707 0.0425329384385049 0.9910853495855965 0.10235910591140016 -0.07391476457110108
1643096752076083.0 19.052749325314174 4.438276019409603 20.860814257701605 0.021887875578206598 0.9904287294854531 0.10227017828297519 -0.0900703244496895
1643096752642749.0 18.897584118148167 4.611925384998394 20.27405895572181 -0.05096586763653436 0.976436910057059 0.09543786683975808 -0.18672186424560672
1643096753142749.0 18.858649789602914 4.770085604030291 19.78534486462861 -0.06558810681186536 0.9767197970039647 0.11321146940448305 -0.16999941641266678
1643096753909416.0 18.53150909021421 4.982932899148718 18.92725836958608 -0.06307310250622214 0.9766155571265194 0.11058453578080717 -0.17324808156179158
1643096754976083.0 18.144708398215112 5.285763386265356 17.876580785499293 -0.04855571108310613 0.9808571776345203 0.11653796608424837 -0.14825802664612694
1643096755609416.0 17.99032834032507 5.463014372220453 17.284547030547873 -0.051584900039151164 0.9855475931367658 0.12635657897262195 -0.10034418119958113
1643096755909416.0 17.909280196559152 5.541227383395559 16.9662973048191 -0.07050328584551728 0.9813346399549524 0.13814164397363368 -0.11370355011929491
1643096756242749.0 17.824967715493752 5.622171986556252 16.652508699461418 -0.07421304581200723 0.9838967340440202 0.11453172984716732 -0.11542150331299122
1643096756676083.0 17.768666397189538 5.767610121152697 16.203650121392208 -0.053705282839753024 0.986651684416167 0.12414932303240694 -0.09067051243065616
1643096756742749.0 17.7743281637622 5.798657169917892 16.110946306314975 -0.05293488441353522 0.9869316091439839 0.12011584759313577 -0.09346699974629834
1643096756776083.0 17.760970921276208 5.812500134199252 16.077775834241088 -0.054270060515252086 0.9871042856095928 0.11828641835428796 -0.09321058467663661
1643096756809416.0 17.755168419493163 5.814900409028362 16.04340649407078 -0.05621072870036133 0.9868442064572773 0.11891658817235377 -0.09400910178343183
1643096756876083.0 17.776416206568364 5.853896973428988 15.965529296594141 -0.06500418631654556 0.9861986873298239 0.11740071706946123 -0.09697255540529141
1643096757509416.0 17.58332666066782 6.022977522269625 15.236357913965666 -0.07059594810010657 0.9837915734483527 0.10444739108234749 -0.12751899709436568
1643096758309416.0 17.390040224932804 6.269384381671012 14.36669928639715 -0.07092229166447829 0.9743425205772358 0.1593064498725389 -0.1422959457232204
1643096758709416.0 17.282200275316505 6.3676940525991705 13.986576981354363 -0.0338247617406402 0.9812001104982985 0.13969439538207246 -0.1287932628290512
1643096758876083.0 17.301895516543222 6.420235009745031 13.806474234975559 -0.04654960065182655 0.9803617875690108 0.16092601097348405 -0.10405152159296495
1643096759242749.0 17.224570825316423 6.5349764975031475 13.470780363591741 -0.05065571475348839 0.9811495775731085 0.1544424520804522 -0.10453245422499811
1643096759342749.0 17.236695979655213 6.548534763203797 13.361036034040993 -0.05804516129759614 0.9815298298608641 0.14418239535732097 -0.11154097548553352
1643096759409416.0 17.221371789555278 6.568129143659633 13.250788333194134 -0.05510727131756014 0.980611676264462 0.14385086913126166 -0.12112331101780369
1643096759442749.0 17.16741925041679 6.557873843314676 13.255008307862742 -0.05082828368956176 0.9807840240185848 0.14444240824362234 -0.1208948903298577
1643096759909416.0 17.006729505442422 6.702441741824178 12.784967738545694 -0.04095093887560787 0.9787128176623817 0.16736822924774117 -0.11149940352774663
1643096760409416.0 16.904069804719686 6.866384387343785 12.294194891783768 -0.016572169671371772 0.9852010643587872 0.13661614044843498 -0.10217757164695948
1643096760776083.0 16.777488816028207 6.96853567898609 11.875119318056333 -0.04496543944664742 0.9747874138986828 0.15568807927558545 -0.1533910979541079
1643096760842749.0 16.750125190288635 7.0160702072476715 11.782374608201476 -0.04034115565062913 0.9742295626323046 0.15697884442456428 -0.15686616224402425
1643096761476083.0 16.538935070123287 7.161928710785709 11.16236754235048 -0.026615469308071106 0.9784404285631142 0.16868438247490058 -0.11615301828106728
1643096761876083.0 16.474154078522297 7.26991410655897 10.760444739769929 -0.06789606918149071 0.9758949439482052 0.15067275565736699 -0.1425373735854813
1643096762276083.0 16.33851403342508 7.381464486068509 10.402272736531444 -0.05377910898612414 0.9764156656029113 0.15440346266254706 -0.14099583724244463
1643096763142749.0 16.1466590027179 7.61248760971843 9.544484855697807 -0.052048255173575204 0.9736862495278463 0.19143071661805972 -0.1121621475760826
1643096763242749.0 16.07998664749652 7.636803656011064 9.440416651616763 -0.04294095952173473 0.972433701581187 0.1927701680301725 -0.12396948149477253
1643096763276083.0 16.081386095475718 7.627639342419685 9.400901153915553 -0.04078807342853566 0.9721833482417871 0.19346971674717658 -0.12556010182037872
1643096763309416.0 16.059515463178606 7.655732829184353 9.370902241801621 -0.03816503843920333 0.9728182409838076 0.19104890704176664 -0.1251735394092972
1643096763642749.0 15.923235079158845 7.729875726554092 9.042850326567963 -0.021388404637694564 0.9790478216306763 0.17229317958133944 -0.1064093951539711
1643096763709416.0 15.913901228106269 7.735528765003664 8.987941885989873 -0.01233755537123281 0.9812152262716644 0.1696637133650786 -0.0909873003626369
1643096763809416.0 15.91931920350816 7.755150495606767 8.893106962699079 -0.009996218741458266 0.9822031461957923 0.17172627330126794 -0.07541314389427077
1643096764342749.0 15.85051838903942 7.911430838795086 8.37442306311299 -0.022613276248166125 0.9804343671816839 0.17007451740473783 -0.09649740885599294
1643096764676083.0 15.795320528833766 8.042259586212625 8.04203283164118 -0.027732398015853154 0.9770931377240861 0.17342635939868162 -0.12017991586995591
1643096765342749.0 15.696053585208382 8.216676777512387 7.390669554219033 -0.017455427799598553 0.9802071750467979 0.1501304688381292 -0.12786729196144128
1643096765642749.0 15.606517557367418 8.306661695966445 7.055355945354226 -0.033660894966004266 0.9762564103304749 0.14760038740274117 -0.1549338280599287
1643096766042749.0 15.501145616838997 8.420675387042385 6.6185085090018845 -0.02130978353986929 0.9823670267822969 0.12289597699696903 -0.1392748959947713
1643096766142749.0 15.491792358126899 8.427548908098718 6.510303532197238 -0.013327294474031269 0.9846043774085109 0.12114542684386426 -0.12530119219232835
1643096766676083.0 15.431283036862801 8.635408818540467 5.908152726958619 -0.005276137419701161 0.9831087740411805 0.15103470389608148 -0.10323671341242276
1643096766742749.0 15.42021376796763 8.644243561526745 5.832869505637928 -0.01204835917628284 0.9810532406428533 0.15543851254113625 -0.11501410732738004
1643096767409416.0 15.239619699497908 8.805361332569442 5.158604905796158 -0.009465443533012945 0.9851430753699745 0.14016873708236197 -0.09877373929363849
1643096767476083.0 15.230806045380676 8.815817894651389 5.08576090025291 -0.011541642533952078 0.9843870588643184 0.1455955347608776 -0.09823873515965784
1643096767509416.0 15.19458126376067 8.84973692608172 5.029379246638621 -0.010969921277564958 0.9843352111410871 0.1469987687183914 -0.0967223600325815
1643096767609416.0 15.221444849772057 8.877599972097297 4.962908461444882 -0.01265936900208661 0.9847792629306383 0.14200725257682803 -0.09941571250983712
1643096767942749.0 15.180958493876831 8.96622499022035 4.5991278450516155 -0.0566701983727875 0.9803885968909403 0.13503188009134778 -0.1318828232242474
1643096768442749.0 14.92603003083624 9.09051462658743 4.12823345515585 -0.007423467214885793 0.9837406472916296 0.11281618551202666 -0.13954117416472872
1643096768509416.0 14.9051366055414 9.098083350564373 4.071030716627518 0.005105227624029458 0.9861784831856856 0.10756059445241191 -0.12592320863737225
1643096768542749.0 14.944988629998608 9.09615175182194 4.044171960948114 0.009554068620896363 0.9864891082768474 0.10885862246229239 -0.12205637770944022
1643096768809416.0 14.896372684398038 9.186652673957196 3.8016670053176624 -0.006080927432352491 0.9856414403174723 0.1385809997522972 -0.09627709986344002
1643096769542749.0 14.703174286184662 9.398046968496274 3.1013706884210985 -0.03366774842014212 0.9813862619194422 0.14168189071355158 -0.12519476616829928
1643096769642749.0 14.622398908805241 9.428093359021785 2.9647869197988257 -0.04933863247305745 0.9814901587288222 0.1390315033794848 -0.1221188303751739
1643096769709416.0 14.58115353230515 9.422360475318685 2.8866447185039497 -0.04516900512192298 0.9826929704301629 0.13800890432385665 -0.11501230008467446
1643096770209416.0 14.509867442205522 9.574919888101899 2.3994736143581217 -0.032919831513133414 0.9811950584947969 0.15019446033929654 -0.11667975814993144
1643096770909416.0 14.224592238949842 9.73184661903259 1.7462820726391612 -0.015093793752310642 0.9795896783181033 0.15144890314519424 -0.1312991593991185
1643096771076082.0 14.232723486563293 9.756006546535493 1.5952401203157067 -0.008827663844863729 0.9822713037548362 0.15250201652312445 -0.10866597041943325
1643096771809416.0 13.995378386666413 9.974529417736832 0.8726521219677258 -0.0261657368240204 0.964018499894844 0.18386149509905686 -0.1902068261048758
1643096771876082.0 13.981076250473723 9.999434902754775 0.7806606283889992 -0.026736058839739382 0.9626836392052368 0.18157351370955346 -0.19888804157979437
1643096772042749.0 13.861717602143022 10.045834957053508 0.6256596960153513 -0.029162668832896775 0.9638330561471896 0.16783310749815628 -0.20495713369391017
1643096772109416.0 13.840377241504736 10.069981528700913 0.54175271125287 -0.02012167703561074 0.965649292152821 0.15931912451318136 -0.20428896015787013
1643096772142749.0 13.864585415049588 10.061860925801083 0.5078924534567961 -0.016729187886829512 0.9665218159718162 0.15555090992998954 -0.2033706663782715
1643096772742749.0 13.642768647371634 10.202390520547109 -0.02564040613876218 -0.030477418284544113 0.9624619037659385 0.15129240954483072 -0.22326848767363758
1643096772809416.0 13.644123421448144 10.204068196491566 -0.08977090577456612 -0.037101249064104135 0.9570664638805091 0.15862724966135083 -0.23975962274331544
1643096773309416.0 13.242532198393338 10.281619648980694 -0.3825767542234118 -0.031169309978971823 0.9350347604028827 0.13580954715585955 -0.32602797097040415
1643096773476082.0 13.202902233010615 10.282719071058946 -0.4965995346279458 -0.024047845923672314 0.9232619957311079 0.1264769173655153 -0.36195659645703343
1643096773642749.0 13.002053409334067 10.290911139855439 -0.5339058944658601 -0.025867605652834223 0.9050198418658725 0.1241900081626159 -0.4060132937225455
1643096773676082.0 13.05218507845853 10.298325997132604 -0.5757391010551179 -0.026722170822668267 0.8977610128461239 0.12224090701417199 -0.42233665487662636
1643096773742749.0 12.972012331027711 10.32542381266088 -0.6773385593856636 -0.028656383401139265 0.8867375358505573 0.11722913398847085 -0.4462428535543866
1643096773809416.0 12.820196042250348 10.411539071112967 -0.7434328604125916 -0.019623117771935924 0.875978243680923 0.10755250382748772 -0.46979730604488606
1643096773842749.0 12.74289725483906 10.399630693106019 -0.6675056262191722 -0.017393535608468968 0.8735264842448979 0.1080319388010905 -0.4743185073773347
1643096773876082.0 12.772604375337062 10.437791854967568 -0.8554354507058023 -0.035172035068472954 0.8544651162687162 0.11816767044274876 -0.5046669145992884
1643096774009416.0 12.6945907615838 10.167217769745786 -0.6828370521477178 0.0014751951380403163 0.8453405203744248 0.11019233243673413 -0.5227378676588808
1643096774042749.0 12.684592414661292 10.069828356764928 -0.4757918192594043 0.009997825839727548 0.8500094254323007 0.10560721899121558 -0.5159759058828908
1643096774076082.0 12.7195799938421 10.046393263346353 -0.5680868975634414 0.009741769011329985 0.8373718258724803 0.10715207936068119 -0.5359402532560891
1643096774376082.0 12.386322546967053 10.068916465688341 -0.46186041070959544 0.0003908286002089027 0.7539129337248713 0.08254067982171444 -0.6517684955487896
1643096774409416.0 12.394410473124482 10.058056546311139 -0.528326033925135 -0.003053475886587925 0.7437200554587086 0.07966365733200971 -0.6637204660804076
1643096774676082.0 12.166673897189362 10.04994057124731 -0.5013177885387117 0.02427362981428852 -0.6968562640468594 -0.07540339906458192 0.7128228851291182
1643096774942749.0 11.920697993424612 10.069362598837943 -0.47724751570237 0.035414577018160746 -0.6582486477494379 -0.05897042577477254 0.749651261824192
1643096775076082.0 11.780093586384089 10.065388381054513 -0.4670191050897094 0.040470548362260744 -0.6367462756152774 -0.051300312742912524 0.7682998067927719
1643096775276083.0 11.559996642367585 10.057943243937952 -0.45047085271145004 0.04823898541600263 -0.6021939607784446 -0.06271418468680139 0.7944195144425101
1643096775342749.0 11.516361259594241 10.058861764698694 -0.4764555910702838 0.051527732701310815 -0.5858958867687603 -0.0707810575063524 0.8056431868565592
1643096776242749.0 10.673675184879412 10.014889379590734 -0.12403132626164202 0.07957340129609052 -0.5850843849853619 -0.0656832993475643 0.8043817753028037
1643096777476082.0 9.318848036082569 9.97927134555849 0.1369463980221532 0.06648039855336454 -0.6239779574651967 -0.0837372847961715 0.774092973964182
1643096777509416.0 9.270301834659584 9.995385955626908 0.15841067991290742 0.06798033504876519 -0.621766546483088 -0.08532097102172603 0.775567771136128
1643096777542749.0 9.23193492698109 9.994968724199397 0.11727071265886202 0.06830758426045969 -0.6154368639334894 -0.08821226700121085 0.7802500473532308
1643096778042749.0 8.706081366956052 9.981036345154402 0.26647027594057654 0.08574368347563262 -0.6133744897295647 -0.07792669783868211 0.7812471989434492
1643096778942749.0 7.710509604628503 9.999508996537903 0.32868475184724244 0.05587727506917159 -0.6090448987465223 -0.057397781179600496 0.7890801836045188
1643096779076082.0 7.5486889307696305 10.0059932718039 0.38192022226399946 0.07215068330049358 -0.6030850885614619 -0.05911792838073984 0.7922043457328768
1643096779276082.0 7.298728230498108 10.002860731406994 0.41675822585634864 0.06765106188092569 -0.6091200214489596 -0.062469937574650664 0.7877141868697183
1643096780242749.0 6.292565669173929 10.028604069885995 0.48465289268294315 0.07740170415068282 -0.5941945837455382 -0.039361697229755466 0.7996201783554676
1643096780876082.0 5.619087567167706 10.038647343074073 0.6376849957134803 0.058204965155555066 -0.5961686573483286 -0.06871023646017617 0.7977932172137832
1643096781442749.0 5.04583701443866 10.020029144454604 0.7427871191542373 0.0846075194565442 -0.5550045219321416 -0.062268645462378265 0.8251873508958836
1643096781642749.0 4.821942329703303 9.970943878356806 0.8010707425608247 0.08039083981427489 -0.5730898889859771 -0.0521769941389826 0.8138690639768885
1643096782276082.0 4.138423788018201 9.990688850263428 0.8703042835864916 0.07514629052193458 -0.5748171959336033 -0.06789977193935774 0.811990053664702
1643096782509416.0 3.8818329112302323 9.998566710876243 0.9653479928429027 0.07195280178021311 -0.5525489457163123 -0.06978272766729832 0.8274314641244197
1643096782709416.0 3.660199833529919 9.979604673193917 1.027629754653602 0.0759503068086138 -0.5531230893717242 -0.07697778998330325 0.8260513414726979
1643096783442749.0 2.914662412029858 9.964534221680305 1.147933728642472 0.07554100806659175 -0.5835785750556551 -0.06625413526813984 0.8058163515318891
1643096783542749.0 2.8055441514780104 9.957640893210957 1.1744309633596677 0.06841569841388255 -0.5794025303549009 -0.06058982939179092 0.8099017672552348
1643096783842749.0 2.4834989453244796 9.955546626988715 1.281325191135906 0.07243148188994272 -0.5607621307351484 -0.07734780127487575 0.8211679674722742
1643096783909416.0 2.3920853054084508 9.973330576694751 1.2875019261935874 0.07106372551014531 -0.5643103072910812 -0.07036498688454801 0.8194831252822731
1643096784142749.0 2.1653491485487377 9.926894745439808 1.3293185921307498 0.05325026072822377 -0.5945013264722011 -0.07107082848513928 0.7991755250841991
1643096784542749.0 1.7624989603249324 9.942250482161334 1.3773909591846454 0.06572359322323057 -0.5867609251448499 -0.062010419357504135 0.8047028854851296
1643096784709416.0 1.59611736029312 9.921174494003202 1.4549804037587064 0.06259645568362969 -0.5655468218825963 -0.05926869255524164 0.8201985723452185
1643096785042749.0 1.2763670742792215 9.925797291269353 1.5724453155202767 0.0772685235865206 -0.556243788889358 -0.06191181561526357 0.8250995998496133
1643096785109416.0 1.2067509977324833 9.915045919871401 1.5989041796439583 0.07453613303737051 -0.5640716850183659 -0.05481959084764728 0.8205256312216415
1643096785742749.0 0.5982314906346441 9.92235361405131 1.6504128621241476 0.06690766236649497 -0.5950081409201161 -0.055770728883827045 0.7989857963413398
1643096786176082.0 0.1855562529210114 9.914241345335626 1.7773183171573577 0.06374885006976073 -0.5697033690613069 -0.053501997519112686 0.8176256427341576
1643096786276082.0 0.06584393087984608 9.881320593904327 1.7754946390634405 0.07099174930693301 -0.5685701896446673 -0.042443537304445285 0.8184660390748384
1643096786442749.0 -0.11989878752620621 9.857499813801075 1.8898073101716775 0.0671096144522141 -0.5885294814628547 -0.015540402887204796 0.8055357502775665
1643096787009416.0 -0.7294895468443359 9.890912033509734 1.9323956251614163 0.08159899357459081 -0.5797506055410933 -0.06790167040432374 0.8078491212959584
1643096787442749.0 -1.1821982923075431 9.872844610982172 2.1601112992285643 0.06784999545722253 -0.545482447173036 -0.06624706853376768 0.8327404180494983
1643096788076082.0 -1.8595203343540987 9.81861713896319 2.330892593534725 0.05201174803527247 -0.5931764450422217 -0.06688602190489083 0.8006014883742884
1643096788376082.0 -2.091728168313574 9.79083223198778 2.4152964603049303 0.049853489432904324 -0.5793330956656992 -0.06219642794146752 0.8111839484414634
1643096789442749.0 -2.936201993825686 9.790827831814534 2.627763519376345 0.059869920875031166 -0.6104334320849857 -0.07368005032670283 0.7863573410042137
