#timestamp tx ty tz qx qy qz  qw
4.996300000000000000e+04 1.276190915903521850e+00 -5.384215824096155734e-01 1.286381760738162905e+00 8.770586025913820749e-02 -1.493161285432600266e-02 -2.566693477785901845e-01 -9.624356706128941452e-01
9.992700000000000000e+04 1.284337103188088136e+00 -5.371054957098033711e-01 1.286470262457839908e+00 8.813882022176154629e-02 -1.485897721503936890e-02 -2.558744510740146305e-01 -9.624396787237147199e-01
1.498910000000000000e+05 1.291420357178484357e+00 -5.361302617319361197e-01 1.286760856222468163e+00 8.849685700859677429e-02 -1.481015036737241483e-02 -2.551358353631041909e-01 -9.624433358420144691e-01
1.998550000000000000e+05 1.297501521292310223e+00 -5.354759617080563361e-01 1.287234004820955846e+00 8.878413569062930388e-02 -1.478171396948291597e-02 -2.544505388249775346e-01 -9.624466727821401335e-01
2.498190000000000000e+05 1.302641438947164998e+00 -5.351226768702067593e-01 1.287870171042211576e+00 8.900482133884457525e-02 -1.477024967952864434e-02 -2.538155996387531643e-01 -9.624497203584385652e-01
2.997830000000000000e+05 1.306900953560648171e+00 -5.350504884504297953e-01 1.288649817675143527e+00 8.916307902422800080e-02 -1.477233915566737374e-02 -2.532280559835496381e-01 -9.624525093852562829e-01
3.497470000000000000e+05 1.310340908550359451e+00 -5.352394776807682941e-01 1.289553407508660099e+00 8.926307381776502070e-02 -1.478456405605687619e-02 -2.526849460384856250e-01 -9.624550706769400277e-01
3.997110000000000000e+05 1.313022147333898326e+00 -5.356697257932646616e-01 1.290561403331669910e+00 8.930897079044104736e-02 -1.480350603885492895e-02 -2.521833079826795720e-01 -9.624574350478366513e-01
4.496750000000000000e+05 1.315005513328864062e+00 -5.363213140199616369e-01 1.291654267933081135e+00 8.930493501324150707e-02 -1.482574676221930232e-02 -2.517201799952502039e-01 -9.624596333122927838e-01
4.996390000000000000e+05 1.316351849952856590e+00 -5.371743235929018478e-01 1.292812464101802172e+00 8.925513155715183999e-02 -1.484786788430777008e-02 -2.512926002553159677e-01 -9.624616962846550550e-01
5.496030000000000000e+05 1.317122000623475175e+00 -5.382088357441279225e-01 1.294016454626741419e+00 8.916372549315744467e-02 -1.486645106327810599e-02 -2.508976069419954769e-01 -9.624636547792702057e-01
5.995670000000000000e+05 1.317376808758319529e+00 -5.394049317056824888e-01 1.295246702296807273e+00 8.903488189224377514e-02 -1.487807795728808384e-02 -2.505322382344073451e-01 -9.624655396104850880e-01
6.495310000000000000e+05 1.317177117774988915e+00 -5.407426927096080638e-01 1.296483669900908353e+00 8.887276582539625769e-02 -1.487933022449547740e-02 -2.501935323116701304e-01 -9.624673815926462206e-01
6.994950000000000000e+05 1.316583771091082822e+00 -5.422021999879472753e-01 1.297707820227952613e+00 8.868154236360029086e-02 -1.486678952305806045e-02 -2.498785273529024187e-01 -9.624692115401003445e-01
7.494590000000000000e+05 1.315657612124201181e+00 -5.437635347727428625e-01 1.298899616066848672e+00 8.846537657784132869e-02 -1.483703751113360503e-02 -2.495842615372227680e-01 -9.624710602671943116e-01
7.994230000000000000e+05 1.314459484291912394e+00 -5.454067782960245747e-01 1.300039520206473842e+00 8.822843353910267417e-02 -1.478665584687953449e-02 -2.493077730437438522e-01 -9.624729585882523253e-01
8.493870000000000000e+05 1.315006207257250592e+00 -5.478869754134993997e-01 1.302299196358016165e+00 8.792860771628287220e-02 -1.472354445730563767e-02 -2.488376094627062773e-01 -9.624772207575890137e-01
8.993510000000000000e+05 1.312689096786343601e+00 -5.504697782992139521e-01 1.303498298857771465e+00 8.766140393509282147e-02 -1.449876412538085579e-02 -2.485645637339271019e-01 -9.624797464642281808e-01
9.493150000000000000e+05 1.313597144807246098e+00 -5.523713700541784677e-01 1.304698377486008809e+00 8.740404063153378589e-02 -1.441154653733934567e-02 -2.482084448411997213e-01 -9.624815929071469656e-01
9.992790000000000000e+05 1.310978750473877907e+00 -5.531782386793604456e-01 1.304633327232378459e+00 8.722575994772109598e-02 -1.418227510094327223e-02 -2.481611517119000632e-01 -9.624834037657836738e-01
1.049243000000000000e+06 1.312789088429491491e+00 -5.523358681621571842e-01 1.303984516084348844e+00 8.716479867747037313e-02 -1.398687820438176965e-02 -2.478509990703209598e-01 -9.624848962404969344e-01
1.099207000000000000e+06 1.309202405178119033e+00 -5.523134742906581351e-01 1.302984900957738112e+00 8.691566306608487780e-02 -1.340322417484397441e-02 -2.479091513766364385e-01 -9.624879379053763451e-01
1.149171000000000000e+06 1.306269277172760424e+00 -5.535496255923175735e-01 1.302014169877039773e+00 8.676108276027796884e-02 -1.272258364138228147e-02 -2.480852281673058823e-01 -9.624861371677561062e-01
1.199135000000000000e+06 1.301812390716381662e+00 -5.548953460370699142e-01 1.301697600159939627e+00 8.635144791422226518e-02 -1.218570684201508540e-02 -2.480890643842929288e-01 -9.624878056675677529e-01
1.249099000000000000e+06 1.300831919588193664e+00 -5.583870298847348757e-01 1.301958993585557556e+00 8.597790076841096973e-02 -1.193121275539849382e-02 -2.476709467885366833e-01 -9.624937778882910466e-01
1.299062000000000000e+06 1.296692988040616612e+00 -5.607792915676441670e-01 1.301369179705994528e+00 8.560330043786749943e-02 -1.158057550487946556e-02 -2.474793912627867298e-01 -9.624971544829128423e-01
1.349027000000000000e+06 1.297761085613033938e+00 -5.620583665581548871e-01 1.301243999630658621e+00 8.526485599125971371e-02 -1.134770139444904111e-02 -2.468359234683062953e-01 -9.625057124744592629e-01
1.398991000000000000e+06 1.293762407257894154e+00 -5.631232770951356548e-01 1.300395231418332243e+00 8.495361026319626918e-02 -1.113020688933849880e-02 -2.466255297893200360e-01 -9.625096989870659536e-01
1.448955000000000000e+06 1.295710263705504017e+00 -5.635995132666400398e-01 1.300011818193434587e+00 8.473650262356630103e-02 -1.099864134228606058e-02 -2.459629264322298892e-01 -9.625184492460951979e-01
1.498919000000000000e+06 1.292511359068895693e+00 -5.644155224915945457e-01 1.298916686130028530e+00 8.460423976385959832e-02 -1.083059869508305392e-02 -2.458240887296929411e-01 -9.625219601647569956e-01
1.548883000000000000e+06 1.294910172544189830e+00 -5.659870152163599677e-01 1.299277951300561451e+00 8.444975314658376142e-02 -1.075974770908092772e-02 -2.451921881555657046e-01 -9.625298627958651654e-01
1.598847000000000000e+06 1.292202958702116877e+00 -5.672656342555185693e-01 1.298432523399106309e+00 8.449496850908838619e-02 -1.072853846354458740e-02 -2.450940961000736551e-01 -9.625315941959986521e-01
1.648811000000000000e+06 1.295052763956168640e+00 -5.685182096533917262e-01 1.298935673093146281e+00 8.454368938383102772e-02 -1.081243900143741797e-02 -2.445122893043390200e-01 -9.625386677542431269e-01
1.698775000000000000e+06 1.292950595770738786e+00 -5.697315862299799916e-01 1.298729276119061860e+00 8.461482954566341974e-02 -1.081374426685274490e-02 -2.443488988372030934e-01 -9.625411536249794953e-01
1.748739000000000000e+06 1.295666143890143340e+00 -5.714310313076899073e-01 1.299462898056048310e+00 8.460443190627756072e-02 -1.081120496492395111e-02 -2.437318347278323860e-01 -9.625490431939623948e-01
1.798703000000000000e+06 1.293393955201047385e+00 -5.726293793097355644e-01 1.299428532927658253e+00 8.454348169222830611e-02 -1.071429661900333286e-02 -2.434327908207783997e-01 -9.625534499641015262e-01
1.848667000000000000e+06 1.295890353171353260e+00 -5.750058484364647393e-01 1.300280442851710738e+00 8.455479725294914872e-02 -1.091890043075038549e-02 -2.427186625980563561e-01 -9.625620851539186118e-01
1.898631000000000000e+06 1.293336115871643655e+00 -5.773463179848498106e-01 1.300607477872670614e+00 8.448774418330232128e-02 -1.095428322350797470e-02 -2.423640362796032899e-01 -9.625657881970942631e-01
1.948595000000000000e+06 1.296223958774396667e+00 -5.796376396054220281e-01 1.301547161525844487e+00 8.471975742978582469e-02 -1.144973096616732494e-02 -2.416228796665952638e-01 -9.625741159747702724e-01
1.998559000000000000e+06 1.294555986868975106e+00 -5.813043737529859367e-01 1.301434450560289280e+00 8.513397358367652545e-02 -1.208466054998914158e-02 -2.412021960979185420e-01 -9.625755422008751561e-01
2.048523000000000000e+06 1.297916808015663781e+00 -5.830743880761215525e-01 1.301925105790680215e+00 8.567956584632729911e-02 -1.276133365769974159e-02 -2.404560224886484743e-01 -9.625808957085214557e-01
2.098487000000000000e+06 1.296140243590620633e+00 -5.842845359608404010e-01 1.301581075095528783e+00 8.603904935760954553e-02 -1.322328682722935002e-02 -2.402397897720023601e-01 -9.625802091490492929e-01
2.148451000000000000e+06 1.299241569913370808e+00 -5.859774227707430505e-01 1.302284422699661270e+00 8.598018420869714407e-02 -1.362698637191125245e-02 -2.397674285477033873e-01 -9.625866754802462344e-01
2.198415000000000000e+06 1.298056918621780076e+00 -5.869859472110090515e-01 1.301668478279176533e+00 8.575346367347169707e-02 -1.411768088040394123e-02 -2.397052989236765352e-01 -9.625874296605507752e-01
2.248379000000000000e+06 1.301367063432877114e+00 -5.874147188488191285e-01 1.301424866637918010e+00 8.543496684160643839e-02 -1.469227874403738858e-02 -2.393930462799952752e-01 -9.625928467830113799e-01
2.298343000000000000e+06 1.300079405099736851e+00 -5.880835501610101046e-01 1.300762199543147091e+00 8.503095583331223006e-02 -1.508534129502094728e-02 -2.393094038416804792e-01 -9.625945093281982334e-01
2.348307000000000000e+06 1.303581207266404585e+00 -5.886353134244282082e-01 1.301067519926510041e+00 8.453086075401636257e-02 -1.557351741071138704e-02 -2.388374385188544169e-01 -9.626045065804995637e-01
2.398271000000000000e+06 1.301730589857831077e+00 -5.875594785412886489e-01 1.299850932821531746e+00 8.419058827218070529e-02 -1.607238362501745010e-02 -2.388463071432746498e-01 -9.626065343057897961e-01
2.448235000000000000e+06 1.304858887107008369e+00 -5.867754764025573389e-01 1.299504259336569989e+00 8.386426328059387592e-02 -1.680966283437700104e-02 -2.384468873714259696e-01 -9.626142080235816634e-01
2.498199000000000000e+06 1.303099543078326761e+00 -5.854006877407831322e-01 1.298205391296995748e+00 8.350202625073425977e-02 -1.725694736545364122e-02 -2.383287272796342782e-01 -9.626160464611035472e-01
2.548163000000000000e+06 1.304844285198491161e+00 -5.847043114171619482e-01 1.297213734328898083e+00 8.298034692167319260e-02 -1.775389413412882880e-02 -2.379692394775823616e-01 -9.626219849974080311e-01
2.598127000000000000e+06 1.300928526323998469e+00 -5.854651095205951616e-01 1.295929840225721108e+00 8.214566734342912402e-02 -1.785348650360795222e-02 -2.380384807888897836e-01 -9.626163120901699566e-01
2.648091000000000000e+06 1.300746134651510344e+00 -5.854369089137939630e-01 1.295040541153972935e+00 8.131637808816424839e-02 -1.796203180642173131e-02 -2.378638838432600711e-01 -9.626139201110365251e-01
2.698055000000000000e+06 1.297382352095947766e+00 -5.860212527831549778e-01 1.296088986114084740e+00 8.024858844120413837e-02 -1.789988860399258086e-02 -2.374066614448371859e-01 -9.626193038293544557e-01
2.748019000000000000e+06 1.298764167275559211e+00 -5.864007434262814566e-01 1.296486195532333907e+00 7.974284585144421345e-02 -1.775896303451798136e-02 -2.364255482591603175e-01 -9.626436613606470516e-01
2.797983000000000000e+06 1.294646359072227693e+00 -5.866142636211960637e-01 1.296595132856757537e+00 7.931769412715194978e-02 -1.689006565488958625e-02 -2.356727934838136473e-01 -9.626715503687043318e-01
2.847947000000000000e+06 1.295708812466395132e+00 -5.866275820624047288e-01 1.297793013603297130e+00 7.912905922523948143e-02 -1.603944437015772037e-02 -2.342793726033857993e-01 -9.627150357390142910e-01
2.897911000000000000e+06 1.291879607269502017e+00 -5.874716639712352917e-01 1.299186107874713558e+00 7.928194638524108107e-02 -1.478334210939454343e-02 -2.332128326788641681e-01 -9.627578568477311860e-01
2.947875000000000000e+06 1.293020369750575993e+00 -5.891269566947935354e-01 1.301604685085447688e+00 7.991668324905261411e-02 -1.336667113052578126e-02 -2.317413163466884307e-01 -9.628160175887356953e-01
2.997839000000000000e+06 1.289297799598786431e+00 -5.916332866635809484e-01 1.303809035957687490e+00 8.090966274183923612e-02 -1.170065382318242163e-02 -2.306996093738362674e-01 -9.628688732929417959e-01
3.047803000000000000e+06 1.290727484392987678e+00 -5.940940675686251504e-01 1.307232530558295469e+00 8.203800752058888757e-02 -1.014509872406255120e-02 -2.291830694670463353e-01 -9.629301558470020339e-01
3.097767000000000000e+06 1.287077720335251474e+00 -5.960491244513563824e-01 1.309784025667641405e+00 8.338325361814877268e-02 -8.692464463438520639e-03 -2.279464793776205533e-01 -9.629827395817047719e-01
3.147731000000000000e+06 1.288930091976489001e+00 -5.983331421112070281e-01 1.313999826652650471e+00 8.482398678710029172e-02 -7.482855457873573320e-03 -2.261015542577445303e-01 -9.630382754849620142e-01
3.197695000000000000e+06 1.286430881278753269e+00 -6.013693579341016227e-01 1.317882360117112794e+00 8.654460300831100239e-02 -6.415870095278072491e-03 -2.247591109892987105e-01 -9.630808525748741911e-01
3.247659000000000000e+06 1.289133874721426487e+00 -6.039863847922075646e-01 1.322640379600709792e+00 8.847129402189436720e-02 -5.428385040417197348e-03 -2.234058545478914415e-01 -9.631184040315089456e-01
3.297623000000000000e+06 1.287999797905292620e+00 -6.069051888193175426e-01 1.327157950696349786e+00 9.061386065698701087e-02 -4.259991069060874505e-03 -2.227441720048747575e-01 -9.631510218797201262e-01
3.347587000000000000e+06 1.292061931471856440e+00 -6.091259162420122886e-01 1.332908396723692324e+00 9.290707285870279664e-02 -2.951917153881521757e-03 -2.220670599188853400e-01 -9.631815487624895145e-01
3.397551000000000000e+06 1.292033307514036666e+00 -6.119442311271711121e-01 1.337954733994610068e+00 9.544008639420924200e-02 -1.620476456253014353e-03 -2.220846359247715118e-01 -9.632027833935287164e-01
3.447515000000000000e+06 1.297816072082074612e+00 -6.141316457660107586e-01 1.344049726319015869e+00 9.809636535810899172e-02 -3.820811179438177337e-04 -2.221150918783613704e-01 -9.632145344309961388e-01
3.497479000000000000e+06 1.299444234097695716e+00 -6.162053070591925197e-01 1.348617575609923902e+00 1.008785348913139590e-01 8.181255087242833525e-04 -2.231636642778788149e-01 -9.632179168968224570e-01
3.547443000000000000e+06 1.306671247914379386e+00 -6.172301054455645586e-01 1.353829141383774637e+00 1.030917658546189192e-01 2.023383470286722018e-03 -2.244354078855867740e-01 -9.632142558071847827e-01
3.597407000000000000e+06 1.310415933785280762e+00 -6.173436760373915977e-01 1.357477687092469409e+00 1.048240414452758784e-01 3.246428403330870426e-03 -2.266343734789728059e-01 -9.632064139648960355e-01
3.647371000000000000e+06 1.319957853883292787e+00 -6.167942969231049455e-01 1.361018844444661591e+00 1.059120322898089300e-01 4.205929033070378645e-03 -2.289435289658877937e-01 -9.631877999355576980e-01
3.697335000000000000e+06 1.325377642152178126e+00 -6.156698249640208953e-01 1.363289081184033247e+00 1.064885197546020096e-01 5.207071654655997563e-03 -2.320075069897086506e-01 -9.631714057727229772e-01
3.747299000000000000e+06 1.336172391814562710e+00 -6.137759916040520514e-01 1.365668988031528031e+00 1.064570083277203566e-01 6.164780041163266285e-03 -2.349186881119573467e-01 -9.631562898483857493e-01
3.797263000000000000e+06 1.342634591460363014e+00 -6.114992635428257994e-01 1.366714149524166810e+00 1.058881208557793940e-01 7.295608409578042790e-03 -2.383493100297068845e-01 -9.631568166527908481e-01
3.847227000000000000e+06 1.354042243411374136e+00 -6.084984842631704360e-01 1.367450864792605802e+00 1.048257002725650616e-01 8.457577988355575310e-03 -2.415498589317809364e-01 -9.631644977043023470e-01
3.897191000000000000e+06 1.360831202241491678e+00 -6.047323014124562635e-01 1.366244712916944160e+00 1.034374585675794100e-01 9.790215955459249594e-03 -2.453616303706709911e-01 -9.631773331444158925e-01
3.947155000000000000e+06 1.372770118967362452e+00 -6.005535510015420630e-01 1.365280124724263189e+00 1.014620006072454866e-01 1.118665972627326533e-02 -2.488434264541604934e-01 -9.631931929662267411e-01
3.997119000000000000e+06 1.379866078217343750e+00 -5.956736872683108253e-01 1.362710643348433726e+00 9.907580559430392841e-02 1.286707926458715776e-02 -2.529298450715601332e-01 -9.632136884892237294e-01
4.047083000000000000e+06 1.391134138264472409e+00 -5.905784009243454369e-01 1.359670538359430969e+00 9.631898557459767085e-02 1.441053440696999158e-02 -2.569543651796306616e-01 -9.632350085755184699e-01
4.097047000000000000e+06 1.401416236713018959e+00 -5.836694463978342462e-01 1.355425799288549893e+00 9.337004084769459644e-02 1.613865612794297341e-02 -2.614404841435291615e-01 -9.632589542006912975e-01
4.147011000000000000e+06 1.410228243350517552e+00 -5.785278366273229889e-01 1.350767448887215894e+00 9.043260220633661528e-02 1.797012764144940988e-02 -2.659202342053617052e-01 -9.632929094443266615e-01
4.196975000000000000e+06 1.418394432006301331e+00 -5.734798498792242905e-01 1.345420131173276745e+00 8.764678351961745217e-02 1.975655378649346372e-02 -2.700838955634999317e-01 -9.633143852625370984e-01
4.246939000000000000e+06 1.425722239042201522e+00 -5.686971454597979925e-01 1.339014870730659945e+00 8.507327907170937620e-02 2.121575052068576037e-02 -2.737808868875546420e-01 -9.633123398711812557e-01
4.296903000000000000e+06 1.432008182718541800e+00 -5.638253015810663626e-01 1.332641690032457138e+00 8.229108073318754102e-02 2.262837502489616071e-02 -2.767921754885978580e-01 -9.633052451894923429e-01
4.346867000000000000e+06 1.436941964728715160e+00 -5.601878597472562671e-01 1.326701415604095269e+00 7.932557537692511151e-02 2.344045633397801726e-02 -2.789038925484651488e-01 -9.632967596048723768e-01
4.396831000000000000e+06 1.439527205216346806e+00 -5.583010345597229085e-01 1.320493751745687616e+00 7.637998132850717936e-02 2.414472381616868460e-02 -2.802075138704590573e-01 -9.632936821944014794e-01
4.446795000000000000e+06 1.439788432783017491e+00 -5.563990784489408759e-01 1.313804117453559517e+00 7.307487904395597311e-02 2.417126227432630711e-02 -2.805602662557720173e-01 -9.633007439460889998e-01
4.496759000000000000e+06 1.437638563692335225e+00 -5.542601439351160231e-01 1.306207086413710527e+00 6.954526240444103280e-02 2.392959883565534684e-02 -2.798610099681546615e-01 -9.633290933713352100e-01
4.546723000000000000e+06 1.432804785045473261e+00 -5.524263329504863762e-01 1.298665898246395001e+00 6.558459757961425385e-02 2.290969086016608064e-02 -2.778557191355586209e-01 -9.633889917103631850e-01
4.596687000000000000e+06 1.424990306210502045e+00 -5.507975080560862935e-01 1.290327528195102103e+00 6.175322549193237864e-02 2.180130890289504880e-02 -2.748364744313953612e-01 -9.634815871514377239e-01
4.646651000000000000e+06 1.415052712741638130e+00 -5.504497544772957163e-01 1.282362048395915277e+00 5.794600246435607782e-02 2.028675143622240759e-02 -2.707264381320200197e-01 -9.636028848133910696e-01
4.696615000000000000e+06 1.402576835819259848e+00 -5.502728175547866307e-01 1.273991999653573126e+00 5.419499032298467911e-02 1.867139281004664281e-02 -2.659241367249673971e-01 -9.637889667819327100e-01
4.746579000000000000e+06 1.388112511875945199e+00 -5.500331479939930546e-01 1.265642148526809674e+00 5.044282018294091174e-02 1.697938958066711607e-02 -2.602885496130806220e-01 -9.640202386389145062e-01
4.796543000000000000e+06 1.371549145833374839e+00 -5.506572386804323704e-01 1.258395828066202426e+00 4.651971267690388490e-02 1.522930183556194493e-02 -2.538700461705851730e-01 -9.643327510253197898e-01
4.846507000000000000e+06 1.353689316935589471e+00 -5.517519788590332652e-01 1.252247534092870040e+00 4.263268425527266814e-02 1.322950661125756565e-02 -2.468095368051323457e-01 -9.646684640976382896e-01
4.896471000000000000e+06 1.334348392933039085e+00 -5.541880787379594997e-01 1.246381681765660998e+00 3.899990445089498298e-02 1.115894714289340610e-02 -2.394186403156584597e-01 -9.650379985179118325e-01
4.946435000000000000e+06 1.314510321575470542e+00 -5.567292207370579948e-01 1.241465020338268221e+00 3.559737256243331732e-02 9.123556658986245460e-03 -2.318004484934260701e-01 -9.654086034359214974e-01
4.996399000000000000e+06 1.293612111538715137e+00 -5.603980242429793535e-01 1.237273511529733305e+00 3.232987175482971570e-02 7.200208489835636071e-03 -2.241102167822741631e-01 -9.658218771191291463e-01
5.046363000000000000e+06 1.272612146575026193e+00 -5.640295762372891097e-01 1.234297385046556395e+00 2.903057554049650116e-02 5.450221368083763007e-03 -2.160681843135420499e-01 -9.662379733323698261e-01
5.096327000000000000e+06 1.251339532030883550e+00 -5.686193334225071450e-01 1.232307869427122782e+00 2.595906140357838454e-02 3.881971060257879969e-03 -2.079861375883149954e-01 -9.666802085364936126e-01
5.146291000000000000e+06 1.230420132302757263e+00 -5.735328084472923749e-01 1.231394108063460058e+00 2.302239606074928113e-02 2.515183079827283501e-03 -1.998464596602638754e-01 -9.671114127244802017e-01
5.196255000000000000e+06 1.209869435288974504e+00 -5.795307346401015192e-01 1.231901857866423367e+00 2.049705082971780071e-02 1.577669971328320370e-03 -1.918505252680376694e-01 -9.675684711560468276e-01
5.246219000000000000e+06 1.190594842740634762e+00 -5.853097199941657003e-01 1.233222710186065552e+00 1.857983008625409618e-02 9.180458621297848086e-04 -1.841105433212780196e-01 -9.679904905707508167e-01
5.296183000000000000e+06 1.172569184131891706e+00 -5.906446869481974948e-01 1.235655589961707657e+00 1.721277696802948204e-02 6.847010227421561563e-04 -1.771059066399313930e-01 -9.683957908594953423e-01
5.346147000000000000e+06 1.156473310014710432e+00 -5.958801917412497318e-01 1.239271157489518105e+00 1.653384154673709014e-02 6.943380250570184908e-04 -1.709869082442090904e-01 -9.687182147386119713e-01
5.396111000000000000e+06 1.142898811192705200e+00 -6.011037191438606264e-01 1.244134616511471059e+00 1.663357159529229787e-02 1.081071120166587690e-03 -1.658544549439813776e-01 -9.690080554458113671e-01
5.446075000000000000e+06 1.132209382767849215e+00 -6.063612645474060203e-01 1.250438143514411404e+00 1.747572126943022081e-02 1.684777030758886256e-03 -1.614226560826449997e-01 -9.692403708475282320e-01
5.496039000000000000e+06 1.123030973419268275e+00 -6.129866856574712752e-01 1.257793349637770897e+00 1.922430330171671919e-02 2.331832624592405836e-03 -1.581378810572421079e-01 -9.694379371958710134e-01
5.546003000000000000e+06 1.116794848318796163e+00 -6.193920418732326016e-01 1.266152111699812233e+00 2.175604486912881275e-02 2.884447154834417909e-03 -1.556390416646689367e-01 -9.695705259606985926e-01
5.595967000000000000e+06 1.114021041122591260e+00 -6.248658036977957630e-01 1.275513962110056188e+00 2.495116867950370951e-02 3.545376769455337376e-03 -1.539987436313434432e-01 -9.696504669051008163e-01
5.645931000000000000e+06 1.108591555783253524e+00 -6.320817669943368244e-01 1.285671609064579224e+00 2.877517726889583516e-02 4.147931462919401263e-03 -1.533123725428652551e-01 -9.696256913874317096e-01
5.695895000000000000e+06 1.111032068048684263e+00 -6.378323432891355171e-01 1.297121823786705486e+00 3.305249696533717196e-02 4.462406490004170410e-03 -1.528025863868903989e-01 -9.695196894383903974e-01
5.745859000000000000e+06 1.110466698698616028e+00 -6.442931867777863530e-01 1.308241787095179021e+00 3.760751233083813039e-02 4.729700318397492276e-03 -1.529875827345328898e-01 -9.693368849906460749e-01
5.795823000000000000e+06 1.116839204242904948e+00 -6.492117878454879421e-01 1.320415326961232649e+00 4.204344573022028575e-02 4.766522436720392088e-03 -1.530212341359660222e-01 -9.691375142418189315e-01
5.845787000000000000e+06 1.119181598637148056e+00 -6.559613562186883406e-01 1.332325182106023798e+00 4.648389075874465037e-02 4.591491703649735329e-03 -1.537108608878771099e-01 -9.688827804672254240e-01
5.895751000000000000e+06 1.127060125271559521e+00 -6.617163859587299468e-01 1.344087827488642528e+00 5.085570001195500317e-02 4.436878671581405073e-03 -1.545972937875873532e-01 -9.686035657084272055e-01
5.945715000000000000e+06 1.131114083901847867e+00 -6.667208275993284916e-01 1.354704468072029488e+00 5.491116081252402775e-02 4.212097272096817016e-03 -1.562655759711727432e-01 -9.682861129015893908e-01
5.995679000000000000e+06 1.141714107253352095e+00 -6.701765005678512743e-01 1.364963167869770899e+00 5.884107475051025826e-02 3.935776790111188486e-03 -1.578900954979542970e-01 -9.679666287307637784e-01
6.045643000000000000e+06 1.148283101518170479e+00 -6.741977119819360098e-01 1.374450865487082396e+00 6.241541919313590286e-02 3.408892798959756599e-03 -1.601375172338503072e-01 -9.676250609887072640e-01
6.095607000000000000e+06 1.160972988171353970e+00 -6.759573372759085652e-01 1.383097105457584464e+00 6.591158103933526802e-02 2.886203845942124022e-03 -1.623226830440726576e-01 -9.672886997871574799e-01
6.145571000000000000e+06 1.169464124297207031e+00 -6.782562812771490979e-01 1.390983239983494490e+00 6.890559334080045839e-02 2.025612910634688735e-03 -1.650183423021012175e-01 -9.669494044621051998e-01
6.195535000000000000e+06 1.184035917332081356e+00 -6.788408354515087506e-01 1.398687757074855709e+00 7.135310498034128091e-02 1.039421129909765679e-03 -1.676601657691380587e-01 -9.666419764425919769e-01
6.245499000000000000e+06 1.194604706249753789e+00 -6.795983442355861825e-01 1.405206573963667216e+00 7.332600556651390489e-02 5.029480599800408686e-05 -1.709015497227558689e-01 -9.663258569455042135e-01
6.295463000000000000e+06 1.210879525995292028e+00 -6.789611797443795282e-01 1.411521142133079998e+00 7.474580257739822653e-02 -1.081487533815100530e-03 -1.741680973488651807e-01 -9.660296848431925154e-01
6.345427000000000000e+06 1.223007876727855603e+00 -6.788645610701514732e-01 1.416396891891191778e+00 7.582063900929050804e-02 -2.119627846117616739e-03 -1.780680660755150080e-01 -9.657057013275760493e-01
6.395391000000000000e+06 1.240318961807134635e+00 -6.773021928433984318e-01 1.420695128053732326e+00 7.669885344931214044e-02 -3.057589227773027749e-03 -1.818446163249133884e-01 -9.653933283288631539e-01
6.445355000000000000e+06 1.253300779969364731e+00 -6.765877525112271584e-01 1.424244964996900009e+00 7.730947101628872498e-02 -3.800523097776949393e-03 -1.859402835570516388e-01 -9.650809120857540835e-01
6.495319000000000000e+06 1.270536987193890521e+00 -6.744705283074838853e-01 1.427730729412837407e+00 7.767527475627453160e-02 -4.282576292976557689e-03 -1.897670456443603659e-01 -9.648043554387911724e-01
6.545283000000000000e+06 1.282145576562855549e+00 -6.726174035573310173e-01 1.430040023166311958e+00 7.771777703777538182e-02 -4.263215061707645824e-03 -1.940683323419481188e-01 -9.645421366458053480e-01
6.595247000000000000e+06 1.298771974541084617e+00 -6.702130943484301273e-01 1.432610881479815967e+00 7.746081062590977340e-02 -4.060726525106367855e-03 -1.981492438261846789e-01 -9.643025652220239552e-01
6.645211000000000000e+06 1.310146844124298937e+00 -6.685095922084224318e-01 1.433879161852082529e+00 7.700134943696337886e-02 -3.398672960087906030e-03 -2.025760336046829035e-01 -9.640735070026160702e-01
6.695175000000000000e+06 1.325789325232618721e+00 -6.655821869634526156e-01 1.435359528852114153e+00 7.643164118290689257e-02 -2.280089370253088506e-03 -2.067941085198823636e-01 -9.638747705739592053e-01
6.745139000000000000e+06 1.335999883807208466e+00 -6.620343803968080643e-01 1.435281573105393615e+00 7.570100523380461632e-02 -6.550832417598015118e-04 -2.116775427167107981e-01 -9.636809584198007261e-01
6.795103000000000000e+06 1.350789906615859959e+00 -6.585596306553623824e-01 1.436268170385357035e+00 7.454002282011083780e-02 1.254675777319043568e-03 -2.165801560245006474e-01 -9.635171037845337016e-01
6.845067000000000000e+06 1.360394404544343017e+00 -6.561212013504016394e-01 1.436805229032066755e+00 7.307388470313812279e-02 3.822550349123400408e-03 -2.219991701033956488e-01 -9.634043866466666106e-01
6.895031000000000000e+06 1.374946890244427733e+00 -6.532828204785640080e-01 1.437023341559601652e+00 7.151785733252456756e-02 6.558313068842643034e-03 -2.268734180029557401e-01 -9.633592226783780355e-01
6.944995000000000000e+06 1.383473119352542247e+00 -6.504698678353940666e-01 1.435970034000616513e+00 6.979813735274491282e-02 9.459464170618580789e-03 -2.319875110067463053e-01 -9.633668537732401616e-01
6.994959000000000000e+06 1.395720788191706863e+00 -6.477525748383544668e-01 1.434688361927227707e+00 6.802798134636944827e-02 1.201718008421513197e-02 -2.365771639916613156e-01 -9.634021634240359511e-01
7.044923000000000000e+06 1.402460163527867731e+00 -6.438706626409557154e-01 1.432103918224973738e+00 6.608052418595400379e-02 1.437696952408729426e-02 -2.412138470929505174e-01 -9.634563423133456483e-01
7.094887000000000000e+06 1.413650645432750430e+00 -6.403635177019701974e-01 1.429991369236540910e+00 6.389796601086381034e-02 1.645391512558495167e-02 -2.453511427879560558e-01 -9.635219363811401427e-01
7.144851000000000000e+06 1.419044966715030665e+00 -6.369339810718420702e-01 1.426489490778237057e+00 6.163831409139101242e-02 1.848206940135649345e-02 -2.498287844100309796e-01 -9.635898727742271408e-01
7.194815000000000000e+06 1.428683198528084564e+00 -6.334073210924843211e-01 1.423226016828615048e+00 5.926030471860086607e-02 2.036909099981624310e-02 -2.537261090271278885e-01 -9.636885730215523083e-01
7.244779000000000000e+06 1.432188284419436242e+00 -6.303180855797116955e-01 1.418337418064332223e+00 5.699725206920273901e-02 2.208446616372444424e-02 -2.574499201719633867e-01 -9.637858725371514224e-01
7.294743000000000000e+06 1.439327909116775661e+00 -6.269557758838600892e-01 1.413724541665727585e+00 5.475373722022935929e-02 2.375006683396121629e-02 -2.603651905815270728e-01 -9.639010334431346028e-01
7.344707000000000000e+06 1.439775408176766636e+00 -6.249840148763866621e-01 1.407547855396425129e+00 5.280314068814179196e-02 2.520386390738465696e-02 -2.634190088084945036e-01 -9.639776156699951803e-01
7.394671000000000000e+06 1.444738575729071606e+00 -6.227775962945821808e-01 1.401984671824873852e+00 5.073769309912874725e-02 2.671987312034809423e-02 -2.658386920330398917e-01 -9.640681787565278382e-01
7.444635000000000000e+06 1.444269072937254927e+00 -6.212554254961388800e-01 1.395297321959623638e+00 4.872721048215628015e-02 2.781052071769263973e-02 -2.682428386523516561e-01 -9.641292104591898671e-01
7.494599000000000000e+06 1.448860956037082648e+00 -6.186096996401023729e-01 1.388602096160141741e+00 4.653080112184369843e-02 2.829271994523505085e-02 -2.698333277357012894e-01 -9.642000836534582175e-01
7.544563000000000000e+06 1.446871099756328549e+00 -6.164952873039865056e-01 1.380250994225507455e+00 4.424690028732376768e-02 2.822329219264260725e-02 -2.715057794964340632e-01 -9.642515552087613795e-01
7.594527000000000000e+06 1.449295592526671284e+00 -6.130564467411026008e-01 1.371312396101776798e+00 4.151987077662364772e-02 2.781550122484715420e-02 -2.723346044792160359e-01 -9.643508310629596014e-01
7.644491000000000000e+06 1.445350968164767158e+00 -6.104430401893714553e-01 1.360799758611404897e+00 3.829640288208778498e-02 2.704852984808810146e-02 -2.731614017056839261e-01 -9.644731372388245516e-01
7.694455000000000000e+06 1.446453067686202631e+00 -6.066665722015466278e-01 1.349813309373057768e+00 3.443579671698748790e-02 2.588058316759160246e-02 -2.730885062303465838e-01 -9.646669130756124755e-01
7.744419000000000000e+06 1.441660432785982771e+00 -6.037673345262463132e-01 1.337778860425832494e+00 3.003725092722473247e-02 2.452026477488120776e-02 -2.728694042014482846e-01 -9.649114609318828473e-01
7.794383000000000000e+06 1.441035877576312352e+00 -6.011179352250872743e-01 1.326994930663557781e+00 2.501783802162985126e-02 2.293678284235579554e-02 -2.719488483022164393e-01 -9.652289510169294040e-01
7.844347000000000000e+06 1.434022529447591676e+00 -5.988813864506815632e-01 1.315348844767881165e+00 1.984358601526739832e-02 2.079551997156037224e-02 -2.709403390982220716e-01 -9.655486219677379411e-01
7.894311000000000000e+06 1.431451801620066577e+00 -5.955676331288947134e-01 1.304212818631106385e+00 1.459081911041204896e-02 1.847104786852539482e-02 -2.688925288726689011e-01 -9.659165846034593050e-01
7.944275000000000000e+06 1.422676274141549957e+00 -5.934150571966557708e-01 1.292695652264193917e+00 9.190286264463755350e-03 1.616798517430973955e-02 -2.663805524949980352e-01 -9.663281371430072486e-01
7.994239000000000000e+06 1.416749035610729957e+00 -5.916181917355706199e-01 1.282811340055643345e+00 3.508175898586528632e-03 1.425660943046907006e-02 -2.632060955208437303e-01 -9.668063159804439755e-01
8.044203000000000000e+06 1.404367831954829615e+00 -5.915959443792113692e-01 1.273403477506652504e+00 -2.375212690499029292e-03 1.256461678214851503e-02 -2.600451460572901219e-01 -9.673099031811505100e-01
8.094167000000000000e+06 1.395601870281485191e+00 -5.908844165411275551e-01 1.265392580161997405e+00 -8.245185970979408349e-03 1.090921821941822842e-02 -2.562632482608515616e-01 -9.678325585119940122e-01
8.144131000000000000e+06 1.380279435935704235e+00 -5.908408293304319159e-01 1.257217328383020138e+00 -1.374083573118354586e-02 9.456424258003833308e-03 -2.525240707269012508e-01 -9.683368523428118602e-01
8.194095000000000000e+06 1.368463554230645363e+00 -5.898223172537814252e-01 1.250378737352673131e+00 -1.882151442943142544e-02 8.337395946337531824e-03 -2.483549963216012679e-01 -9.688346581047857509e-01
8.244059000000000000e+06 1.350887317347686079e+00 -5.902399158740124774e-01 1.243578984432048173e+00 -2.334422767502065954e-02 7.251442395969714787e-03 -2.443154108423594151e-01 -9.692997202174116200e-01
8.294023000000000000e+06 1.338200174443050949e+00 -5.905470504212640970e-01 1.238877259064912195e+00 -2.751940759465642053e-02 6.175327636091106423e-03 -2.396428652869579123e-01 -9.697746561153754996e-01
8.343987000000000000e+06 1.319238825472797361e+00 -5.905011090101840443e-01 1.233816843224634585e+00 -3.120447080274740478e-02 5.226928413503215652e-03 -2.351239981730840201e-01 -9.702236635190033542e-01
8.393951000000000000e+06 1.305129509090696249e+00 -5.895713166816974882e-01 1.229380417566991568e+00 -3.415851094800219367e-02 4.264473340698501924e-03 -2.299480983102108744e-01 -9.706421905169824171e-01
8.443915000000000000e+06 1.284361806242824589e+00 -5.891097198006515212e-01 1.225765245701434525e+00 -3.651386742769601595e-02 3.307872950032255885e-03 -2.250629424132265244e-01 -9.709999328635765536e-01
8.493879000000000000e+06 1.268430643446188055e+00 -5.894380792604257957e-01 1.224255584877021352e+00 -3.803622957939542526e-02 2.135342472611184272e-03 -2.192933131107301092e-01 -9.713310560076910960e-01
8.543843000000000000e+06 1.246396183741222519e+00 -5.909805358713325907e-01 1.223812205009819687e+00 -3.882658714095203051e-02 1.213699930590597794e-03 -2.135044629981758257e-01 -9.716303624335436151e-01
8.593807000000000000e+06 1.229631772218532815e+00 -5.935952813698153196e-01 1.225352311163985242e+00 -3.867501915121790423e-02 5.098451278018458020e-04 -2.070429961622672899e-01 -9.719179068354818485e-01
8.643771000000000000e+06 1.207186310499766435e+00 -5.964839742851446580e-01 1.226856424783289601e+00 -3.758092737027375618e-02 9.164664150814870892e-05 -2.009333040199425269e-01 -9.721519421754435397e-01
8.693735000000000000e+06 1.190416831501064365e+00 -6.002308258318723722e-01 1.230075697567267756e+00 -3.554058498527772059e-02 -2.280618886728411499e-05 -1.942048078981001846e-01 -9.723580449267841264e-01
8.743699000000000000e+06 1.168857640011653931e+00 -6.044428659692488992e-01 1.233181593323694036e+00 -3.247960744179742565e-02 1.227359769012323354e-05 -1.877295830141961219e-01 -9.724818159193692191e-01
8.793663000000000000e+06 1.153364549510023318e+00 -6.087694783350450223e-01 1.237972811310402266e+00 -2.861730157312256800e-02 2.099666955482827222e-04 -1.810719709403817435e-01 -9.725560612708195052e-01
8.843627000000000000e+06 1.133960869671766014e+00 -6.133824842519463028e-01 1.242474589165337484e+00 -2.404730092958203003e-02 2.785110613105336395e-04 -1.751824216057459860e-01 -9.725328428231171385e-01
8.893591000000000000e+06 1.121970612282239266e+00 -6.192123830814882934e-01 1.248749071664588817e+00 -1.906070822094278056e-02 7.441633988264820905e-04 -1.693032214000853297e-01 -9.724738832163357660e-01
8.943555000000000000e+06 1.106521826209669657e+00 -6.244061804305991448e-01 1.254405657168149002e+00 -1.380472166356437949e-02 8.385417541064848785e-04 -1.644390738887774872e-01 -9.723228398788481552e-01
8.993519000000000000e+06 1.098726286288085774e+00 -6.287681558259166081e-01 1.260898128573059385e+00 -8.482678103010607429e-03 1.017184356003723649e-03 -1.598800600140928563e-01 -9.721489930290940773e-01
9.043483000000000000e+06 1.087469004156226715e+00 -6.321747826134943571e-01 1.266882698572608490e+00 -3.267289139147894639e-03 1.126934146290856390e-03 -1.565616501883621003e-01 -9.719226759829613371e-01
9.093447000000000000e+06 1.084381485075267104e+00 -6.350849893786815192e-01 1.274072418391901884e+00 1.642845757981109935e-03 1.489798861650311508e-03 -1.535443379903075334e-01 -9.717120210118573853e-01
9.143411000000000000e+06 1.078014777824809478e+00 -6.378236185917036671e-01 1.280874424122514954e+00 6.311096535238678445e-03 1.734972158840224600e-03 -1.516554806175713366e-01 -9.714662724187134168e-01
9.193375000000000000e+06 1.079693029930356207e+00 -6.401102116486846461e-01 1.288732314593691308e+00 1.068587063280566213e-02 1.990246924325616250e-03 -1.499024007509709988e-01 -9.712426846191647423e-01
9.243339000000000000e+06 1.078790315579916559e+00 -6.420619611179608777e-01 1.296455306669618945e+00 1.485295294531686038e-02 2.064404870417067567e-03 -1.490787577318756774e-01 -9.709879762655216906e-01
9.293303000000000000e+06 1.084219207371474480e+00 -6.428749729420424330e-01 1.304860728300863304e+00 1.869374620385327521e-02 1.797945141972187707e-03 -1.487112291885532289e-01 -9.707152828546702361e-01
9.343267000000000000e+06 1.086187169663594076e+00 -6.421399094781279349e-01 1.311582579324192199e+00 2.231038621697551891e-02 1.140360668997554604e-03 -1.493164877818889957e-01 -9.703810802526072754e-01
9.393231000000000000e+06 1.095451649323774479e+00 -6.411857508069018774e-01 1.319609156654799609e+00 2.536935588073816958e-02 6.815624024951619057e-04 -1.501606434578345028e-01 -9.700657262961580596e-01
9.443195000000000000e+06 1.100884187295333216e+00 -6.404007203129886694e-01 1.327150906277266618e+00 2.800879789388207794e-02 3.785802366899218910e-04 -1.520672202821388153e-01 -9.697211050096544716e-01
9.493159000000000000e+06 1.112166367853825832e+00 -6.386991897662733786e-01 1.335542498343662121e+00 3.024680874577845985e-02 5.739060638174214575e-05 -1.545501658769464493e-01 -9.693587875444471536e-01
9.543123000000000000e+06 1.119635399018760635e+00 -6.364410297307008246e-01 1.342697516333727137e+00 3.232470445921198365e-02 -3.629657382407823398e-04 -1.579419523781109280e-01 -9.689367868152461982e-01
9.593087000000000000e+06 1.132838970652312316e+00 -6.329802444086529700e-01 1.349890652118342471e+00 3.427629058569247461e-02 -9.342952900587436511e-04 -1.615734009731978060e-01 -9.684838846327074036e-01
9.643051000000000000e+06 1.142246149980899572e+00 -6.302477706265505741e-01 1.355859974123490685e+00 3.630391907293789577e-02 -1.388523251385026525e-03 -1.658753165293254672e-01 -9.679781056019254315e-01
9.693015000000000000e+06 1.157360331370167916e+00 -6.259868569050663911e-01 1.362054258289931097e+00 3.819864074965003548e-02 -1.939801725520479960e-03 -1.703178123387798504e-01 -9.674685357592802681e-01
9.742979000000000000e+06 1.168130944483951161e+00 -6.221161547796446589e-01 1.367208236632455609e+00 3.998103787610994553e-02 -2.416810110697537213e-03 -1.754191782422175050e-01 -9.669515735230598263e-01
9.792943000000000000e+06 1.184394290298836472e+00 -6.170677481441421142e-01 1.371929871527328926e+00 4.160687290617744866e-02 -3.296350223638276709e-03 -1.805602017269334614e-01 -9.664544729588131489e-01
9.842907000000000000e+06 1.195469398780353298e+00 -6.129035170660096510e-01 1.375752382847663657e+00 4.295618835511366695e-02 -4.015762684711373515e-03 -1.862639132457141744e-01 -9.659542516889296770e-01
9.892871000000000000e+06 1.212310548243976216e+00 -6.083714930693264744e-01 1.379771609208452432e+00 4.416368263605508632e-02 -4.792983075446823928e-03 -1.917786195622192824e-01 -9.654807698577447805e-01
9.942835000000000000e+06 1.223505830822206430e+00 -6.048983766180597854e-01 1.383239271951328009e+00 4.523019925232213412e-02 -5.574433486695985762e-03 -1.977833327909499783e-01 -9.650288041945629391e-01
9.992799000000000000e+06 1.239919896924560394e+00 -6.016497003797840470e-01 1.386992239340926636e+00 4.626918301969321079e-02 -6.215386141680907285e-03 -2.033919138071197674e-01 -9.646494140094974412e-01
1.004276300000000000e+07 1.250488886773362562e+00 -5.995993008374738142e-01 1.389503692722805717e+00 4.739790848925397315e-02 -6.524188920043010737e-03 -2.094823678113019172e-01 -9.643140514848117517e-01
1.009272700000000000e+07 1.265926456543083667e+00 -5.981037357746560312e-01 1.392020609402346620e+00 4.861359893747106004e-02 -6.901435714333898491e-03 -2.155378186623567172e-01 -9.640328640310158459e-01
1.014269100000000000e+07 1.275920051621711515e+00 -5.972874913646564199e-01 1.393265999423605850e+00 4.977658924241539634e-02 -7.123871876685986329e-03 -2.221421790867793566e-01 -9.637883011741996686e-01
1.019265500000000000e+07 1.291179228601293749e+00 -5.962630024729532741e-01 1.394633756505729405e+00 5.087283140693409783e-02 -7.327355589291855570e-03 -2.285621738445098305e-01 -9.635907037587049251e-01
1.024261900000000000e+07 1.300185332505288560e+00 -5.954676883570321211e-01 1.395676995377639784e+00 5.175072432100279174e-02 -6.907994799015401352e-03 -2.358229347217004890e-01 -9.634668286131609083e-01
1.029258300000000000e+07 1.314485560362696148e+00 -5.960630925849556006e-01 1.397514588722767126e+00 5.254666102388595023e-02 -6.432410416648257079e-03 -2.432686926582584286e-01 -9.634009428133463171e-01
1.034254700000000000e+07 1.323028719231135408e+00 -5.987185686815243990e-01 1.398548883774267004e+00 5.327781427172922218e-02 -5.649104955766442830e-03 -2.516822295397871390e-01 -9.634043846889035478e-01
1.039251100000000000e+07 1.336905893797517564e+00 -6.021523337578319479e-01 1.400749503708414112e+00 5.366200852589362441e-02 -4.612815589374754874e-03 -2.600335311097736191e-01 -9.634755157879241194e-01
1.044247500000000000e+07 1.345097828289102182e+00 -6.047980497554709123e-01 1.401677014024361512e+00 5.366595409736590883e-02 -3.793603733181502916e-03 -2.690502013881291288e-01 -9.636105309951281672e-01
1.049243900000000000e+07 1.359021570752632302e+00 -6.076830898735519071e-01 1.402279031078119020e+00 5.336066273749986294e-02 -2.965936793130234846e-03 -2.776214995505498773e-01 -9.638014075103602529e-01
1.054240300000000000e+07 1.367029479815382143e+00 -6.098829288823207628e-01 1.401509761438207713e+00 5.270096253344462578e-02 -2.217085418627427577e-03 -2.866630757044192901e-01 -9.640507298255391877e-01
1.059236700000000000e+07 1.380557424753168005e+00 -6.123548914848130353e-01 1.400685254257880041e+00 5.155129813919478998e-02 -1.188192462890593068e-03 -2.949237949417282678e-01 -9.643598949132762277e-01
1.064233100000000000e+07 1.388422000048952665e+00 -6.144580825385542733e-01 1.398804888333831764e+00 4.987365990458024478e-02 -2.317774828637977067e-04 -3.028453051262959828e-01 -9.647081340163254914e-01
1.069229500000000000e+07 1.402253848428856919e+00 -6.169578695439331684e-01 1.396339274445591361e+00 4.798134981575355451e-02 2.305225363650143466e-04 -3.093656689047691311e-01 -9.650625358106211804e-01
1.074225900000000000e+07 1.409501483843264236e+00 -6.187163884052571117e-01 1.392078510599047414e+00 4.590870558442699395e-02 1.426898970791926568e-04 -3.155336222237949406e-01 -9.653926953841105441e-01
1.079222300000000000e+07 1.420537876780017639e+00 -6.210922281229520614e-01 1.387967654539509654e+00 4.330791334869733833e-02 -3.404317389992613961e-04 -3.206134660676577819e-01 -9.657174333268927491e-01
1.084218700000000000e+07 1.425000036729517916e+00 -6.228850096736269215e-01 1.381875483872292421e+00 4.037952167299098394e-02 -1.052291150435842940e-03 -3.254110732710888687e-01 -9.660285897697939994e-01
1.089215100000000000e+07 1.434358190949552192e+00 -6.257350338354114028e-01 1.375989634167043452e+00 3.678305550920197425e-02 -2.113138027196352457e-03 -3.288198750177693253e-01 -9.663704562571482359e-01
1.094211500000000000e+07 1.436995163236901130e+00 -6.274266954218524761e-01 1.368139099951714233e+00 3.274382319454903489e-02 -3.380759814575609763e-03 -3.316945429150590652e-01 -9.667167085705201668e-01
1.099207900000000000e+07 1.443882470893995684e+00 -6.277889951989937822e-01 1.359801508936913761e+00 2.819357354487448536e-02 -5.041777515523538679e-03 -3.331459423464464553e-01 -9.670740920264899732e-01
1.104204300000000000e+07 1.444586171964472587e+00 -6.281137552364340904e-01 1.350004053403267568e+00 2.326066839675946726e-02 -6.593531373222988670e-03 -3.340533027266192057e-01 -9.674175861926546105e-01
1.109200700000000000e+07 1.450646749067856511e+00 -6.278761210923335945e-01 1.340567765485349172e+00 1.778356237466471521e-02 -8.274955434345655433e-03 -3.333656300729720967e-01 -9.677906469421431179e-01
1.114197100000000000e+07 1.450094201660851345e+00 -6.275041951845433674e-01 1.329401225529051489e+00 1.211217301441101790e-02 -9.983055900793527671e-03 -3.319305221528781047e-01 -9.681379142680038852e-01
1.119193500000000000e+07 1.454431891391541276e+00 -6.253444939374366296e-01 1.319071098149348309e+00 5.926230539263460488e-03 -1.159302405903510878e-02 -3.289050837651924519e-01 -9.685342464887778391e-01
1.124189900000000000e+07 1.452581343862252794e+00 -6.239649854624966796e-01 1.308444298875084622e+00 -4.660846126588255459e-04 -1.285357772417826741e-02 -3.249498661311826520e-01 -9.689349813081435947e-01
1.129186300000000000e+07 1.456099227870701895e+00 -6.239022310664772419e-01 1.299572492273787461e+00 -6.949047494884916763e-03 -1.416122167614635406e-02 -3.192439740106683410e-01 -9.693428363358250754e-01
1.134182700000000000e+07 1.453791479208122350e+00 -6.249045309866818609e-01 1.291234031613931243e+00 -1.328738226622608321e-02 -1.502680758710812914e-02 -3.128094737326648223e-01 -9.697123218638559194e-01
1.139179100000000000e+07 1.454841217202250014e+00 -6.238135144105863006e-01 1.282654469996639124e+00 -1.891290566881276627e-02 -1.608158605991006490e-02 -3.053612174441738270e-01 -9.700122268233986045e-01
1.144175500000000000e+07 1.447538141621168117e+00 -6.218499926836560387e-01 1.274308085152236147e+00 -2.409442283865063580e-02 -1.690298491218643687e-02 -2.978601047562939308e-01 -9.702779498577980277e-01
1.149171900000000000e+07 1.442186104441835370e+00 -6.182327934954224835e-01 1.266826308578779425e+00 -2.868164765188413456e-02 -1.748715358333480241e-02 -2.897926455410900770e-01 -9.704993320779651267e-01
1.154168300000000000e+07 1.428069557220089880e+00 -6.145411755574570201e-01 1.259650128855639650e+00 -3.267242323271075249e-02 -1.782890642785273094e-02 -2.821379956944937151e-01 -9.706775157090378192e-01
1.159164700000000000e+07 1.416379990507023123e+00 -6.094210594916077417e-01 1.253662878068104281e+00 -3.601374357377137153e-02 -1.797218148322414152e-02 -2.741166832200129244e-01 -9.708125789288682972e-01
1.164161100000000000e+07 1.397948610731740260e+00 -6.045883100041816727e-01 1.248820477055768707e+00 -3.880386717680657516e-02 -1.784194813218742404e-02 -2.661616303450974330e-01 -9.709377073238016909e-01
1.169157500000000000e+07 1.382747072911663988e+00 -5.993017479262866543e-01 1.245973316250179153e+00 -4.097783748401950116e-02 -1.758947726221118252e-02 -2.579815459563035152e-01 -9.710572894920439513e-01
1.174153900000000000e+07 1.360561002458623436e+00 -5.952372550310607302e-01 1.244484789858464557e+00 -4.242676576621014217e-02 -1.687111856615312183e-02 -2.505155328661326508e-01 -9.711875384449181192e-01
1.179150300000000000e+07 1.342807709973344199e+00 -5.915969435611663219e-01 1.244764567973551062e+00 -4.295637035884332378e-02 -1.677400044715511920e-02 -2.432074058033798780e-01 -9.712618912896695544e-01
1.184146700000000000e+07 1.318958184308873571e+00 -5.880918944027399009e-01 1.245616011398571032e+00 -4.268858724672239952e-02 -1.643683897404091612e-02 -2.367162761336644994e-01 -9.713037210523627341e-01
1.189143100000000000e+07 1.300122473755120245e+00 -5.839218149428625493e-01 1.248158286776256842e+00 -4.175396932059455973e-02 -1.615925410906510554e-02 -2.303442628792548574e-01 -9.712787158115284702e-01
1.194139500000000000e+07 1.276725342772121241e+00 -5.800928188413539965e-01 1.250153869211445334e+00 -3.981412444763064717e-02 -1.576138282371600599e-02 -2.246530271813545754e-01 -9.712076535290596890e-01
1.199135900000000000e+07 1.259341634516561781e+00 -5.765527501970246771e-01 1.253700326443950797e+00 -3.725006854210377583e-02 -1.522886965196218467e-02 -2.188807495051436347e-01 -9.710913979931435902e-01
1.204132300000000000e+07 1.237217457445263014e+00 -5.734646288768312505e-01 1.257844946986135692e+00 -3.397769251205406960e-02 -1.447011251572518503e-02 -2.137900902731156572e-01 -9.709409304761613679e-01
1.209128700000000000e+07 1.221357117706056261e+00 -5.706741456681123648e-01 1.263484512363345580e+00 -3.033037090182579346e-02 -1.380376176695712054e-02 -2.084644625144775887e-01 -9.707373146594375779e-01
1.214125100000000000e+07 1.201281239987576521e+00 -5.690484394347099517e-01 1.269637097245763124e+00 -2.604283679466011178e-02 -1.352576250848319846e-02 -2.036871067762146825e-01 -9.704724826919304270e-01
1.219121500000000000e+07 1.187671238085528103e+00 -5.678165970131684448e-01 1.276192657109793904e+00 -2.112114849151789514e-02 -1.379579953013407127e-02 -1.989344747262286606e-01 -9.701432091566752902e-01
1.224117900000000000e+07 1.169518855400094814e+00 -5.671326048951210730e-01 1.282926396577962924e+00 -1.592819139804690920e-02 -1.409385765248328745e-02 -1.951467718231630899e-01 -9.697886697155517766e-01
1.229114300000000000e+07 1.158480625809428899e+00 -5.668922282316111172e-01 1.290943416971703561e+00 -1.085795888658197192e-02 -1.466596363502165740e-02 -1.916340205566408328e-01 -9.694293250361076808e-01
1.234110700000000000e+07 1.143779376935810665e+00 -5.668950224273779925e-01 1.297871564737606676e+00 -5.730725804093121829e-03 -1.524821022893210233e-02 -1.892661423604046211e-01 -9.690591675866813137e-01
1.239107100000000000e+07 1.137584827692781797e+00 -5.671171087676450950e-01 1.305513803086147728e+00 -8.731686153818860865e-04 -1.590797940432801469e-02 -1.870685054451048657e-01 -9.687000735706589039e-01
1.244103500000000000e+07 1.128434221326133358e+00 -5.664588086725987903e-01 1.311987060549494100e+00 3.906103062135408109e-03 -1.625203229210622075e-02 -1.861695110158714250e-01 -9.683242668892781957e-01
1.249099900000000000e+07 1.128676650345532551e+00 -5.657011582686117812e-01 1.318781138902896943e+00 8.470957841844449498e-03 -1.651478499971843414e-02 -1.856616335107111326e-01 -9.679475534771938561e-01
1.254096300000000000e+07 1.126878655594918399e+00 -5.663491872395977067e-01 1.325165269902255805e+00 1.270183406429393341e-02 -1.633679487486562609e-02 -1.863310875589771209e-01 -9.675808833466892356e-01
1.259092700000000000e+07 1.134047100328969382e+00 -5.678343260441615081e-01 1.332655479583847224e+00 1.651859328349483680e-02 -1.608270921318149735e-02 -1.870234012694361181e-01 -9.672526704691482013e-01
1.264089100000000000e+07 1.137844709586834702e+00 -5.703804023359432263e-01 1.339410092400708630e+00 2.015074192009767493e-02 -1.572125593060563070e-02 -1.887321434658440489e-01 -9.669243042986261916e-01
1.269085500000000000e+07 1.150474538643948552e+00 -5.732306038431954631e-01 1.347723663307038633e+00 2.335291185879526110e-02 -1.519327684828901924e-02 -1.904783662626089169e-01 -9.666511969060995746e-01
1.274081900000000000e+07 1.159887396675859605e+00 -5.776741568823999806e-01 1.355254811132803772e+00 2.649829246748997696e-02 -1.486235551622224101e-02 -1.930317142823657073e-01 -9.663526150188138653e-01
1.279078300000000000e+07 1.176500365685182903e+00 -5.821137971819211332e-01 1.362953559537402271e+00 2.960696897100425357e-02 -1.482401583828380984e-02 -1.957196914352161143e-01 -9.660432848554691976e-01
1.284074700000000000e+07 1.187918812707026150e+00 -5.852203114652195781e-01 1.368718340946968093e+00 3.275841779308430457e-02 -1.512183849241291629e-02 -1.994259085876333715e-01 -9.656923248967542728e-01
1.289071100000000000e+07 1.204338238356907453e+00 -5.861395517912231234e-01 1.374018893760762028e+00 3.575468467820486912e-02 -1.571426739232099912e-02 -2.032860720781383135e-01 -9.653314891809170462e-01
1.294067500000000000e+07 1.214827486628353936e+00 -5.871241655755962130e-01 1.379007142704856692e+00 3.829204042880542808e-02 -1.609912479790939072e-02 -2.080554122880944601e-01 -9.649959467681452630e-01
1.299063900000000000e+07 1.230578141913529544e+00 -5.875034135947960756e-01 1.383683448918634262e+00 4.066869739730897410e-02 -1.643408987467015470e-02 -2.129160360846049649e-01 -9.646623439174686343e-01
1.304060300000000000e+07 1.241006329361953542e+00 -5.884490101123377448e-01 1.387766939917787434e+00 4.280760031690779288e-02 -1.686673763076418364e-02 -2.184169022442055685e-01 -9.643398274568864004e-01
1.309056700000000000e+07 1.257699731978091817e+00 -5.880850227516327688e-01 1.391506290227819242e+00 4.486641080273293808e-02 -1.746679405247460529e-02 -2.234460068821477741e-01 -9.640241247710074068e-01
1.314053100000000000e+07 1.269462363641948421e+00 -5.882104462223852748e-01 1.394817798297013800e+00 4.653794626148651664e-02 -1.788921001636251465e-02 -2.289534066768945664e-01 -9.637652070152868955e-01
1.319049500000000000e+07 1.287141728463741863e+00 -5.879042303252974833e-01 1.398889422788109904e+00 4.780862803273520228e-02 -1.807703194998202742e-02 -2.344157133071260724e-01 -9.635356949250285519e-01
1.324045900000000000e+07 1.299297552226855279e+00 -5.878233797722506315e-01 1.402213246236790889e+00 4.891702460597659868e-02 -1.779761741433383629e-02 -2.407748445494403144e-01 -9.633573336564700273e-01
1.329042300000000000e+07 1.316930750610263434e+00 -5.868965944239007415e-01 1.405599708058164587e+00 4.987893095919575248e-02 -1.755772105541249239e-02 -2.472049406532344229e-01 -9.632035803863198131e-01
1.334038700000000000e+07 1.329269446402554511e+00 -5.872297005441198259e-01 1.408431433429593316e+00 5.055166535893954038e-02 -1.654920298454348390e-02 -2.541430782132137467e-01 -9.631231252424991007e-01
1.339035100000000000e+07 1.347028729270011826e+00 -5.879966196631710718e-01 1.411849393952309573e+00 5.087754120820565246e-02 -1.536069841385858531e-02 -2.607854541173461049e-01 -9.631030353640265274e-01
1.344031500000000000e+07 1.358955186811446669e+00 -5.894949333125428792e-01 1.414506315591371521e+00 5.079193345110719765e-02 -1.353716324483339103e-02 -2.677485729309919682e-01 -9.632079463093292659e-01
1.349027900000000000e+07 1.375614646724212964e+00 -5.904487186198991155e-01 1.417198597788208003e+00 5.004096209731553890e-02 -1.174579061727246999e-02 -2.743027883074917184e-01 -9.633959515097612059e-01
1.354024300000000000e+07 1.385908321909206986e+00 -5.910966283456908776e-01 1.418571687550851612e+00 4.882484572545868484e-02 -9.695996318483120213e-03 -2.812011248516583795e-01 -9.636771848592897705e-01
1.359020700000000000e+07 1.400923291626120060e+00 -5.917089331929253904e-01 1.420103291204048102e+00 4.700053283219097350e-02 -7.654673244425761608e-03 -2.876963078328560464e-01 -9.640310073244757749e-01
1.364017100000000000e+07 1.409216070214007077e+00 -5.921584547654187292e-01 1.419942456093419292e+00 4.489768454726496272e-02 -5.437734103196828310e-03 -2.946980115366303332e-01 -9.644584601241932287e-01
1.369013500000000000e+07 1.422497562704008400e+00 -5.915192570285456863e-01 1.418786366715759195e+00 4.233315416675324100e-02 -3.380930080576964245e-03 -3.010660997545788198e-01 -9.649236424337785945e-01
1.374009900000000000e+07 1.429182716545364551e+00 -5.909068192044522050e-01 1.416448441085883747e+00 3.933464026829389115e-02 -1.308147398071826326e-03 -3.074199511718236355e-01 -9.654151963999242358e-01
1.379006300000000000e+07 1.440453194141353865e+00 -5.901937767552847269e-01 1.414266944196840958e+00 3.592180032107610693e-02 7.169168702560149882e-04 -3.127492928691829599e-01 -9.659102483154862195e-01
1.384002700000000000e+07 1.445398163551319781e+00 -5.914458264591477832e-01 1.410761777086681601e+00 3.257875923857831563e-02 2.751132384237193595e-03 -3.175887146454360876e-01 -9.663585141338157936e-01
1.388999100000000000e+07 1.454554197006262539e+00 -5.914168263932111369e-01 1.406658746146203010e+00 2.904088109036110851e-02 4.651215101009108406e-03 -3.212161654601348171e-01 -9.667762869838995021e-01
1.393995500000000000e+07 1.456846793678187257e+00 -5.915795793313900486e-01 1.400650843135445633e+00 2.561478010901438798e-02 6.294101368258133919e-03 -3.245790036507869014e-01 -9.671369757231113029e-01
1.398991900000000000e+07 1.463074881587372422e+00 -5.903383004025034575e-01 1.393855796532186275e+00 2.217646306752037860e-02 7.364661273551372303e-03 -3.270102260612658407e-01 -9.674602571013490859e-01
1.403988300000000000e+07 1.461287070586984704e+00 -5.879601246150082394e-01 1.384508997764536176e+00 1.886288641122329038e-02 7.888213568951359805e-03 -3.293823974033833757e-01 -9.677256668666871509e-01
1.408984700000000000e+07 1.463588490054708702e+00 -5.849135428732701314e-01 1.376093135441935678e+00 1.516228675645710754e-02 8.076623795777657100e-03 -3.305924634532702022e-01 -9.680051645594105469e-01
1.413981100000000000e+07 1.460373649950523323e+00 -5.833641359665310278e-01 1.367028098795477931e+00 1.117158292721470020e-02 7.895069960002484843e-03 -3.308806117735894614e-01 -9.682835267165477156e-01
1.418977500000000000e+07 1.463563097055659235e+00 -5.820534225868317924e-01 1.357978245491069380e+00 7.108637048651241137e-03 7.330012213832400036e-03 -3.292472867182509311e-01 -9.685464631354728793e-01
1.423973900000000000e+07 1.459980458408365989e+00 -5.824162718755661050e-01 1.348280418991987251e+00 3.074274904645832741e-03 6.402761605207001570e-03 -3.266467744520326066e-01 -9.687727711080929005e-01
1.428970300000000000e+07 1.454189565038916276e+00 -5.768144822666727567e-01 1.336374553930090858e+00 -4.654649555726226174e-04 4.943528095507590536e-03 -3.233167612861627682e-01 -9.689027214415887324e-01
1.433966700000000000e+07 1.446996438285891973e+00 -5.718077801941255922e-01 1.324302358927217371e+00 -3.960447459858916323e-03 3.227340171247226885e-03 -3.189809313164747584e-01 -9.690102946760836833e-01
1.438963100000000000e+07 1.439251930541497471e+00 -5.672249003646159249e-01 1.312686109575551763e+00 -7.576535194905783047e-03 1.521098734829182337e-03 -3.137856127686082242e-01 -9.691066004857533667e-01
1.443959500000000000e+07 1.430931243251700513e+00 -5.657038263059925853e-01 1.302160233970391046e+00 -1.130187585390334502e-02 -1.689122414752515359e-04 -3.078188108334500295e-01 -9.692220362240550058e-01
1.448955900000000000e+07 1.422111072492201256e+00 -5.641263092906079191e-01 1.291591800403248058e+00 -1.469846906670430400e-02 -2.114617725832266745e-03 -3.013323000687943010e-01 -9.692756371351795019e-01
1.453952300000000000e+07 1.413017930823935009e+00 -5.627083721657983872e-01 1.281577418926705292e+00 -1.782230866967148691e-02 -3.908381992855104389e-03 -2.942091585809862853e-01 -9.693177253173896890e-01
1.458948700000000000e+07 1.403946631667008837e+00 -5.599261774179935536e-01 1.272193846130221795e+00 -2.056439886733837236e-02 -5.675408492611111466e-03 -2.865889602611071396e-01 -9.693195834940884215e-01
1.463945100000000000e+07 1.393795555442375100e+00 -5.580517663216768565e-01 1.264331663586248267e+00 -2.288249244320010936e-02 -7.049274010515633841e-03 -2.789612587103308394e-01 -9.693308984228610203e-01
1.468941500000000000e+07 1.383659665787647430e+00 -5.567256483557987412e-01 1.257818372811291052e+00 -2.467694893007828585e-02 -8.486820965807701997e-03 -2.714263290615647195e-01 -9.692960453898729067e-01
1.473937900000000000e+07 1.371820218470983566e+00 -5.560526046941284273e-01 1.252155537132112695e+00 -2.593084204535620052e-02 -9.697567761257217672e-03 -2.644886655565489297e-01 -9.692715191632466087e-01
1.478934300000000000e+07 1.359670117532551625e+00 -5.561989655120334053e-01 1.247431699163778829e+00 -2.668625383961450298e-02 -1.094080629170032966e-02 -2.579904906536847342e-01 -9.691835485921963533e-01
1.483930700000000000e+07 1.346480945048598832e+00 -5.579352422772140274e-01 1.244501794723213539e+00 -2.722263864758337620e-02 -1.178859499547807964e-02 -2.519525728205623261e-01 -9.691401989292165453e-01
1.488927100000000000e+07 1.333285678904796656e+00 -5.598002064686612433e-01 1.242762598702282117e+00 -2.762592995761842946e-02 -1.257715118741408594e-02 -2.461637312756078666e-01 -9.691067561754059811e-01
1.493923500000000000e+07 1.318678418683319364e+00 -5.631573182322570092e-01 1.242591591939107065e+00 -2.798782821541898405e-02 -1.305932939033119765e-02 -2.408260303706653005e-01 -9.691576428274046862e-01
1.498919900000000000e+07 1.304154361650240457e+00 -5.660246910212027860e-01 1.243009266200757024e+00 -2.807839801410675143e-02 -1.354861975883712294e-02 -2.357255656415765122e-01 -9.691805570900554612e-01
1.503916300000000000e+07 1.288263952388047029e+00 -5.695873621139734277e-01 1.244369424136502866e+00 -2.779416074112536078e-02 -1.349825980057411251e-02 -2.312654231510821723e-01 -9.692405632621945433e-01
1.508912700000000000e+07 1.272692971401694129e+00 -5.732697223615563775e-01 1.246858202045489694e+00 -2.716752966034647818e-02 -1.311533641178618849e-02 -2.271721271055194002e-01 -9.692615913728661603e-01
1.513909100000000000e+07 1.256037794774351513e+00 -5.772962406104509281e-01 1.250283988802127988e+00 -2.604437232812654296e-02 -1.249687398418557367e-02 -2.235906922528948237e-01 -9.692792886178140943e-01
1.518905500000000000e+07 1.240462224999807184e+00 -5.818521653904001889e-01 1.255407170400212991e+00 -2.448965460333849334e-02 -1.145924714494699591e-02 -2.197331123293008726e-01 -9.692334548161483099e-01
1.523901900000000000e+07 1.223757131482285265e+00 -5.884068316832815615e-01 1.262792013781743217e+00 -2.236620437402334072e-02 -9.972600427059731196e-03 -2.159473668729232632e-01 -9.691717716372355573e-01
1.528898300000000000e+07 1.207740829210051103e+00 -5.965457783868440833e-01 1.271591497817868621e+00 -1.942542004660405275e-02 -7.924063314937314362e-03 -2.117193485315597423e-01 -9.690653117435032993e-01
1.533894700000000000e+07 1.190227378632991329e+00 -6.066298481144725141e-01 1.281048785345337615e+00 -1.549963543590516038e-02 -5.772323008526042930e-03 -2.075009142980421550e-01 -9.689413050549374740e-01
1.538891100000000000e+07 1.173511171708903511e+00 -6.166370729717052246e-01 1.292122565732691131e+00 -1.107094251670259419e-02 -3.596158375525090531e-03 -2.031314517230388694e-01 -9.688161275638154102e-01
1.543887500000000000e+07 1.156598974033980154e+00 -6.285992510594449190e-01 1.304563130888630296e+00 -5.933298779248736762e-03 -1.623052174868296754e-03 -1.990486224175122276e-01 -9.687043411509435042e-01
1.548883900000000000e+07 1.140722745134651328e+00 -6.400693586418346737e-01 1.317874014693679818e+00 -5.414028071174098716e-04 4.866302997014388450e-04 -1.949887678500312749e-01 -9.686168936351153835e-01
1.553880300000000000e+07 1.126000401715147259e+00 -6.523850127562745849e-01 1.332293123704733961e+00 5.137119653314255012e-03 2.559512812281571330e-03 -1.910325326647835109e-01 -9.685570622513867134e-01
1.558876700000000000e+07 1.114827849772059176e+00 -6.664503330829529837e-01 1.348795416146022719e+00 1.060317671277039367e-02 4.874348757415786909e-03 -1.867153906920106798e-01 -9.685351165498039538e-01
1.563873100000000000e+07 1.106011664806217487e+00 -6.803044576804769816e-01 1.364913975016601722e+00 1.624929278723975107e-02 6.778444891128966414e-03 -1.823941190269766921e-01 -9.684845751470179120e-01
1.568869500000000000e+07 1.098766517170127965e+00 -6.932659357947047463e-01 1.380287195346873386e+00 2.212237674044546104e-02 8.448308404627482421e-03 -1.784519997172384909e-01 -9.683855611973664068e-01
1.573865900000000000e+07 1.090477334213189042e+00 -7.036300694665557076e-01 1.395029805606615714e+00 2.800594063308187512e-02 9.715302818942408991e-03 -1.754689484348663786e-01 -9.682479283928304703e-01
1.578862300000000000e+07 1.083144343880442673e+00 -7.110437877234621062e-01 1.408450987931341380e+00 3.383268231670916865e-02 1.078725154323497207e-02 -1.733236587761932401e-01 -9.680762726508489457e-01
1.583858700000000000e+07 1.084363280410016506e+00 -7.220436007464071659e-01 1.423583378765002960e+00 3.920097779226262152e-02 1.190837968431559049e-02 -1.711889053364121782e-01 -9.679493269640861985e-01
1.588855100000000000e+07 1.083646151000628999e+00 -7.341042364823462396e-01 1.438334620688481280e+00 4.423490373133960596e-02 1.311784256997168552e-02 -1.700311251737021134e-01 -9.678097551744879734e-01
1.593851500000000000e+07 1.091391340881458838e+00 -7.452977902254861453e-01 1.452408906723918980e+00 4.928243933787376102e-02 1.389061153463426804e-02 -1.692594157662233034e-01 -9.676304071724814992e-01
1.598847900000000000e+07 1.095828924750392508e+00 -7.538003335954203132e-01 1.464193455508938202e+00 5.434012587896079605e-02 1.444925928281585656e-02 -1.697405223957869913e-01 -9.673732706863764630e-01
1.603844300000000000e+07 1.107916136998671197e+00 -7.595692159667235543e-01 1.474979810967546268e+00 5.912323589091952186e-02 1.452436719688439404e-02 -1.705734574870781395e-01 -9.670906734744895150e-01
1.608840700000000000e+07 1.116532229390687192e+00 -7.643245609700102250e-01 1.484165830111731532e+00 6.344896085885243231e-02 1.426243168392218007e-02 -1.725504109228243044e-01 -9.667638425184230666e-01
1.613837100000000000e+07 1.131582749793849541e+00 -7.676563779705778412e-01 1.492446009443706867e+00 6.715941848121503854e-02 1.352762448678029687e-02 -1.752902785519689921e-01 -9.664104936752744290e-01
1.618833500000000000e+07 1.143027156539354383e+00 -7.702809048631589217e-01 1.498663651688636689e+00 6.996718982733474146e-02 1.255489852454276523e-02 -1.792996595350873912e-01 -9.660421423927588735e-01
1.623829900000000000e+07 1.160410363620682173e+00 -7.708785586022487424e-01 1.504213896806517958e+00 7.180368096686383372e-02 1.145890941849827052e-02 -1.837220556946397021e-01 -9.656827166317769606e-01
1.628826300000000000e+07 1.173997444048930916e+00 -7.705191442075379760e-01 1.507302562054146700e+00 7.295877779450657408e-02 1.012424729214344080e-02 -1.888104100185872825e-01 -9.653134361145779829e-01
1.633822700000000000e+07 1.194114035605359003e+00 -7.675660881606319874e-01 1.509726014739078082e+00 7.323295555835114545e-02 8.444744847404775379e-03 -1.936295968169283177e-01 -9.649773368505453197e-01
1.638819100000000000e+07 1.209585220695039931e+00 -7.632191923384991084e-01 1.510204673521600593e+00 7.266832174132550892e-02 6.928437180605837541e-03 -1.991429834115137631e-01 -9.646717983718829936e-01
1.643815500000000000e+07 1.231123762374908948e+00 -7.575753546874763877e-01 1.509663943446349466e+00 7.150400492702800592e-02 5.376187007993012655e-03 -2.046909342073703064e-01 -9.643734184181752545e-01
1.648811900000000000e+07 1.247748059255128439e+00 -7.502307150023231896e-01 1.506707116463003482e+00 6.985613424495529244e-02 4.221064699249340788e-03 -2.111731113568878215e-01 -9.640824033352080047e-01
1.653808300000000000e+07 1.270165009590918714e+00 -7.421251533028505598e-01 1.503585055405963544e+00 6.759739988825694268e-02 3.159292296445752671e-03 -2.176067049714082158e-01 -9.638180973968792919e-01
1.658804700000000000e+07 1.287155468465627672e+00 -7.333686854269561017e-01 1.499176348634958966e+00 6.494500555010311593e-02 2.394016566385754816e-03 -2.247805439458487042e-01 -9.635945017876789143e-01
1.663801100000000000e+07 1.308893969732398688e+00 -7.249534101113940254e-01 1.495078493559570010e+00 6.203460693931420189e-02 1.923007508659663883e-03 -2.316951332695796895e-01 -9.634206854166240674e-01
1.668797500000000000e+07 1.324727458554349369e+00 -7.164912911605829660e-01 1.489250539128220918e+00 5.926628137332402846e-02 1.965256350725904776e-03 -2.388681697383258640e-01 -9.632869282372628073e-01
1.673793900000000000e+07 1.344729155632831352e+00 -7.092649385052181010e-01 1.483982291668421993e+00 5.639834711393420380e-02 2.345883428524879639e-03 -2.454402887293710422e-01 -9.632169117745927878e-01
1.678790300000000000e+07 1.358334570091342730e+00 -7.025911304076777331e-01 1.477555167562532468e+00 5.352401907374322587e-02 2.850726402299397829e-03 -2.520020270346716718e-01 -9.632234879431075258e-01
1.683786700000000000e+07 1.376476749552945966e+00 -6.973177603854279205e-01 1.471297470718365696e+00 5.039394361001169054e-02 2.699295927434087854e-03 -2.578033163338300793e-01 -9.633072789705389161e-01
1.688783100000000000e+07 1.388092578767074592e+00 -6.923725844829322629e-01 1.464834651519142383e+00 4.701679119072977447e-02 2.109461463774830146e-03 -2.635864725856402191e-01 -9.634613605941315662e-01
1.693779500000000000e+07 1.403318106982969660e+00 -6.872569626186063596e-01 1.458359633905217390e+00 4.339946373432873594e-02 1.401567767744639394e-03 -2.683961015445000542e-01 -9.636794502230552339e-01
1.698775900000000000e+07 1.411535730432444069e+00 -6.808320811839896347e-01 1.450261736284102820e+00 3.968111290360541027e-02 5.762415867079299751e-04 -2.729889131099177968e-01 -9.639236688359715810e-01
1.703772300000000000e+07 1.424348905397286646e+00 -6.745719206414295677e-01 1.441656401676134402e+00 3.594393877502528867e-02 -4.097496295601190937e-04 -2.766753421617323960e-01 -9.641707211100942754e-01
1.708768700000000000e+07 1.429992056570726922e+00 -6.675785245480204688e-01 1.431016659309737094e+00 3.215666677212755675e-02 -1.604011109376115175e-03 -2.808069511820572850e-01 -9.644144199782069826e-01
1.713765100000000000e+07 1.440536181341713684e+00 -6.600003548772669371e-01 1.420287150875485960e+00 2.802163969851790767e-02 -2.820779083307969719e-03 -2.841548995377059517e-01 -9.646994735626299722e-01
1.718761500000000000e+07 1.444305095713667830e+00 -6.526897242100324625e-01 1.408371314611714720e+00 2.370436386382641231e-02 -4.056983084847629040e-03 -2.875383940167767216e-01 -9.650204331980137828e-01
1.723757900000000000e+07 1.452477769580148514e+00 -6.451881427607972785e-01 1.396736454738872091e+00 1.915133720121882377e-02 -5.166949768744262365e-03 -2.899328371736396015e-01 -9.653942109982383002e-01
1.728754300000000000e+07 1.453871152956438761e+00 -6.388367554183415065e-01 1.384348203067377048e+00 1.449983711561760383e-02 -6.044240924067139850e-03 -2.920873524606386606e-01 -9.658003228247654670e-01
1.733750700000000000e+07 1.458866971161715043e+00 -6.322978806115328032e-01 1.372198859964289586e+00 9.824870755297254732e-03 -6.807841221551685224e-03 -2.933218496546626808e-01 -9.662351139270617395e-01
1.738747100000000000e+07 1.456946589388842694e+00 -6.259645329175139716e-01 1.358818664678546062e+00 5.051842692482495789e-03 -7.391784059525434263e-03 -2.944198651718296644e-01 -9.666733514941864280e-01
1.743743500000000000e+07 1.458531875778839249e+00 -6.189591615543524883e-01 1.345163911962987457e+00 2.966994275483178078e-04 -8.199136018753938604e-03 -2.946597885290699881e-01 -9.671164981734873267e-01
1.748739900000000000e+07 1.452672769487974858e+00 -6.123629067092432043e-01 1.331706037394739139e+00 -4.779753474156033313e-03 -9.005251109444377747e-03 -2.946647459974193195e-01 -9.675767731273759997e-01
1.753736300000000000e+07 1.450649497515316133e+00 -6.050395006065829584e-01 1.318099606566408788e+00 -9.573904747008971441e-03 -9.946646311434803253e-03 -2.935393513964240642e-01 -9.680031127461321550e-01
1.758732700000000000e+07 1.441456199483737155e+00 -5.987713595101900044e-01 1.304744317957002409e+00 -1.433043671967343738e-02 -1.077506274228454998e-02 -2.918930311930920674e-01 -9.684061637316883075e-01
1.763729100000000000e+07 1.435342040446552003e+00 -5.924544626181114104e-01 1.292179011209202866e+00 -1.890829732953272155e-02 -1.151576745776528889e-02 -2.891944013733143137e-01 -9.687989793065270305e-01
1.768725500000000000e+07 1.421862857171786620e+00 -5.869692388650860071e-01 1.280514934836935348e+00 -2.343167444829308277e-02 -1.205920213722330020e-02 -2.860451466763783701e-01 -9.691789414531242208e-01
1.773721900000000000e+07 1.411901324782866896e+00 -5.815927250171656349e-01 1.270292495685027667e+00 -2.768664028298547380e-02 -1.218785475800021958e-02 -2.816290433514253566e-01 -9.695708880601148216e-01
1.778718300000000000e+07 1.395094453848610971e+00 -5.776484661042091684e-01 1.260149108136120244e+00 -3.150880126221346916e-02 -1.216629361254586636e-02 -2.769169445183470302e-01 -9.699293676522188212e-01
1.783714700000000000e+07 1.381305933011653719e+00 -5.743267166252956635e-01 1.252248469314710011e+00 -3.518245271162206977e-02 -1.180701302139908204e-02 -2.715443453956197795e-01 -9.703005960087692783e-01
1.788711100000000000e+07 1.360735126722109722e+00 -5.743598564703500386e-01 1.246762839651225363e+00 -3.890711152155443275e-02 -1.093852768242639661e-02 -2.665029244776717654e-01 -9.706888816675517395e-01
1.793707500000000000e+07 1.345573605491690916e+00 -5.745104022556080103e-01 1.242304494308648755e+00 -4.214887875776349158e-02 -9.807496091776345820e-03 -2.608799016227442147e-01 -9.710493278913819859e-01
1.798703900000000000e+07 1.324898344962784247e+00 -5.756958594492749270e-01 1.239562588922388020e+00 -4.530675072740508735e-02 -8.764565865765046662e-03 -2.554824702363576727e-01 -9.714079983367159832e-01
1.803700300000000000e+07 1.310557130950456450e+00 -5.765689734815360179e-01 1.237634382669231536e+00 -4.773828531128052055e-02 -7.537123686231723095e-03 -2.491672934908044923e-01 -9.717543986702943393e-01
1.808696700000000000e+07 1.290228989002829785e+00 -5.784634577660172639e-01 1.235949779694743622e+00 -4.938216797096911526e-02 -5.954110328891073535e-03 -2.431827572931612447e-01 -9.720619940163277573e-01
1.813693100000000000e+07 1.274295735180054123e+00 -5.815060077664951921e-01 1.236114819302653878e+00 -5.027981062117956035e-02 -4.105225482977762491e-03 -2.368423136075126778e-01 -9.723125200335706042e-01
1.818689500000000000e+07 1.252076336775638010e+00 -5.862504948587456965e-01 1.237567364399033476e+00 -5.058888126804090418e-02 -2.284355239816781083e-03 -2.312575417091298491e-01 -9.724736327393631585e-01
1.823685900000000000e+07 1.235421359284245568e+00 -5.916133727789458785e-01 1.240669770359984936e+00 -5.044591610880697768e-02 -4.525135379048065079e-04 -2.256381539538395153e-01 -9.725788937059498540e-01
1.828682300000000000e+07 1.214405326072113489e+00 -5.982285695070048703e-01 1.244182828115995010e+00 -4.976215580335326127e-02 1.306740311860564961e-03 -2.205036972819804930e-01 -9.726466066865300242e-01
1.833678700000000000e+07 1.198776678030205600e+00 -6.068505116864456594e-01 1.249313707367823545e+00 -4.841660500614992230e-02 3.051696107015709238e-03 -2.147435624967788115e-01 -9.727156512007166800e-01
1.838675100000000000e+07 1.177653874958921376e+00 -6.170709574862042190e-01 1.256185720357939628e+00 -4.626351346972477213e-02 5.331459423553027051e-03 -2.088817417246307262e-01 -9.727958130284315441e-01
1.843671500000000000e+07 1.162484989396214585e+00 -6.262827440523479616e-01 1.264626356018663911e+00 -4.334397527374785064e-02 7.965771669896632920e-03 -2.021581941953387862e-01 -9.728756842197266996e-01
1.848667900000000000e+07 1.142944937420676821e+00 -6.346587618930648045e-01 1.272576943537382599e+00 -3.958674391293082878e-02 1.096584343502662873e-02 -1.959001893315473475e-01 -9.729229193405077858e-01
1.853664300000000000e+07 1.129738114503391122e+00 -6.435831720372173770e-01 1.282032670140404118e+00 -3.533706956362245299e-02 1.407700318427655001e-02 -1.898005528372626038e-01 -9.729300958363162888e-01
1.858660700000000000e+07 1.113060903603307672e+00 -6.522273848589976719e-01 1.291693473712998141e+00 -3.076286904406354272e-02 1.726423177224086641e-02 -1.847929637927829272e-01 -9.729180679217294125e-01
1.863657100000000000e+07 1.104478019231947661e+00 -6.613778133056467112e-01 1.303020435923547549e+00 -2.601965153557301430e-02 2.068752543315855938e-02 -1.795065188533741807e-01 -9.729109404757551038e-01
1.868653500000000000e+07 1.091980833868234413e+00 -6.698726349698369553e-01 1.314189325948755815e+00 -2.096753639882571740e-02 2.389357016205238132e-02 -1.751936617638493454e-01 -9.728543662885209553e-01
1.873649900000000000e+07 1.086581515914728069e+00 -6.789386083345733125e-01 1.327092836059523107e+00 -1.569350085646920370e-02 2.697293019199752465e-02 -1.709664855567830655e-01 -9.727540400268289700e-01
1.878646300000000000e+07 1.077514371457805264e+00 -6.870501554266619237e-01 1.339332468751775362e+00 -1.008352962322142145e-02 2.962461119080855507e-02 -1.676997459561475057e-01 -9.725817621985032302e-01
1.883642700000000000e+07 1.075510102706770166e+00 -6.941459920434528419e-01 1.352332346201496449e+00 -4.138274043086106677e-03 3.183188702767233286e-02 -1.646805546885131699e-01 -9.723464760598734546e-01
1.888639100000000000e+07 1.070281028607549034e+00 -7.005568178375801702e-01 1.364762069197259731e+00 1.989633929047797227e-03 3.345964885007431111e-02 -1.626975654790357440e-01 -9.720318939161393113e-01
1.893635500000000000e+07 1.072393104312384438e+00 -7.068194585441479605e-01 1.378443613627153619e+00 8.252815160583040072e-03 3.427611435389425754e-02 -1.611935311439560981e-01 -9.716498019815001941e-01
1.898631900000000000e+07 1.071451547965211581e+00 -7.128887081403364467e-01 1.391542119735613703e+00 1.458673523603220765e-02 3.462953958620632045e-02 -1.608733188171131978e-01 -9.711923779611181251e-01
1.903628300000000000e+07 1.078183965372162767e+00 -7.176959974302495882e-01 1.404478032769399976e+00 2.107848534004746685e-02 3.446696163491104470e-02 -1.609679316392852721e-01 -9.706571566312820476e-01
1.908624700000000000e+07 1.081539473392167050e+00 -7.230216257758219633e-01 1.416869142718747865e+00 2.722026784324750592e-02 3.368560466383850593e-02 -1.621640727789585013e-01 -9.700939472771886729e-01
1.913621100000000000e+07 1.091848769661812213e+00 -7.273977444097828871e-01 1.429695496930975418e+00 3.296507038579114812e-02 3.248505021976720586e-02 -1.637504850984761728e-01 -9.695291299644593908e-01
1.918617500000000000e+07 1.098360658027282000e+00 -7.319684315650550888e-01 1.441672454248785984e+00 3.824175827999372335e-02 3.068274617951802230e-02 -1.664124352199103929e-01 -9.689516694158730736e-01
1.923613900000000000e+07 1.111446717824480235e+00 -7.372233247052062399e-01 1.453770835095699709e+00 4.301675572719903390e-02 2.857400489786482423e-02 -1.694502444488610315e-01 -9.683883949012604964e-01
1.928610300000000000e+07 1.120784290156393137e+00 -7.424915268468734730e-01 1.464808172877111847e+00 4.725817562927604049e-02 2.586765389860823730e-02 -1.736380914521523100e-01 -9.678052635308135310e-01
1.933606700000000000e+07 1.137286997122986199e+00 -7.459756679432550941e-01 1.475433104091672831e+00 5.087007803185999988e-02 2.274444505887565290e-02 -1.780108428526169795e-01 -9.672444603317087441e-01
1.938603100000000000e+07 1.151211532028821205e+00 -7.481401692287248384e-01 1.484150425930987671e+00 5.383736231332555966e-02 1.932369988224079058e-02 -1.831807003049305549e-01 -9.666798655001658247e-01
1.943599500000000000e+07 1.173101595504268069e+00 -7.465421613074700868e-01 1.490079910701039179e+00 5.643807462069786590e-02 1.541421097048520546e-02 -1.882037075566702911e-01 -9.661048489898680369e-01
1.948595900000000000e+07 1.190698585515087782e+00 -7.438434414305900022e-01 1.494928569445111322e+00 5.804288106040361717e-02 1.138956620479156766e-02 -1.938901925271731830e-01 -9.655780454606772700e-01
1.953592300000000000e+07 1.213777314622046077e+00 -7.393430040362446443e-01 1.498156430167292275e+00 5.926616568321912276e-02 7.775737508364289480e-03 -1.994705834077953321e-01 -9.650777456945682786e-01
1.958588700000000000e+07 1.230363301924655373e+00 -7.350235443569431704e-01 1.500689296010626617e+00 5.972226959556614645e-02 4.415065466408412895e-03 -2.060702909110134484e-01 -9.645918604426706455e-01
1.963585100000000000e+07 1.252156977278700012e+00 -7.305813430475367465e-01 1.503632600001393760e+00 5.951378829001579412e-02 1.329538029566620753e-03 -2.126267953767170815e-01 -9.641368961341492128e-01
1.968581500000000000e+07 1.269115050742489315e+00 -7.266212276137216097e-01 1.505483633581367053e+00 5.883542151075603355e-02 -1.473113612355159922e-03 -2.196680801762441737e-01 -9.637129981434123804e-01
1.973577900000000000e+07 1.292004317221783660e+00 -7.218669862942280746e-01 1.506299345483458341e+00 5.789777115298211374e-02 -3.748477746378621293e-03 -2.259845580243989571e-01 -9.633699464941452018e-01
1.978574300000000000e+07 1.309414707576280978e+00 -7.181623136461628976e-01 1.506171804815114257e+00 5.664903715274414303e-02 -5.242810112718107943e-03 -2.320765948668350176e-01 -9.631399168297588576e-01
1.983570700000000000e+07 1.330621575339831608e+00 -7.140379908502806350e-01 1.507148553970600435e+00 5.479895484803212063e-02 -5.999517803868457261e-03 -2.373381276506562332e-01 -9.630639637724041080e-01
1.988567100000000000e+07 1.345279131729018252e+00 -7.090820485122844019e-01 1.507173462457377600e+00 5.256815240881305279e-02 -5.927563953973567085e-03 -2.430101350136066873e-01 -9.631201643209464924e-01
1.993563500000000000e+07 1.363783430753373827e+00 -7.022466769396774611e-01 1.507202001443408435e+00 4.972046911577582273e-02 -5.224009672949947447e-03 -2.486577056000821850e-01 -9.632758590875870608e-01
1.998559900000000000e+07 1.376645463689554205e+00 -6.965457258571955412e-01 1.506277923546240016e+00 4.644233857509360436e-02 -3.799451773632946464e-03 -2.549988084368322583e-01 -9.635014406132753617e-01
2.003556300000000000e+07 1.394592157171119728e+00 -6.923101205116330981e-01 1.506817046690942741e+00 4.265912124773448000e-02 -2.155902231612931864e-03 -2.609143959371146293e-01 -9.637746612986026751e-01
2.008552700000000000e+07 1.407291744781114184e+00 -6.879703914916932561e-01 1.505187052204505216e+00 3.892667999510750904e-02 -2.603881737291773805e-04 -2.670350610502401634e-01 -9.640896838275050396e-01
2.013549100000000000e+07 1.423802752617794543e+00 -6.838779393276417373e-01 1.503515982532444673e+00 3.524605165783672306e-02 1.729035097144285098e-03 -2.725663025279908003e-01 -9.644305671800087465e-01
2.018545500000000000e+07 1.434432413473662349e+00 -6.797546820046292959e-01 1.500143137372432545e+00 3.171526279819188859e-02 3.590692371844803575e-03 -2.782591448837054005e-01 -9.647566084236813833e-01
2.023541900000000000e+07 1.449175664413421938e+00 -6.767169881047465640e-01 1.496943095651940281e+00 2.833142507467910007e-02 5.288896001911826128e-03 -2.830819862378274321e-01 -9.650736252127538606e-01
2.028538300000000000e+07 1.458047209386132526e+00 -6.738507952042677163e-01 1.491824307213331258e+00 2.518680555237758772e-02 6.824469778701571648e-03 -2.876080169188870994e-01 -9.653686318090822782e-01
2.033534700000000000e+07 1.470819079770494753e+00 -6.719738230520237998e-01 1.487414626638663862e+00 2.213389544998309311e-02 8.107595136873483460e-03 -2.912164337981564266e-01 -9.656503452147954247e-01
2.038531100000000000e+07 1.477570544460261370e+00 -6.721885551742348142e-01 1.483031291330180634e+00 1.887633847353443681e-02 9.168389156392193345e-03 -2.947186882848125689e-01 -9.659406620435320168e-01
2.043527500000000000e+07 1.488489721758558204e+00 -6.732323586516852920e-01 1.478595665600470177e+00 1.567569500580047459e-02 9.973776069845096889e-03 -2.974934957355396814e-01 -9.662208967491265899e-01
2.048523900000000000e+07 1.492460645990314472e+00 -6.736456660185325962e-01 1.471564808309096417e+00 1.257884149209625643e-02 1.029842679910511309e-02 -3.003194064698185839e-01 -9.664746290460753952e-01
2.053520300000000000e+07 1.500788451237837551e+00 -6.734586994758227085e-01 1.464469852209483891e+00 9.453035331888671317e-03 1.013418840674153686e-02 -3.020741061171035580e-01 -9.667260540603006547e-01
2.058516700000000000e+07 1.501852706335993215e+00 -6.743921590936252652e-01 1.455378699910941487e+00 6.451767462788216348e-03 9.580836124779399179e-03 -3.034877112116733944e-01 -9.669505486461871246e-01
2.063513100000000000e+07 1.506604150968903655e+00 -6.745648065853800945e-01 1.446373431435167278e+00 3.439550162882473554e-03 8.929725944609575791e-03 -3.038023630183348534e-01 -9.671813448853907591e-01
2.068509500000000000e+07 1.503636726742372032e+00 -6.759265263755560582e-01 1.435759104356511218e+00 4.012744013441221281e-04 8.346599981026808085e-03 -3.038023549546088331e-01 -9.674040306952765844e-01
2.073505900000000000e+07 1.504203971896750147e+00 -6.767904404967250986e-01 1.425559606432843296e+00 -2.813242239577939605e-03 7.590635212694816711e-03 -3.026410846620709583e-01 -9.676493963051290281e-01
2.078502300000000000e+07 1.497714330083577128e+00 -6.770011312972932238e-01 1.413827811518286737e+00 -6.166315687971143933e-03 6.723862088659396385e-03 -3.009394096989547740e-01 -9.678911892781525417e-01
2.083498700000000000e+07 1.494648232159770052e+00 -6.754458720803527827e-01 1.401764264164929941e+00 -9.742189434216444108e-03 5.707618585554537390e-03 -2.978458896912428155e-01 -9.681690602167687398e-01
2.088495100000000000e+07 1.486829011096731934e+00 -6.753868080625314851e-01 1.390424120739318425e+00 -1.389535525734100080e-02 4.644672158384554467e-03 -2.934102047634435939e-01 -9.685622676640437412e-01
2.093491500000000000e+07 1.483141763754963760e+00 -6.746673452942426596e-01 1.380003039876960935e+00 -1.817417302690940706e-02 3.837186252094935881e-03 -2.875175043157138233e-01 -9.690094925646799418e-01
2.098487900000000000e+07 1.470669591363192197e+00 -6.739041525866718008e-01 1.369549101471948305e+00 -2.260523212750325042e-02 3.780358320309544235e-03 -2.815031796590827806e-01 -9.694792171028108196e-01
2.103484300000000000e+07 1.460366770607309128e+00 -6.710232645007057073e-01 1.359581416110713814e+00 -2.692025143602328613e-02 3.257325963389410932e-03 -2.748908906077338066e-01 -9.699236537493167720e-01
2.108480700000000000e+07 1.441880106836108455e+00 -6.676661847165787922e-01 1.349337337299871820e+00 -3.101590238069858174e-02 2.756687318544273277e-03 -2.684035592808921011e-01 -9.703278102832926244e-01
2.113477100000000000e+07 1.427084497803243091e+00 -6.630736954989537857e-01 1.340035215382495037e+00 -3.465154287339865941e-02 2.150731100015602047e-03 -2.610658188971141658e-01 -9.706992263542195687e-01
2.118473500000000000e+07 1.404325446723285520e+00 -6.588866046307000346e-01 1.330712117432896635e+00 -3.775644138465771710e-02 1.888591753104858217e-03 -2.538709120091876548e-01 -9.710432691230967972e-01
2.123469900000000000e+07 1.385034706166728746e+00 -6.540389223580221900e-01 1.323252132401523173e+00 -4.058658653456493487e-02 1.746803387150306719e-03 -2.461415479176184973e-01 -9.713927302336011760e-01
2.128466300000000000e+07 1.359397649863594237e+00 -6.493319293264953052e-01 1.316590583232055911e+00 -4.313260916431209402e-02 1.858193275189212734e-03 -2.389448018749359970e-01 -9.717392576638634871e-01
2.133462700000000000e+07 1.337683149347685507e+00 -6.439620707362162522e-01 1.312165505912618491e+00 -4.535159352010501715e-02 2.045105041780359307e-03 -2.317498701243657921e-01 -9.720886866014161187e-01
2.138459100000000000e+07 1.309746757859520772e+00 -6.401856759364452643e-01 1.308078448809556260e+00 -4.654949424254131024e-02 2.606525580439876880e-03 -2.252456849900749680e-01 -9.724041827117538839e-01
2.143455500000000000e+07 1.287402631747053494e+00 -6.370548445241693836e-01 1.306532954837844152e+00 -4.683673235618949354e-02 3.307703954495148230e-03 -2.183899113764207200e-01 -9.726689172348936818e-01
2.148451900000000000e+07 1.260938831484470057e+00 -6.351987825382211517e-01 1.305895497182318010e+00 -4.608821919777564974e-02 4.104525586332275627e-03 -2.120088172397705251e-01 -9.728566307643666811e-01
2.153448300000000000e+07 1.240986239620841092e+00 -6.322340951076177440e-01 1.306705732109549434e+00 -4.450251459910552210e-02 4.780586827691049243e-03 -2.055388833689615613e-01 -9.729563984168968505e-01
2.158444700000000000e+07 1.216836379225424647e+00 -6.290575880489326366e-01 1.307231212546796195e+00 -4.168519757890855326e-02 5.174134096114929755e-03 -1.995298697616059158e-01 -9.729322910117634837e-01
2.163441100000000000e+07 1.193783072810946422e+00 -6.261880897621471265e-01 1.308718925576676684e+00 -3.835098050137808467e-02 5.569727526936609809e-03 -1.938600271805795139e-01 -9.728564294856809624e-01
2.168437500000000000e+07 1.172180963376395990e+00 -6.236817322076186887e-01 1.311183892446122989e+00 -3.456217252121253358e-02 5.966033183751658781e-03 -1.885784891206685465e-01 -9.727311618030133333e-01
2.173433900000000000e+07 1.152384693920734726e+00 -6.215946473456903654e-01 1.314641134402036782e+00 -3.038108279310939089e-02 6.361717130155531558e-03 -1.837343890766543197e-01 -9.725588359281018835e-01
2.178430300000000000e+07 1.134748907442924004e+00 -6.199829671367050876e-01 1.319105672691319509e+00 -2.587002047176598443e-02 6.755445429743683894e-03 -1.793768605433182228e-01 -9.723417998252880112e-01
2.183426700000000000e+07 1.119628246941925198e+00 -6.189028235410055645e-01 1.324592528560872839e+00 -2.109129471187972185e-02 7.145884146111572410e-03 -1.755550370154415896e-01 -9.720824014589130035e-01
2.188423100000000000e+07 1.107377355416698572e+00 -6.184103485189349492e-01 1.331116723257598444e+00 -1.610721466814810446e-02 7.531699342854652861e-03 -1.723180519878057815e-01 -9.717829887933181476e-01
2.193419500000000000e+07 1.098350875866205945e+00 -6.185616740308359507e-01 1.338693278028397771e+00 -1.098008949526844968e-02 7.911557083568380999e-03 -1.697150389551921601e-01 -9.714459097928447306e-01
2.198415900000000000e+07 1.092903451289408245e+00 -6.194129320370516112e-01 1.347337214120172266e+00 -5.772228347938185983e-03 8.284123431848212579e-03 -1.677951314123820592e-01 -9.710735124218341507e-01
2.203412300000000000e+07 1.091389724685266849e+00 -6.210202544979247508e-01 1.357063552779823823e+00 -5.459403808546793579e-04 8.648064451289605090e-03 -1.666074628541568126e-01 -9.706681446446276951e-01
2.208408700000000000e+07 1.094164339052742685e+00 -6.234397733737983005e-01 1.367887315254253888e+00 4.636465251284624389e-03 9.002046205488015151e-03 -1.662011667752978095e-01 -9.702321544255666508e-01
2.213405100000000000e+07 1.101581937390796906e+00 -6.267276206250153026e-01 1.379823522790363910e+00 9.712679393782319356e-03 9.344734758038894182e-03 -1.666253766705863837e-01 -9.697678897289923050e-01
2.218401500000000000e+07 1.113997162698390886e+00 -6.309399282119184660e-01 1.392887196635055558e+00 1.462039289194099964e-02 9.674796172537704006e-03 -1.679292260348038690e-01 -9.692776985192459449e-01
2.223397900000000000e+07 1.131764657974485555e+00 -6.361328280948508329e-01 1.407093358035230501e+00 1.929729659106330791e-02 9.990896512579896041e-03 -1.701618483627316825e-01 -9.687639287606689686e-01
2.228394300000000000e+07 1.155239066218042066e+00 -6.423624522341552234e-01 1.422457028237790189e+00 2.368108133645174460e-02 1.029170184176092864e-02 -1.733723771491511578e-01 -9.682289284176027744e-01
