#timestamp tx ty tz qx qy qz  qw
3.174949683000000194e+06 1.360052947135115486e+00 -5.152157439667580663e-01 1.313407185109340070e+00 7.670968054569628214e-02 -1.883127365427538988e-02 -2.272254555573555157e-01 3.021785231709156819e-02
3.224967881999999750e+06 1.386933701510197903e+00 -5.276194474977414783e-01 1.308323997885157075e+00 8.078585972805300830e-02 -1.728556810646668385e-02 -2.293015745261441640e-01 3.021802997043073966e-02
3.275029809999999590e+06 1.406024709419823493e+00 -5.391711428366638970e-01 1.304567467066032105e+00 8.422277841938689835e-02 -1.612242872356690546e-02 -2.310166129188707118e-01 3.021681075770743866e-02
3.325103365499999840e+06 1.417905578625803686e+00 -5.498664194437978825e-01 1.302031117396599935e+00 8.705582433879052728e-02 -1.531730069726813803e-02 -2.323933377173365011e-01 3.021422806429596361e-02
3.375054898000000510e+06 1.423155916889950134e+00 -5.597008667794163284e-01 1.300608473621496008e+00 8.932038520535642845e-02 -1.484562921926246490e-02 -2.334545159033428463e-01 3.021031527557060600e-02
3.425007210999999661e+06 1.422355331974074488e+00 -5.686700743037919059e-01 1.300193060485355101e+00 9.105184873817714908e-02 -1.468285948124196764e-02 -2.342229144586910894e-01 3.020510577690566426e-02
3.474965848500000313e+06 1.416083431639987955e+00 -5.767696314771970645e-01 1.300678402732812211e+00 9.228560265634523641e-02 -1.480443667489872613e-02 -2.347213003651826280e-01 3.019863295367543332e-02
3.524993210999999661e+06 1.404919823649502408e+00 -5.839951277599046975e-01 1.301958025108502559e+00 9.305703467895323766e-02 -1.518580599192482367e-02 -2.349724406046187486e-01 3.019093019125420468e-02
3.575063910999999847e+06 1.389444115764429277e+00 -5.903421526121873653e-01 1.303925452357060921e+00 9.340153252509372783e-02 -1.580241262401233665e-02 -2.349991021588008488e-01 3.018203087501628024e-02
3.625163795499999542e+06 1.370235915746579769e+00 -5.958062954943178502e-01 1.306474209223122296e+00 9.335448391385922640e-02 -1.662970176285335708e-02 -2.348240520095302430e-01 3.017196839033595146e-02
3.675227157500000205e+06 1.347874831357765979e+00 -6.003831458665688237e-01 1.309497820451321903e+00 9.295127656434226671e-02 -1.764311860013996133e-02 -2.344700571386082733e-01 3.016077612258751331e-02
3.725228173500000034e+06 1.322940470359799114e+00 -6.040682931892128460e-01 1.312889810786294742e+00 9.222729819563543763e-02 -1.881810832756422927e-02 -2.339598845278362815e-01 3.014848745714526421e-02
3.775184074000000022e+06 1.296012440514490605e+00 -6.068573269225228106e-01 1.316543704972675588e+00 9.121793652683127251e-02 -2.013011613681824769e-02 -2.333163011590156377e-01 3.013513577938349564e-02
3.825153861000000034e+06 1.267670349583652323e+00 -6.087458365267711669e-01 1.320353027755099884e+00 8.995857927702230472e-02 -2.155458721959409296e-02 -2.325620740139476561e-01 3.012075447467650602e-02
3.875172771499999799e+06 1.238493805329095698e+00 -6.097294114622306971e-01 1.324211303878202184e+00 8.848461416530109536e-02 -2.306696676758385536e-02 -2.317199700744337065e-01 3.010537692839858684e-02
3.925255572499999776e+06 1.209062415512603073e+00 -6.098036411891595288e-01 1.328012058086586622e+00 8.683142891075808223e-02 -2.464269997247900759e-02 -2.308127563222696632e-01 3.008903652592332181e-02
3.975351246499999892e+06 1.180082529721615980e+00 -6.101536656887999177e-01 1.331278330862767811e+00 8.525334296738065754e-02 -2.593287500133195991e-02 -2.298681988556292299e-01 3.007127367529817408e-02
4.025404753500000574e+06 1.151318704781266300e+00 -6.079641562363924390e-01 1.333307226738849938e+00 8.366893488391925759e-02 -2.738515095547827682e-02 -2.289540253983683993e-01 3.005754492682561826e-02
4.075404645500000566e+06 1.130133042489353867e+00 -6.046091644214706129e-01 1.337054905903415580e+00 8.184585935475466312e-02 -2.989103382747555077e-02 -2.282506822845326577e-01 3.002523875689146887e-02
4.125400090999999549e+06 1.114153594053850727e+00 -6.001747017016663133e-01 1.341095764410275892e+00 8.000300698740019090e-02 -3.278382387984656032e-02 -2.280303123726276637e-01 2.999370663875067233e-02
4.175362435000000056e+06 1.090914101953390780e+00 -5.956645682816551490e-01 1.342245501890299009e+00 7.817508877813668378e-02 -3.475824312031387114e-02 -2.270666093258168206e-01 2.997676418768729228e-02
4.225412853999999352e+06 1.072563473619394969e+00 -5.901283256706670866e-01 1.343687759465718834e+00 7.648898598794384718e-02 -3.689284579658898278e-02 -2.260494919033840533e-01 2.998615085796687771e-02
4.275479233999999240e+06 1.061645391414128392e+00 -5.815510804468063677e-01 1.343766837505357525e+00 7.512727589708102782e-02 -3.899759755962936558e-02 -2.249077117328791842e-01 3.001176031643715617e-02
4.325527968999999575e+06 1.058112491462298799e+00 -5.722083188866952108e-01 1.343743252833671464e+00 7.388502931617016434e-02 -4.101628220687133369e-02 -2.243332524303569275e-01 3.005365894656133671e-02
4.375540632999999449e+06 1.049353495258838809e+00 -5.646187781723512877e-01 1.340159625797849197e+00 7.227114027235410909e-02 -4.135401229583687832e-02 -2.238931856947097565e-01 3.006926189109937128e-02
4.425547802500001155e+06 1.045937190126170480e+00 -5.574402320647684483e-01 1.335061422549256971e+00 7.026373176244180008e-02 -4.095226329089016876e-02 -2.238573701325370924e-01 3.006582339145773275e-02
4.475501549999999814e+06 1.051042275474428411e+00 -5.478728471671795441e-01 1.329841640297060756e+00 6.827826412103928100e-02 -4.006059159381483714e-02 -2.246144468796501259e-01 3.002451569743197837e-02
4.525489192000000738e+06 1.066554203419333380e+00 -5.360652454322361038e-01 1.323295768905369929e+00 6.639269224118490853e-02 -3.884272238500445507e-02 -2.258293090403867276e-01 2.998894892941545223e-02
4.575492523500001058e+06 1.078035274869927562e+00 -5.244493918401099686e-01 1.316314960579521909e+00 6.438261116284398067e-02 -3.601541481481443374e-02 -2.269966414784825581e-01 2.993096524435344408e-02
4.625510941999999806e+06 1.094080574638446324e+00 -5.132749126940170381e-01 1.309019684336681921e+00 6.239891781724787867e-02 -3.241207664763981477e-02 -2.285186107906312658e-01 2.986876150166110910e-02
4.675525400500000454e+06 1.104340124212664032e+00 -5.040330309136216158e-01 1.300790745532434789e+00 6.034306387713628261e-02 -2.728246641690653534e-02 -2.297008805407718401e-01 2.976769603787523741e-02
4.725510485499999486e+06 1.121274133818108476e+00 -4.949716234139436288e-01 1.291250324010905226e+00 5.830722506129882438e-02 -2.182068449870562185e-02 -2.309034347767601747e-01 2.966414387526001770e-02
4.775464843499999493e+06 1.141827616851241345e+00 -4.839701382618194492e-01 1.282359736882951351e+00 5.672218797095983367e-02 -1.577923248421766664e-02 -2.323586409464213076e-01 2.951611217528474565e-02
4.825403963499999605e+06 1.165104612913178350e+00 -4.721210765088415529e-01 1.274150552045395735e+00 5.551023532536113192e-02 -9.135654427212036577e-03 -2.340649530141052648e-01 2.937470466000986768e-02
4.875314600499999709e+06 1.189957075446701928e+00 -4.611033787811131823e-01 1.265023445765730559e+00 5.446222893129458453e-02 -2.353280942090154714e-03 -2.359003815397010262e-01 2.919517547475706035e-02
4.925176435500000603e+06 1.216053964020533451e+00 -4.520870430687774499e-01 1.253887037957293060e+00 5.339392675121806819e-02 4.546021836050489172e-03 -2.373403674819498654e-01 2.902339696641258876e-02
4.975017326500000432e+06 1.242922115197201416e+00 -4.441775620674976999e-01 1.242982945825668040e+00 5.225070139235642175e-02 1.135565062703786619e-02 -2.384072260252115272e-01 2.880814055809285609e-02
5.024880243999999948e+06 1.271077274364493359e+00 -4.383897554990321410e-01 1.229409950063430346e+00 5.086724695369711224e-02 1.831679172526017724e-02 -2.391849467147194042e-01 2.859080528853794739e-02
5.074878733500000089e+06 1.298260818424225915e+00 -4.342588536858549841e-01 1.218396800475078257e+00 4.930282295375675028e-02 2.530158317717505490e-02 -2.399010068085550562e-01 2.834047897885793102e-02
5.124946758000000380e+06 1.325146751277753721e+00 -4.314760514262413471e-01 1.207932738070677470e+00 4.754555019131389421e-02 3.240118726931382614e-02 -2.402724582807520270e-01 2.810157489074812873e-02
5.174996725500000641e+06 1.351313377305470187e+00 -4.310893631860754360e-01 1.199296005390614761e+00 4.559639321933195433e-02 3.927511196749400302e-02 -2.401572037313704500e-01 2.783312565148827328e-02
5.224935994499999098e+06 1.377033615541026768e+00 -4.324942889370704813e-01 1.190209484791846295e+00 4.387107460944687093e-02 4.567541414408481798e-02 -2.396861015343976220e-01 2.758897920984833274e-02
5.274845009499999695e+06 1.399747519788864913e+00 -4.363763686272181808e-01 1.182522688706544756e+00 4.234235676250237834e-02 5.156634895514567579e-02 -2.394132052434979618e-01 2.733653124106543222e-02
5.324713870000000112e+06 1.420026032975019392e+00 -4.419961177968240729e-01 1.174996590255570572e+00 4.119048918266484532e-02 5.674623955722261914e-02 -2.387778710050661723e-01 2.712146386581805110e-02
5.374686783999999985e+06 1.437072358005649475e+00 -4.508555353873788807e-01 1.168361806535151981e+00 4.022249971203772922e-02 6.100361358823252339e-02 -2.384239174218127366e-01 2.692178280683897931e-02
5.424707058500000276e+06 1.452610384991050774e+00 -4.623762638254911850e-01 1.161051136383113969e+00 3.941337980875394414e-02 6.427347336870405103e-02 -2.374779371982651821e-01 2.676495840465004453e-02
5.474720003000000492e+06 1.464728673388813629e+00 -4.771334784345516167e-01 1.154537774240874004e+00 3.881646218486171918e-02 6.677117431981428874e-02 -2.369907361667015488e-01 2.660462135960791480e-02
5.524674461000000127e+06 1.473193697557210191e+00 -4.930699055958200350e-01 1.148268635026784779e+00 3.856266503831284193e-02 6.859540652788369275e-02 -2.363286937050249892e-01 2.646318320978890276e-02
5.574583694999999367e+06 1.479018539689833212e+00 -5.111493036793978151e-01 1.142097986401199305e+00 3.861650315231172220e-02 6.957133599962068982e-02 -2.358063231557945838e-01 2.633468318171727079e-02
5.624526324000000022e+06 1.485261819577716524e+00 -5.279512314944688756e-01 1.137156887166423491e+00 3.960888238173596726e-02 6.971080142554167414e-02 -2.355267551413502414e-01 2.628831456662308885e-02
5.674558708499999717e+06 1.484716867930394590e+00 -5.457659016552458553e-01 1.132090200836785243e+00 4.091413476119459824e-02 6.946619542477004694e-02 -2.349324950630169440e-01 2.630442514385803593e-02
5.724643754999999888e+06 1.487439821263621065e+00 -5.647898315197944497e-01 1.129242859693504464e+00 4.220339960738885704e-02 6.831020575837196129e-02 -2.345310332116337659e-01 2.638006672112948661e-02
5.774738735499999486e+06 1.482367295582304179e+00 -5.831355163749134540e-01 1.125968316461631868e+00 4.356671803546198485e-02 6.768818086166399073e-02 -2.339221825581122016e-01 2.647319751483995232e-02
5.824800303999999538e+06 1.480288477308874917e+00 -6.030599307660798880e-01 1.123974410780570254e+00 4.474787375316657129e-02 6.641884611351936418e-02 -2.343770712762763553e-01 2.658640788529624543e-02
5.874805389999999665e+06 1.471328777658253317e+00 -6.230619695277317405e-01 1.121312406701274300e+00 4.569120164214544866e-02 6.555551750998393767e-02 -2.351732809930669743e-01 2.668399482515192850e-02
5.924794194500000216e+06 1.466085537502995084e+00 -6.408740429319604859e-01 1.122536415351819139e+00 4.690017121257905597e-02 6.377007403615571335e-02 -2.361911014401426867e-01 2.683152600012927297e-02
5.974810899000000209e+06 1.454863459034778428e+00 -6.561569194735304977e-01 1.124353425319246202e+00 4.828867816857877054e-02 6.195080385719735350e-02 -2.370549247400999815e-01 2.699972265333754409e-02
6.024845247000000440e+06 1.448962741797471754e+00 -6.704524552707067375e-01 1.126459370639944169e+00 4.958993566419227922e-02 5.912436165665576476e-02 -2.380600078501442785e-01 2.720252995819839523e-02
6.074881381000000052e+06 1.436099048661024780e+00 -6.846540686865743019e-01 1.128295327220065758e+00 5.071285821557009604e-02 5.655933674929052024e-02 -2.392100737605515060e-01 2.738191688966548978e-02
6.124912432000000030e+06 1.427346383032344512e+00 -6.977352990939300614e-01 1.130969126804248770e+00 5.186430887421608626e-02 5.333999543863172932e-02 -2.406981129338749970e-01 2.758084727245118523e-02
6.174932254999999888e+06 1.411471044564009736e+00 -7.087872588349437564e-01 1.132700541141824946e+00 5.306630632473488540e-02 5.057031937117362902e-02 -2.424173178104107873e-01 2.775811233701031347e-02
6.224948427999999374e+06 1.401343539065867727e+00 -7.173890691250942586e-01 1.135691685316166266e+00 5.422782612525019197e-02 4.685538440195051446e-02 -2.442964831779134427e-01 2.796298668720818142e-02
6.274964882000000216e+06 1.384726856185739097e+00 -7.254232471414736594e-01 1.138368312040125563e+00 5.495437358732617461e-02 4.337244533885498132e-02 -2.461930125817733683e-01 2.813975313849933005e-02
6.324987550499999896e+06 1.373429896171180165e+00 -7.321663622485393708e-01 1.142123385030214378e+00 5.529662533646424738e-02 3.906032136725402781e-02 -2.481330925986057478e-01 2.832610843325276268e-02
6.375017960999999195e+06 1.355712390510639631e+00 -7.388206461343419518e-01 1.145725619315606902e+00 5.519491000406160502e-02 3.505611622226371266e-02 -2.500671370132321325e-01 2.847846130261377784e-02
6.425067928499999456e+06 1.343975138293184379e+00 -7.446542019219397623e-01 1.149458075700803050e+00 5.485684544075807717e-02 3.054080651768575558e-02 -2.516779154018816134e-01 2.863676606176840389e-02
6.475138137499999255e+06 1.326826234890406075e+00 -7.502838815305017395e-01 1.153342992214339890e+00 5.427141671698503672e-02 2.649985292098490028e-02 -2.530166984091813398e-01 2.876611361171754755e-02
6.525165600999999791e+06 1.315138027587387404e+00 -7.546287646781635328e-01 1.157032926891462088e+00 5.356406103961749293e-02 2.215246363722866291e-02 -2.540841776912786676e-01 2.889891607652717714e-02
6.575200620000000112e+06 1.298060254366601551e+00 -7.584065962699960695e-01 1.161256247049788026e+00 5.262881155922859849e-02 1.811896889580599107e-02 -2.548056640262345018e-01 2.901308606370408411e-02
6.625236394499999471e+06 1.286471719974538575e+00 -7.603531687053525223e-01 1.166498360531141865e+00 5.169008590339795040e-02 1.371027450365834739e-02 -2.551976470883178805e-01 2.913261889658986387e-02
6.675270011500000022e+06 1.269864315954508660e+00 -7.616334563888413900e-01 1.172056226128526335e+00 5.073352448114534785e-02 9.689012586638333716e-03 -2.551160130490744415e-01 2.923553051125481889e-02
6.725319167500000447e+06 1.257692919067552761e+00 -7.610295550262591302e-01 1.177160475961456010e+00 5.008405237503911478e-02 5.296981806808415301e-03 -2.551948448716531148e-01 2.935206299966150803e-02
6.775370490499999374e+06 1.239794264971155968e+00 -7.600690052080480985e-01 1.182049832899875419e+00 4.925773453502289845e-02 1.211677541401982687e-03 -2.549064233202550378e-01 2.943738246644057865e-02
6.825392207000000402e+06 1.227976259750113597e+00 -7.578069328806356086e-01 1.187120236338206514e+00 4.831124008480035259e-02 -3.521065514138806054e-03 -2.540921560041652372e-01 2.950354353131846505e-02
6.875413104500000365e+06 1.212205231013890439e+00 -7.552600204995492117e-01 1.191896614896619688e+00 4.711949482094598962e-02 -8.053273408328811417e-03 -2.526044880977011964e-01 2.952619223281898603e-02
6.925364241999999620e+06 1.202344658950138534e+00 -7.504519299457143022e-01 1.197123918187930514e+00 4.613037590197321958e-02 -1.273775130018089605e-02 -2.508518775362739706e-01 2.952271410101216936e-02
6.975345445500000380e+06 1.187126857483922215e+00 -7.441046063130458688e-01 1.202915196511927576e+00 4.524774598097244804e-02 -1.649398276938347438e-02 -2.489131910891373145e-01 2.948076759380475337e-02
7.025351264000000432e+06 1.177043484485062352e+00 -7.345480046369058380e-01 1.209389931636114524e+00 4.495072823530563838e-02 -2.020672292975627185e-02 -2.475403792588286855e-01 2.943698208449731929e-02
7.075399780000000261e+06 1.163137261485761575e+00 -7.242472125936286753e-01 1.215457057381791550e+00 4.479514662422540150e-02 -2.345494293204289371e-02 -2.459320040587510969e-01 2.940759907448025831e-02
7.125450939499999397e+06 1.154668221028784414e+00 -7.119381096273074139e-01 1.224216053207407562e+00 4.487662710171058666e-02 -2.715401375747172191e-02 -2.445651501204535172e-01 2.939503141837452108e-02
7.175481630499999039e+06 1.142485531393141018e+00 -6.998997042039007965e-01 1.231484774656249837e+00 4.467769543449863490e-02 -3.028487360185249180e-02 -2.429103117638399811e-01 2.937645399830365878e-02
7.225473391999999993e+06 1.136430348917669919e+00 -6.858987163490235517e-01 1.239587382175979302e+00 4.479067160297017097e-02 -3.330561903807034013e-02 -2.412278207973579947e-01 2.936546703247577481e-02
7.275476441999999806e+06 1.126875109557962107e+00 -6.712688881074576619e-01 1.247194642060108105e+00 4.494020566354200302e-02 -3.551988576321034319e-02 -2.393791464401029412e-01 2.935205225729042855e-02
7.325520716499999166e+06 1.123508904038294842e+00 -6.574352928919861005e-01 1.254781579035147310e+00 4.506637240342362821e-02 -3.774076890600464029e-02 -2.383775942589380081e-01 2.933687342853530042e-02
7.375576749999999069e+06 1.115960510191793098e+00 -6.432318490179724790e-01 1.261478526160292324e+00 4.526446790299089307e-02 -3.925445992898378422e-02 -2.374876164005235990e-01 2.932955440913855016e-02
7.425639791999999434e+06 1.114961575948965278e+00 -6.275224378992145802e-01 1.268584756683728720e+00 4.602100373847594489e-02 -4.104756679136921382e-02 -2.371111650287631156e-01 2.935873096287974771e-02
7.475706391500000842e+06 1.109274564940326835e+00 -6.122429855160769208e-01 1.271740576476795281e+00 4.681130574243377862e-02 -4.204942763187936861e-02 -2.370868384595784528e-01 2.940496857016723295e-02
7.525740239500000142e+06 1.110344160297151994e+00 -5.959066880890974138e-01 1.274479345991783141e+00 4.804491750829542607e-02 -4.315881996956238975e-02 -2.382293138155837653e-01 2.951173132573488289e-02
7.575723369500000030e+06 1.106688586653192807e+00 -5.794469045306459565e-01 1.274110651311393339e+00 4.890514266504795982e-02 -4.307540820877740761e-02 -2.398691583246058689e-01 2.961774526855650083e-02
7.625661647499999963e+06 1.109856185872100998e+00 -5.612464038465342364e-01 1.276774888716786682e+00 4.915070298191792642e-02 -4.330992673504133889e-02 -2.415761202183338008e-01 2.967758866143766286e-02
7.675593763000000268e+06 1.110896465386066012e+00 -5.443372500533992797e-01 1.279588200999519199e+00 4.797398318916211435e-02 -4.338584345180112462e-02 -2.428351819591419991e-01 2.961836557311954207e-02
7.725527865500000305e+06 1.118839759532219480e+00 -5.301673052862049262e-01 1.281498861413277623e+00 4.492486924459435788e-02 -4.343923131054014397e-02 -2.437056926385131050e-01 2.939255574838942411e-02
7.775495525499999523e+06 1.122375355918122652e+00 -5.177679381507724887e-01 1.280758159009167230e+00 4.090132380814007207e-02 -4.255811478727593994e-02 -2.445295177860625224e-01 2.910912706474585998e-02
7.825497943499999121e+06 1.131667633827146746e+00 -5.047191784457635277e-01 1.281410978129232436e+00 3.668231298749751595e-02 -4.162941638829353169e-02 -2.455762828320277591e-01 2.882962149599520643e-02
7.875530038499999791e+06 1.136388025464530882e+00 -4.929207197887520153e-01 1.280354716906938028e+00 3.220177479529672676e-02 -3.951743977747187303e-02 -2.466795661169552401e-01 2.853021413897187039e-02
7.925549409500000067e+06 1.148486036809731825e+00 -4.808979818428606445e-01 1.278208127597352473e+00 2.766184382028734345e-02 -3.726738550473918110e-02 -2.476131759642389296e-01 2.823398151270900200e-02
7.975523226999999955e+06 1.157147618789667209e+00 -4.698426802042915407e-01 1.274749879799547791e+00 2.287511000603963118e-02 -3.415809964694316303e-02 -2.481501992462313844e-01 2.791936300629880088e-02
8.025521224500000477e+06 1.172884761726886271e+00 -4.589265712373104544e-01 1.271731895460485040e+00 1.796721782638002057e-02 -3.123937930329144519e-02 -2.482830559216854249e-01 2.760498948476564074e-02
8.075620486999999732e+06 1.184890283705233305e+00 -4.515181516235422521e-01 1.267156320132800218e+00 1.222982780304127798e-02 -2.744377532109297524e-02 -2.478386849727684527e-01 2.718946915538497655e-02
8.125846577999999747e+06 1.203862039114129034e+00 -4.442754344077650130e-01 1.264356626209270251e+00 6.677598124689943133e-03 -2.410575212123455824e-02 -2.471698868162304219e-01 2.679902404290398360e-02
8.176131359000000171e+06 1.219523083320685597e+00 -4.394078799929352908e-01 1.260208641381764583e+00 9.963483977638862635e-04 -2.046403501171242811e-02 -2.459421988232799450e-01 2.639401226610808143e-02
8.226373270999999717e+06 1.241739398822179208e+00 -4.354463200424827374e-01 1.256991963754958475e+00 -4.526929708427975853e-03 -1.732064774807669238e-02 -2.445560572378372988e-01 2.599660450149694421e-02
8.276521686500000767e+06 1.260317651670006978e+00 -4.337008953330543370e-01 1.253721821343734888e+00 -1.003863643184040380e-02 -1.388886155938857773e-02 -2.428305248374834913e-01 2.557938472177919559e-02
8.326519192999999970e+06 1.284591179171508113e+00 -4.319585527882704445e-01 1.253211096365695720e+00 -1.509420616178320379e-02 -1.081936924935358521e-02 -2.410682582501686433e-01 2.518477509872220702e-02
8.376367864500001073e+06 1.303681608557414773e+00 -4.316451275215733019e-01 1.252766808923262420e+00 -1.983831265376553854e-02 -7.221336526083643736e-03 -2.391005454611483672e-01 2.479827137917842844e-02
8.426194089000001550e+06 1.328062900352934506e+00 -4.323918146010158337e-01 1.253903937272485836e+00 -2.406722958997339207e-02 -3.659648473030598786e-03 -2.373490463455575350e-01 2.444507007106397692e-02
8.476050550999999046e+06 1.347495463092466927e+00 -4.354827694983199327e-01 1.254893329287681381e+00 -2.797649050076735089e-02 6.310350778589733428e-04 -2.353681947461821189e-01 2.409654146973239097e-02
8.525989649499999359e+06 1.373109052733040958e+00 -4.402822194596336391e-01 1.256015733596650641e+00 -3.123888896587720398e-02 4.723864485881582725e-03 -2.336175636979814230e-01 2.377051130361311146e-02
8.575949260500000790e+06 1.394385041405034498e+00 -4.481849498955888800e-01 1.255606806497219674e+00 -3.409670319378771408e-02 9.242779685449124122e-03 -2.315088491095289303e-01 2.345751998494612772e-02
8.625837792999999598e+06 1.421897975936763370e+00 -4.585490600276953543e-01 1.254374887646032111e+00 -3.639648439759426979e-02 1.327268648303120413e-02 -2.295912342486373936e-01 2.317076935111487754e-02
8.675651144500000402e+06 1.444144308295962187e+00 -4.703918675443202746e-01 1.252813055890537264e+00 -3.813683182265271976e-02 1.763888259850488263e-02 -2.273056523058812894e-01 2.291578573886269773e-02
8.725463114500001073e+06 1.471397741019657701e+00 -4.838964909039235596e-01 1.252517499123993350e+00 -3.938358939894919669e-02 2.164218918819194731e-02 -2.251232356222842568e-01 2.268039621452120139e-02
8.775324637000001967e+06 1.492574422638019538e+00 -4.994886193755866399e-01 1.250949485182102805e+00 -4.018571403843972101e-02 2.586218335356445241e-02 -2.230417543116383072e-01 2.248352275085557794e-02
8.825258003000000492e+06 1.516380279417436361e+00 -5.152939963710726490e-01 1.250233575176110223e+00 -4.001459694769109177e-02 2.965632052949188080e-02 -2.218247081743253413e-01 2.235883780621970851e-02
8.875214153500000015e+06 1.533026852863683898e+00 -5.316138945972229690e-01 1.247995920173535334e+00 -3.907615315304267117e-02 3.339172851360236449e-02 -2.207752294018830996e-01 2.230213477792956922e-02
8.925141975500000641e+06 1.552107891487294777e+00 -5.470042578519402898e-01 1.247129676495409178e+00 -3.725422310580145391e-02 3.642414459833619167e-02 -2.205515984587564648e-01 2.232702345471561031e-02
8.975048402500001714e+06 1.562558307429630977e+00 -5.637314523523423437e-01 1.245327984770235874e+00 -3.546520875507391118e-02 3.945103458436850785e-02 -2.208636946091458997e-01 2.237754012572873430e-02
9.024951390000000596e+06 1.575226294670480032e+00 -5.810195979147788625e-01 1.245623847638814841e+00 -3.386451418474232394e-02 4.166140438166682225e-02 -2.217754621344093791e-01 2.243878715462762491e-02
9.074878869999999180e+06 1.580652251744677494e+00 -6.022099666602205303e-01 1.244772658034121404e+00 -3.372128280486395846e-02 4.348027964288294495e-02 -2.222632363993864713e-01 2.238812836837174303e-02
9.124861780500000343e+06 1.589522334990542074e+00 -6.245262156465305470e-01 1.247787865920860106e+00 -3.459003701296041455e-02 4.389704661586112111e-02 -2.224912494778415462e-01 2.224926058279067670e-02
9.174861150499999523e+06 1.591085191761001161e+00 -6.507051537042852773e-01 1.247602612483719620e+00 -3.657308604889857040e-02 4.437192293789567893e-02 -2.225955126233631343e-01 2.201996250895386226e-02
9.224863921000000089e+06 1.594272202959761797e+00 -6.764295732952753104e-01 1.247394039253180820e+00 -3.879389736709631248e-02 4.446095183870977380e-02 -2.226512283716796103e-01 2.181928960990743571e-02
9.274883882999999449e+06 1.589801662129096682e+00 -6.975978287527422328e-01 1.248466171558977766e+00 -3.969916181937044319e-02 4.427992597483586257e-02 -2.228027667167234716e-01 2.179182628513671657e-02
9.324922684000000358e+06 1.587310077555762478e+00 -7.143564566737032884e-01 1.251391402928747620e+00 -3.945871078313896441e-02 4.341304934241906749e-02 -2.235046840586899508e-01 2.188108322143725651e-02
9.374969314000001177e+06 1.576595322993145754e+00 -7.289860217909961415e-01 1.251419587532478728e+00 -3.843971325938468075e-02 4.280030936308548695e-02 -2.243009467672771873e-01 2.203259169926082006e-02
9.424988574500000104e+06 1.569883441357328824e+00 -7.408055896672699481e-01 1.250980168131375247e+00 -3.671052270390792738e-02 4.111751025121772318e-02 -2.252108222805890847e-01 2.226295076524824681e-02
9.475003976000001654e+06 1.555032299295434850e+00 -7.510778058731284457e-01 1.249926816301669685e+00 -3.454719437763215800e-02 3.964470107911942376e-02 -2.260361811444281943e-01 2.253708916071044815e-02
9.525010084000000730e+06 1.543791441839913015e+00 -7.598566518633600442e-01 1.249039395992393109e+00 -3.203598335653429219e-02 3.733890149709082756e-02 -2.272246090810897678e-01 2.285243043140222988e-02
9.575038739500001073e+06 1.524937732741705965e+00 -7.679016717588992291e-01 1.246739074609093390e+00 -2.934959670002524820e-02 3.527764374844385986e-02 -2.285244272951036659e-01 2.318471599867822155e-02
9.625062141000000760e+06 1.510774893799101459e+00 -7.720768116833491845e-01 1.245992123932588624e+00 -2.566490831128992803e-02 3.198837381269625108e-02 -2.301068102226545009e-01 2.364146078103764384e-02
9.675091367499999702e+06 1.490038005522867470e+00 -7.745306242698738464e-01 1.244328066719857517e+00 -2.151965684035466592e-02 2.879567467447407755e-02 -2.315029667905678101e-01 2.412883935849113870e-02
9.725098036000000313e+06 1.473162329277069249e+00 -7.741802057944296989e-01 1.243812181116329407e+00 -1.675694011898771346e-02 2.497504264861336379e-02 -2.333215655953858603e-01 2.465681133523256810e-02
9.775113929000001401e+06 1.449888340292857958e+00 -7.717506418479146424e-01 1.243064153042909847e+00 -1.161875006369190999e-02 2.140756020933988479e-02 -2.352062855000306152e-01 2.520302193912936015e-02
9.825148698000000790e+06 1.430714869893876751e+00 -7.669812950796279782e-01 1.243875475128289221e+00 -6.278789788491109108e-03 1.729355372472735075e-02 -2.373358918071611645e-01 2.576303044398911210e-02
9.875197986000001431e+06 1.406412469384643815e+00 -7.616095578233826879e-01 1.243492825450536188e+00 -1.075811668415501418e-03 1.328635934243417409e-02 -2.391581423837007003e-01 2.630221079650422664e-02
9.925246129000000656e+06 1.387412608258909330e+00 -7.555485167341191577e-01 1.243391779376598283e+00 4.090712240033904899e-03 8.768803669588199484e-03 -2.412818427099924223e-01 2.681978627762023407e-02
9.975283135999999940e+06 1.364234904771571166e+00 -7.496668044061777225e-01 1.241604307685245878e+00 9.047590886870179178e-03 4.387218338433413259e-03 -2.428745733343258828e-01 2.730106588700050019e-02
1.002532934500000067e+07 1.348573917526708854e+00 -7.429347104638622801e-01 1.239922703666031190e+00 1.402608078558993318e-02 -1.019818409997918455e-03 -2.443287276106927974e-01 2.770520771626134790e-02
1.007547130000000075e+07 1.329265946900177742e+00 -7.364030238007723828e-01 1.237138295387225417e+00 1.882015066691181474e-02 -6.576046147429415352e-03 -2.452168451984867992e-01 2.804554207175066066e-02
1.012545000350000151e+07 1.316465281150033251e+00 -7.287535470481314448e-01 1.235783383152748716e+00 2.346515882156587074e-02 -1.307459919047362050e-02 -2.459539566871472571e-01 2.829325631874000241e-02
1.017557802850000001e+07 1.297958168713660099e+00 -7.199995728212507107e-01 1.235631653046113110e+00 2.776207232064727831e-02 -1.932107334280978167e-02 -2.463403011639057061e-01 2.849141271762823530e-02
1.022560946949999966e+07 1.285233864081200661e+00 -7.121563879176103784e-01 1.235451031355144558e+00 3.156852209331827142e-02 -2.628335795517935947e-02 -2.464508675605371069e-01 2.858544611883237496e-02
1.027556381750000082e+07 1.267370825954648117e+00 -7.037083739115096437e-01 1.234376541203617617e+00 3.534164147182884685e-02 -3.342319278286358386e-02 -2.464947680997606194e-01 2.862532522465357360e-02
1.032550820999999903e+07 1.254334527089669971e+00 -6.958604717195401301e-01 1.234679679473927205e+00 3.874842191152445825e-02 -4.133965495445320049e-02 -2.466329678648057078e-01 2.856263773082708124e-02
1.037552030450000055e+07 1.234554573942255651e+00 -6.885067635783074236e-01 1.233978252720399960e+00 4.147116581019332643e-02 -4.871266797579720115e-02 -2.470332252308366505e-01 2.843973428412866281e-02
1.042560679399999976e+07 1.218263881057997988e+00 -6.815400187231925866e-01 1.235964586878226079e+00 4.344698963202053843e-02 -5.606709478001057484e-02 -2.480311962469360643e-01 2.823821760551345483e-02
1.047573657300000079e+07 1.195804002258675114e+00 -6.752742167017096175e-01 1.237726707082313249e+00 4.456928228539071279e-02 -6.268681483475395388e-02 -2.491535827509709922e-01 2.798197524167306965e-02
1.052583607599999942e+07 1.181317630987818612e+00 -6.692390246869862613e-01 1.240531122029012723e+00 4.486606469735929942e-02 -7.020408452019959167e-02 -2.497146744869670476e-01 2.761540665133698294e-02
1.057588066199999861e+07 1.163099231483705864e+00 -6.638140444803772855e-01 1.241356804039933426e+00 4.422684007697273018e-02 -7.718702929877868657e-02 -2.497205854516162671e-01 2.721264348369536318e-02
1.062589788800000027e+07 1.151269786575736864e+00 -6.575797858595407996e-01 1.242697967010050197e+00 4.313723102367251344e-02 -8.368154067845005872e-02 -2.497458985410854759e-01 2.680353875025919333e-02
1.067593515400000103e+07 1.134010966900236506e+00 -6.491793116290298649e-01 1.244175204027873960e+00 4.216716443971500750e-02 -8.823057361915967456e-02 -2.502211472065548614e-01 2.645703344896796830e-02
1.072600107349999994e+07 1.124267486619392908e+00 -6.372008939818124551e-01 1.250391436405499546e+00 4.146129691581596638e-02 -9.291509378941291419e-02 -2.503811436708476279e-01 2.615872866709918407e-02
1.077606847500000149e+07 1.109159480615400373e+00 -6.232242326303341073e-01 1.254273016586041400e+00 4.112796628846263070e-02 -9.617341695999855056e-02 -2.510187783820619356e-01 2.592953701852796292e-02
1.082611516550000012e+07 1.100469779661036984e+00 -6.072492656588852622e-01 1.256597691510329184e+00 4.130831585635836439e-02 -9.887302337269393560e-02 -2.522790771333565107e-01 2.575753402529460181e-02
1.087612120300000161e+07 1.087746377391616726e+00 -5.901021122395772034e-01 1.256375445577285532e+00 4.144167145865716023e-02 -1.002244154404794974e-01 -2.540626099997799758e-01 2.563181865625038802e-02
1.092610552500000037e+07 1.082955533545185700e+00 -5.717320908238393562e-01 1.258184040978652218e+00 4.128873174863693235e-02 -1.012816007530196044e-01 -2.562491002070579893e-01 2.554345531971378633e-02
1.097608787399999984e+07 1.073483132486444669e+00 -5.534647672947643482e-01 1.260624442991423289e+00 4.022907142425179161e-02 -1.008791157254689819e-01 -2.582060655148267214e-01 2.545472588378070583e-02
1.102610881900000013e+07 1.071845655862350588e+00 -5.344190494532328195e-01 1.266674306804482120e+00 3.868868771087435876e-02 -1.005574932641702113e-01 -2.602137240532221285e-01 2.537786359031419733e-02
1.107614404099999927e+07 1.066552648329168074e+00 -5.139356856846861721e-01 1.274363815840898528e+00 3.692577964144985042e-02 -9.933903162000222442e-02 -2.620873955911692810e-01 2.536351496846754247e-02
1.112616196900000051e+07 1.068976648581300815e+00 -4.927819074235998964e-01 1.284269812550323131e+00 3.471031667316546582e-02 -9.780285539305486053e-02 -2.637543145387067911e-01 2.536454172228549964e-02
1.117614901899999939e+07 1.067688401850582336e+00 -4.729780467809849842e-01 1.291603473270968472e+00 3.184526769618131747e-02 -9.459737636489148893e-02 -2.647607189321207199e-01 2.536919334994983469e-02
1.122617915750000067e+07 1.074552905970090233e+00 -4.554331398344939608e-01 1.299100969250380766e+00 2.806908923950969525e-02 -9.098873211813444939e-02 -2.656057515088768861e-01 2.532753797225862843e-02
1.127634086749999970e+07 1.078783418200390365e+00 -4.418042418135606497e-01 1.303376521566384394e+00 2.329935501088670549e-02 -8.598059683458683655e-02 -2.660331736711665229e-01 2.524799955971234952e-02
1.132640900050000101e+07 1.091227379331141556e+00 -4.309315929737029260e-01 1.307958428366832848e+00 1.817508463977166380e-02 -8.080504020698831003e-02 -2.666838768490432665e-01 2.516152761349002218e-02
1.137650769299999997e+07 1.100908290511316112e+00 -4.227715938689792785e-01 1.310620377909426981e+00 1.292518063634441432e-02 -7.478851846238791790e-02 -2.670213442765162482e-01 2.509394591652725284e-02
1.142657081400000118e+07 1.118939007552698595e+00 -4.166883575904634651e-01 1.313385557313411667e+00 7.711142810546049373e-03 -6.903962915973547998e-02 -2.671769742631253108e-01 2.501741539226701866e-02
1.147665252300000004e+07 1.135319696145746127e+00 -4.131097495805237663e-01 1.314874436044439321e+00 2.486216097541252279e-03 -6.318159437283613067e-02 -2.663342274616938843e-01 2.492925478398095099e-02
1.152681700799999945e+07 1.160633991258694042e+00 -4.110789073850796282e-01 1.317462920977870100e+00 -2.714912644827923143e-03 -5.824151481978700334e-02 -2.647062738181150676e-01 2.477633734797720158e-02
1.157705273650000058e+07 1.183516619441081774e+00 -4.125559161613718828e-01 1.318267673416401831e+00 -8.222981269609609678e-03 -5.315824178223610419e-02 -2.622068402679938459e-01 2.459695085464759165e-02
1.162716932250000164e+07 1.212473630606464292e+00 -4.169571318966303619e-01 1.319094620508189708e+00 -1.370875697547938726e-02 -4.826418535879183069e-02 -2.600689492554933979e-01 2.435586392989842405e-02
1.167711122750000097e+07 1.236623746998002371e+00 -4.245008147361069017e-01 1.319056459698642936e+00 -1.925854525402434514e-02 -4.296547818806306651e-02 -2.577019729261532666e-01 2.410440999047636090e-02
1.172691724149999954e+07 1.266457807732602969e+00 -4.347986765242114471e-01 1.318939114156299608e+00 -2.449232707055341851e-02 -3.829983232140103666e-02 -2.555063596077410404e-01 2.379683169107853907e-02
1.177665027199999988e+07 1.291334203670852609e+00 -4.474967799836093163e-01 1.317610410810349020e+00 -2.940301856832199662e-02 -3.377831455118843890e-02 -2.532830369671001391e-01 2.348966542745949820e-02
1.182636618900000118e+07 1.319960334306240490e+00 -4.623479187248144551e-01 1.317050754978203564e+00 -3.394803107783857243e-02 -2.965698416433633702e-02 -2.512845763022700796e-01 2.319234894465178193e-02
1.187610497400000133e+07 1.341450341491830178e+00 -4.791658239864992619e-01 1.314255439984548524e+00 -3.811552224986335807e-02 -2.505891916116746027e-02 -2.494741772439070249e-01 2.294949154327324478e-02
1.192594217650000192e+07 1.366602838396058450e+00 -4.966775200843381310e-01 1.312245683829011300e+00 -4.145384543367131025e-02 -2.093485942289034091e-02 -2.477644426373213360e-01 2.274065363627199299e-02
1.197588144549999945e+07 1.385185698035563018e+00 -5.144071627754955855e-01 1.308372098234049652e+00 -4.392350230200171846e-02 -1.661481262960621402e-02 -2.456711910792231945e-01 2.258706559774925626e-02
1.202589944400000013e+07 1.408841207811922125e+00 -5.330232588758816448e-01 1.304247039437092637e+00 -4.571322238334172422e-02 -1.297996842329467680e-02 -2.436156432071635847e-01 2.243454388212341374e-02
1.207585947649999894e+07 1.424289599401897366e+00 -5.522337130206184108e-01 1.298228510773151267e+00 -4.680440366637594191e-02 -8.361109325535727096e-03 -2.419228303599880170e-01 2.237954429103934662e-02
1.212569745949999988e+07 1.443854743293489618e+00 -5.727558501424392379e-01 1.293140204197606113e+00 -4.727087029917857036e-02 -3.974487021636278344e-03 -2.411471505513346214e-01 2.234301569249280695e-02
1.217546263099999912e+07 1.456015928145529825e+00 -5.929485142827987110e-01 1.289061476747887625e+00 -4.710221848201635170e-02 6.050258327493264476e-04 -2.406745349628500730e-01 2.235735706924403890e-02
1.222527467149999924e+07 1.474171370623481359e+00 -6.145389077977634340e-01 1.285772679310764888e+00 -4.691419214913286617e-02 3.481666960532857694e-03 -2.397910665365099170e-01 2.234693356634614297e-02
1.227518215100000054e+07 1.484631045102104085e+00 -6.353119441614292207e-01 1.280139315378842069e+00 -4.630516758211964540e-02 6.447097268838828527e-03 -2.391855909474992492e-01 2.239440760873166042e-02
1.232515285900000110e+07 1.498764778454895419e+00 -6.560042778798497176e-01 1.274811713554954373e+00 -4.533717480185416732e-02 8.472074631442668563e-03 -2.390564577803676594e-01 2.244915359089604337e-02
1.237513847450000048e+07 1.503702788795772571e+00 -6.767419462719378442e-01 1.270564106471126831e+00 -4.464037034791976805e-02 1.044200614848680639e-02 -2.397105304187057973e-01 2.250068613650562516e-02
1.242512952549999952e+07 1.512728491357764327e+00 -6.980194340516021612e-01 1.270439789542967768e+00 -4.475601752576401082e-02 1.062430650084129728e-02 -2.397044352682878021e-01 2.247264540137265329e-02
1.247517987900000066e+07 1.512961922274048909e+00 -7.198137537151890752e-01 1.272563910714535229e+00 -4.581303646309643068e-02 1.021744343914020650e-02 -2.391121576923455894e-01 2.241565245524452382e-02
1.252519916599999927e+07 1.515236086417888650e+00 -7.400426999819424978e-01 1.276114497779928803e+00 -4.665471076847634707e-02 8.775785433670232893e-03 -2.388569951587693196e-01 2.241090329658360775e-02
1.257526092300000042e+07 1.508712863324307873e+00 -7.568650097078122307e-01 1.279529658246407964e+00 -4.687614509107134592e-02 7.400433319770812791e-03 -2.383692541949106181e-01 2.250125594484221614e-02
1.262528372399999946e+07 1.504753666462302020e+00 -7.707676844652835424e-01 1.281785877718990996e+00 -4.623109871634616119e-02 5.484262157583701461e-03 -2.378929671414289349e-01 2.261323973703285167e-02
1.267528242300000042e+07 1.492635981929759215e+00 -7.816840409718279759e-01 1.281031679357016229e+00 -4.450586648631280062e-02 3.881472063278131393e-03 -2.375005548772957109e-01 2.277235437964470269e-02
1.272525603850000165e+07 1.483207278057377065e+00 -7.900946157081247812e-01 1.279943470699914654e+00 -4.174976669987528338e-02 1.630070548376392646e-03 -2.380847249752868211e-01 2.296550965363030120e-02
1.277525698450000025e+07 1.465450609936082227e+00 -7.964270402781954417e-01 1.275674385003241929e+00 -3.809524867036870321e-02 -2.228342653226231262e-05 -2.394725545537829126e-01 2.323612756826554104e-02
1.282530121949999966e+07 1.451736882354079050e+00 -7.999307189960929154e-01 1.273165208685570038e+00 -3.363001845249637134e-02 -2.571764080484730246e-03 -2.415330215646832313e-01 2.357351457279047852e-02
1.287537486700000055e+07 1.431207635258372246e+00 -8.011595855638212749e-01 1.269453099295816179e+00 -2.875120983457022869e-02 -5.031277438638456952e-03 -2.435955396885889079e-01 2.395900088444465753e-02
1.292547114149999991e+07 1.417042678131934963e+00 -7.998186827346718264e-01 1.267685317395835565e+00 -2.362285700057557142e-02 -9.014226687711245772e-03 -2.451090202297401544e-01 2.432175471247165210e-02
1.297553530649999902e+07 1.396194906816261794e+00 -7.966704478105131049e-01 1.265347851952752345e+00 -1.840131194773883538e-02 -1.288078894416619727e-02 -2.465798325545192349e-01 2.469356673002535627e-02
1.302556656800000183e+07 1.380384723485629239e+00 -7.919424748254590973e-01 1.264133097107063008e+00 -1.301598384811249176e-02 -1.732427461110927838e-02 -2.480908506120471368e-01 2.504823105991785606e-02
1.307559003900000080e+07 1.357568329823896969e+00 -7.867570596438392405e-01 1.260917270906832810e+00 -7.589838480667532479e-03 -2.097471164724897669e-02 -2.502455878139892009e-01 2.543682856775454290e-02
1.312566806799999997e+07 1.340021848254348669e+00 -7.802477541887028467e-01 1.259161472423859118e+00 -1.981371440983612908e-03 -2.529613434460867977e-02 -2.526553457506987010e-01 2.577043591598890404e-02
1.317576444449999928e+07 1.317825302119796094e+00 -7.723259456827495928e-01 1.257386109391630313e+00 3.604261450016102170e-03 -2.985905574981440394e-02 -2.546993663009966546e-01 2.609193048956060315e-02
1.322580272250000015e+07 1.302468566623681046e+00 -7.645864145131686662e-01 1.255689577828347447e+00 9.021764377440589025e-03 -3.573296964324115810e-02 -2.560882108078968433e-01 2.632479120541843937e-02
1.327579949699999951e+07 1.281275043882559084e+00 -7.555185564547426402e-01 1.252852861042493604e+00 1.441598395302422231e-02 -4.150278798500338373e-02 -2.571637821960034986e-01 2.655768346046954304e-02
1.332577258200000040e+07 1.263427414349215683e+00 -7.444007819253899427e-01 1.252429116008639820e+00 1.992327789729648330e-02 -4.746382542760202439e-02 -2.580987468619128644e-01 2.676653525569566705e-02
1.337577731700000167e+07 1.239059502983083538e+00 -7.316054498513971938e-01 1.252374467931194557e+00 2.529092389140668445e-02 -5.282929116944522913e-02 -2.587840645139406481e-01 2.696400301386201598e-02
1.342584114000000060e+07 1.218658511585687609e+00 -7.166687627461409971e-01 1.255559619221388701e+00 3.054747794522321216e-02 -5.823036748363973059e-02 -2.593876889655379880e-01 2.711280773335567398e-02
1.347592288849999942e+07 1.192863746455572693e+00 -7.007790100295544500e-01 1.258755295741262881e+00 3.524931470741327760e-02 -6.295168000267632735e-02 -2.597319943419045263e-01 2.721366736086457128e-02
1.352600116750000045e+07 1.173782297108691530e+00 -6.853929185019498327e-01 1.262599931757297345e+00 3.918208272727363717e-02 -6.797204680807436561e-02 -2.598862913466502000e-01 2.723359593238126528e-02
1.357605087600000203e+07 1.150355448858384255e+00 -6.696211092630763861e-01 1.265363353158253990e+00 4.248210063871390302e-02 -7.251230473483741279e-02 -2.599046284806413865e-01 2.720909450305026775e-02
1.362612401050000079e+07 1.134083676885680347e+00 -6.545225408208660278e-01 1.268979442925936452e+00 4.492610508837215078e-02 -7.756677169904871438e-02 -2.598647976598331688e-01 2.709556225307782618e-02
1.367613849000000022e+07 1.112932230872500039e+00 -6.386525559594780077e-01 1.271657650357171709e+00 4.664979714023059776e-02 -8.195294404376318731e-02 -2.596172694147448889e-01 2.695191129372817920e-02
1.372620349700000137e+07 1.098294293256575349e+00 -6.232143515986421356e-01 1.275386644209439702e+00 4.750511021703607978e-02 -8.620626547673564122e-02 -2.592298874303772260e-01 2.677060276144645895e-02
1.377623896900000051e+07 1.078958277844795921e+00 -6.078690600410087130e-01 1.279745063870732613e+00 4.752659160886092693e-02 -8.911750956822411807e-02 -2.585931149178915534e-01 2.659716902291370255e-02
1.382627127450000122e+07 1.066665699079798024e+00 -5.952128423361492393e-01 1.285445101310450422e+00 4.646838155168503404e-02 -9.175170679145336350e-02 -2.582512620337378273e-01 2.637201935290171134e-02
1.387630548249999993e+07 1.051063700227514275e+00 -5.833141727293428280e-01 1.291530530409942479e+00 4.446436025415785587e-02 -9.344450078645981372e-02 -2.579339440109782999e-01 2.614077887294471991e-02
1.392635776600000076e+07 1.044629020886939763e+00 -5.720983332343054784e-01 1.299656171370422442e+00 4.178854193402368328e-02 -9.549361476943263316e-02 -2.571973612438406831e-01 2.588982340227803311e-02
1.397640579050000012e+07 1.033443143499124250e+00 -5.595902486638062445e-01 1.306285996389245474e+00 3.926713687940475150e-02 -9.629295827735852298e-02 -2.566657420157628655e-01 2.574234553746632126e-02
1.402639557800000161e+07 1.029957943663225350e+00 -5.450743101224656550e-01 1.313234330789046389e+00 3.760879231039079146e-02 -9.701718243045333312e-02 -2.565279570963187594e-01 2.568762737638205160e-02
1.407636572450000048e+07 1.021956775762866698e+00 -5.265956909501847694e-01 1.318841911471196671e+00 3.688443977227766346e-02 -9.627344486331299023e-02 -2.566302890931836389e-01 2.572109450136312800e-02
1.412633400699999928e+07 1.021420104047327859e+00 -5.071420406807938264e-01 1.321181807909997064e+00 3.680035700822549549e-02 -9.477653545870272367e-02 -2.575714902452843624e-01 2.578928452782569547e-02
1.417633474200000055e+07 1.017176524221103495e+00 -4.873427217011536694e-01 1.321391774928803553e+00 3.672837667066458645e-02 -9.153571538622137793e-02 -2.589131890212703624e-01 2.590719815302321843e-02
1.422635154650000110e+07 1.021576304492486376e+00 -4.693707310639037567e-01 1.319635967573754343e+00 3.644463676970848692e-02 -8.763832183399870857e-02 -2.606270646089421383e-01 2.605243721474110111e-02
1.427638722000000067e+07 1.023927947716565257e+00 -4.528793658205504391e-01 1.317799535304555292e+00 3.567732514080759754e-02 -8.254134365140801399e-02 -2.622249925978320517e-01 2.622921325615457100e-02
1.432642441600000113e+07 1.036592064974092287e+00 -4.378806956139134621e-01 1.316014414022362411e+00 3.465873270073345502e-02 -7.768737710569544042e-02 -2.635509093021153881e-01 2.641150172148661393e-02
1.437646985150000080e+07 1.047975034787807402e+00 -4.229972663160671553e-01 1.313440782865018086e+00 3.369599735766188459e-02 -7.249134290409743608e-02 -2.646519971357390588e-01 2.662645655320355215e-02
1.442650320950000174e+07 1.068445725431863336e+00 -4.091612049927135231e-01 1.312511965618129217e+00 3.268737837078920100e-02 -6.807868996640191461e-02 -2.656006446709427427e-01 2.684151081050926285e-02
1.447648093500000052e+07 1.083129739408449144e+00 -3.956250085917958348e-01 1.309940231308574843e+00 3.178950890562855236e-02 -6.232533622096186887e-02 -2.667331172986069365e-01 2.710121809600403442e-02
1.452641216500000097e+07 1.105121720107158811e+00 -3.846768204277162262e-01 1.305352870599196358e+00 3.086733764979472314e-02 -5.663133190906976394e-02 -2.680030346363418414e-01 2.733409100458747409e-02
1.457635859200000018e+07 1.122724182633291878e+00 -3.764092488095195366e-01 1.296926414417365336e+00 2.975879454563138543e-02 -5.026698309441211820e-02 -2.690525178592965139e-01 2.754230346777927774e-02
1.462642100250000134e+07 1.148247125157944470e+00 -3.703474778944326751e-01 1.289967002564678555e+00 2.859932068054966275e-02 -4.507836881920959660e-02 -2.695137616740281850e-01 2.765707260956872318e-02
1.467658057650000043e+07 1.168577076629587541e+00 -3.669864827766388671e-01 1.281572205778554574e+00 2.736481745775825800e-02 -3.964141838519653904e-02 -2.697283153741495410e-01 2.775950504926207735e-02
1.472675715450000018e+07 1.194892696152658029e+00 -3.657833603230852826e-01 1.274729927620784631e+00 2.605707817885345723e-02 -3.524228204718291013e-02 -2.695403126026808538e-01 2.781914172588365042e-02
1.477685163549999893e+07 1.212937291986779798e+00 -3.652031321921224150e-01 1.267901333102086969e+00 2.500562939601290099e-02 -3.012115437925404204e-02 -2.696784021490128969e-01 2.791960166922968778e-02
1.482678367200000025e+07 1.236010062953591504e+00 -3.660153271669787101e-01 1.263436454171815271e+00 2.391093506515265532e-02 -2.588290351363019617e-02 -2.693217582014986178e-01 2.798985669927638725e-02
1.487652987000000104e+07 1.253117446886998332e+00 -3.677246497980329876e-01 1.258221597478736964e+00 2.282949101714566026e-02 -2.142542917220300810e-02 -2.685758990451337369e-01 2.804200633088771086e-02
1.492627462850000151e+07 1.275396301632071960e+00 -3.710449138303572036e-01 1.253332699828778818e+00 2.176474573254753853e-02 -1.765756147976608320e-02 -2.676452496138402859e-01 2.804684664765496813e-02
1.497610098450000025e+07 1.291804012734768747e+00 -3.747806293759051166e-01 1.247641978001525542e+00 2.085777083564844744e-02 -1.359806386563505200e-02 -2.664882311278761184e-01 2.804718833139434320e-02
1.502607267499999888e+07 1.313245830590165975e+00 -3.804129100810004771e-01 1.242620020294054051e+00 2.006410085051032674e-02 -1.016728536814569261e-02 -2.653518177083010743e-01 2.802063026125063000e-02
1.507615585850000009e+07 1.326556582066685586e+00 -3.880971036239507233e-01 1.236768481351955273e+00 1.924988949148192727e-02 -6.211701640080044551e-03 -2.646127834534393042e-01 2.796447588050078592e-02
1.512626658900000155e+07 1.344612586435281365e+00 -3.985777500395930040e-01 1.233130115976756702e+00 1.798845760120911311e-02 -2.966943957791015000e-03 -2.634967785579033217e-01 2.787048206102317460e-02
1.517628402599999867e+07 1.356109000137515341e+00 -4.134627657635789322e-01 1.228764101278456922e+00 1.612391203980221774e-02 8.987899637245401561e-04 -2.620453151674336234e-01 2.775760943800717473e-02
1.522613066250000149e+07 1.373603641020764154e+00 -4.310589727516962455e-01 1.227196629447643073e+00 1.412936280525919387e-02 4.440898729539266218e-03 -2.596672221884025467e-01 2.764812265580115710e-02
1.527583517999999970e+07 1.385723105668239752e+00 -4.522928847862771606e-01 1.225231294002861793e+00 1.201902362630186474e-02 8.580598611883025195e-03 -2.569956057927726967e-01 2.751813631238090446e-02
1.532556175400000066e+07 1.404115775019834311e+00 -4.764389989325635288e-01 1.223402194669019449e+00 1.015374395254827963e-02 1.211053883434576317e-02 -2.542666206935853546e-01 2.736720856752965919e-02
1.537543758500000089e+07 1.416471898143172314e+00 -5.034384283155294293e-01 1.218452256420598623e+00 8.601404945144863409e-03 1.628850051829674669e-02 -2.516476343578595287e-01 2.718310397020681085e-02
1.542547691650000028e+07 1.433854777261295510e+00 -5.311967173501588313e-01 1.213831082856980048e+00 7.717718718986903148e-03 1.993856424140227901e-02 -2.486777353429667492e-01 2.699632950355386821e-02
1.547558448900000192e+07 1.443925691499573505e+00 -5.601684634737280621e-01 1.205635400576426486e+00 7.336980906526735513e-03 2.429309958584736570e-02 -2.455771718110494051e-01 2.680084577907109952e-02
1.552557848650000058e+07 1.457577841221308290e+00 -5.875603583159080268e-01 1.198834165210907798e+00 7.935475717715242266e-03 2.842932453064617518e-02 -2.425603573264845381e-01 2.663566744060199415e-02
1.557543291350000165e+07 1.463006284209219077e+00 -6.144442189039595048e-01 1.188516050727491891e+00 9.044132120017072535e-03 3.355619427702836999e-02 -2.398588107887918985e-01 2.649858816369010661e-02
1.562524313800000027e+07 1.473887808483356432e+00 -6.405821479194205859e-01 1.179082497231103588e+00 1.063904460695836926e-02 3.773174978261800705e-02 -2.372068326520254955e-01 2.640735625920538274e-02
1.567517121750000119e+07 1.478143682407159876e+00 -6.669803376599702238e-01 1.169286973536371121e+00 1.236880231988802571e-02 4.193677362214355553e-02 -2.347862321755134207e-01 2.634787805051293230e-02
1.572528233100000024e+07 1.487792008847143466e+00 -6.921852639601401291e-01 1.160961685445848435e+00 1.442368963882298752e-02 4.486399680734173834e-02 -2.323699915218387091e-01 2.633542689938928386e-02
1.577550683900000155e+07 1.489825998891071368e+00 -7.163319567392071319e-01 1.153039608704403918e+00 1.668141731999005922e-02 4.760915402796281337e-02 -2.302783797160906087e-01 2.636053866825371905e-02
1.582566538200000115e+07 1.496064066195905706e+00 -7.381607265427696518e-01 1.145683067525398613e+00 1.942722929603778875e-02 4.888080475624193011e-02 -2.283697774704047667e-01 2.643713374405409072e-02
1.587563598900000006e+07 1.494468031884438108e+00 -7.572783210353417616e-01 1.139043342257955782e+00 2.266252531404490747e-02 4.956998905810004047e-02 -2.266409082132074537e-01 2.656916769797495331e-02
1.592549985850000009e+07 1.494966692080802018e+00 -7.741225340035110536e-01 1.133528408688328604e+00 2.612135176157657016e-02 4.906293408634424674e-02 -2.251440390765427346e-01 2.674117056493727218e-02
1.597541821500000171e+07 1.485982017032418501e+00 -7.885794331953260849e-01 1.126747820918737153e+00 2.981812321437105062e-02 4.875953035231921778e-02 -2.240678482423024143e-01 2.694477076948205083e-02
1.602546243300000206e+07 1.480964900026636499e+00 -8.017818074021766384e-01 1.120267300597380888e+00 3.339708830446986437e-02 4.708403913761873699e-02 -2.235604384463631411e-01 2.716037100456411557e-02
1.607559756350000016e+07 1.468256786255363266e+00 -8.126718829002570477e-01 1.114632500872734466e+00 3.682810334888143161e-02 4.494479033080024666e-02 -2.232694637203763155e-01 2.740109722117755470e-02
1.612572853550000116e+07 1.459412203279206288e+00 -8.209710039624615874e-01 1.112145602179082537e+00 3.999037253727212582e-02 4.126663863397214693e-02 -2.233490492533142247e-01 2.766397266296224261e-02
1.617576120050000027e+07 1.443096087824695450e+00 -8.270726384567961276e-01 1.109412777613099532e+00 4.266623674608827771e-02 3.734701832136942679e-02 -2.238949831758313969e-01 2.792850874125132887e-02
1.622569972849999927e+07 1.430016565609944168e+00 -8.308212652056259362e-01 1.108539442938711428e+00 4.472310103021239630e-02 3.257386595195412710e-02 -2.249697179730019148e-01 2.819019558522655941e-02
1.627562882249999978e+07 1.409120849177669443e+00 -8.322529729633085793e-01 1.107681903814530688e+00 4.636869722099971891e-02 2.820425452960973259e-02 -2.263727644067603240e-01 2.845843888616216011e-02
1.632564639849999920e+07 1.393663260180122876e+00 -8.311493602719974838e-01 1.108347028971946369e+00 4.762581703291671881e-02 2.282315612822961512e-02 -2.280242506232096344e-01 2.870995789837343590e-02
1.637579091550000012e+07 1.371175358403433853e+00 -8.277982605453904075e-01 1.109130099298994976e+00 4.857867059945301935e-02 1.769497824160472937e-02 -2.302328474782053824e-01 2.894211902631177447e-02
1.642598054649999924e+07 1.355191327090071285e+00 -8.235404770945691233e-01 1.111179942575194701e+00 4.883526329524981446e-02 1.116756732318740543e-02 -2.322010712314026837e-01 2.911902953973124347e-02
1.647607717200000212e+07 1.331675250751849227e+00 -8.176311750106605158e-01 1.114321901298124473e+00 4.851384341296778591e-02 5.041951453787833076e-03 -2.346507906043725222e-01 2.926299510147579302e-02
1.652603671299999952e+07 1.311373567321515665e+00 -8.117321609338644661e-01 1.118800249980738792e+00 4.739957604544672853e-02 -1.421361980269526685e-03 -2.378208739141360328e-01 2.934591754176851114e-02
1.657596980700000003e+07 1.284681651140431757e+00 -8.063199508513623215e-01 1.123429009218281038e+00 4.537028175451773837e-02 -7.628399239617959272e-03 -2.408557247094291753e-01 2.935689534319664909e-02
1.662594520749999955e+07 1.266085534599917128e+00 -8.010040630267007966e-01 1.129620481954323852e+00 4.262761871944428099e-02 -1.500779000449030398e-02 -2.429514719828327618e-01 2.929760007030583063e-02
1.667600966200000234e+07 1.242559457705958881e+00 -7.959861972595150270e-01 1.134822538579521867e+00 3.957080419132266713e-02 -2.167161116399316315e-02 -2.444449844849463926e-01 2.920867797307249297e-02
1.672608979750000127e+07 1.226383348361011594e+00 -7.888228353608466303e-01 1.141997604789148024e+00 3.690342033412549738e-02 -2.865232400580160904e-02 -2.453988037939131561e-01 2.909974545640454935e-02
1.677612386500000209e+07 1.204888001332890202e+00 -7.797517349984378621e-01 1.147408972057641252e+00 3.463773452232191824e-02 -3.459546450990688693e-02 -2.468806915782428280e-01 2.894684557673066899e-02
1.682609358149999753e+07 1.188979912145373019e+00 -7.684453790007514939e-01 1.151657159392171836e+00 3.301601967806397364e-02 -4.021954073904337318e-02 -2.489442369616541029e-01 2.875842485179397681e-02
1.687605365450000018e+07 1.166418526863020055e+00 -7.551976077983100222e-01 1.152445169506751022e+00 3.182939336685961657e-02 -4.407494980161213993e-02 -2.514463506437846774e-01 2.854327525317714581e-02
1.692608147599999979e+07 1.150524812451417578e+00 -7.396901822535877358e-01 1.154676876876243652e+00 3.101243854205812389e-02 -4.757851704865343617e-02 -2.537448132034619275e-01 2.833495403247449432e-02
1.697614663250000030e+07 1.129836271059732278e+00 -7.226483367957017290e-01 1.156049231579578285e+00 3.044998639910147589e-02 -4.972597302078199388e-02 -2.563778810029757049e-01 2.812904686187971473e-02
1.702622855149999633e+07 1.116800549200309023e+00 -7.033115715172775229e-01 1.160831655851112920e+00 3.012363960012953007e-02 -5.209866759932454267e-02 -2.589606132367799352e-01 2.794183747927776740e-02
1.707631282749999687e+07 1.100513877641611904e+00 -6.845581516521557219e-01 1.165163139684790350e+00 2.907872685807047150e-02 -5.412485100284972206e-02 -2.615092643851494869e-01 2.771718468796702251e-02
1.712636331599999964e+07 1.092310822950395277e+00 -6.652155857592007004e-01 1.173153879143873368e+00 2.775474902587946047e-02 -5.683806505768237982e-02 -2.637621878136689468e-01 2.748625580970102955e-02
1.717636419150000066e+07 1.079247412271574724e+00 -6.453095417736089967e-01 1.179085494542038592e+00 2.623567861050621688e-02 -5.839149483718140965e-02 -2.660075348700738362e-01 2.725873195738814578e-02
1.722633247349999845e+07 1.074023444002442096e+00 -6.228039406654612975e-01 1.186170303678304006e+00 2.504918466854233472e-02 -6.004475911006997013e-02 -2.678973796185649681e-01 2.706672047243491308e-02
1.727629040949999914e+07 1.064129916189053171e+00 -5.983666316563245324e-01 1.192265677063193863e+00 2.415769771660686294e-02 -6.054305353210925889e-02 -2.697361441537045046e-01 2.690801506745512522e-02
1.732627717999999970e+07 1.063157987348649192e+00 -5.726774727063210779e-01 1.198751622519779181e+00 2.350944001774768477e-02 -6.122700021624685740e-02 -2.711763071258690427e-01 2.678398324812330047e-02
1.737632436149999872e+07 1.058922395653233206e+00 -5.458464261110471671e-01 1.205053254360013426e+00 2.301361371783616078e-02 -6.111789646723279207e-02 -2.722985653938245765e-01 2.669814477305968228e-02
1.742637576300000027e+07 1.063625135326829119e+00 -5.191542233238515269e-01 1.210910630254661502e+00 2.246338458330623261e-02 -6.117147200591156048e-02 -2.732923601119184309e-01 2.664090136096181061e-02
1.747645687199999765e+07 1.064723606904529163e+00 -4.933389177935230130e-01 1.216500893979701958e+00 2.168400473021735858e-02 -6.017706870416047321e-02 -2.743154597201054035e-01 2.659260682083021410e-02
1.752652357999999821e+07 1.074504177210579892e+00 -4.686287419150196309e-01 1.221549193311121106e+00 2.069228398833176594e-02 -5.909541513325082540e-02 -2.752919267312076701e-01 2.655727994805951939e-02
1.757668710549999774e+07 1.080136331221481782e+00 -4.458201426718231275e-01 1.225664380323997715e+00 1.951549744261550298e-02 -5.662480706388459822e-02 -2.761253306432285282e-01 2.653554658464350041e-02
1.762684773200000077e+07 1.094188810379807641e+00 -4.248727674624078188e-01 1.229633781337146736e+00 1.823504463993899996e-02 -5.399086415638253145e-02 -2.768017729367031610e-01 2.654238130674825558e-02
1.767693038399999961e+07 1.104044890072715335e+00 -4.061979579381318484e-01 1.233002914897429081e+00 1.692907024192567833e-02 -4.999977999099022158e-02 -2.773078718552815514e-01 2.656525828450363030e-02
1.772699683399999887e+07 1.122669870309186191e+00 -3.898818078086196959e-01 1.236391406838845519e+00 1.567917006608067487e-02 -4.595614608020305580e-02 -2.773917159396893095e-01 2.662356799028225973e-02
1.777716703500000015e+07 1.137416263653264537e+00 -3.749602370557593711e-01 1.239366553582213593e+00 1.483794921410395290e-02 -4.094340795503561420e-02 -2.770278850820214744e-01 2.670411220696913834e-02
1.782740901649999619e+07 1.160603068094464563e+00 -3.616093853192842711e-01 1.242394875104044338e+00 1.416283317516189334e-02 -3.663713623449469520e-02 -2.760828586235223869e-01 2.679651589370992196e-02
1.787755883599999920e+07 1.178904653945789915e+00 -3.501820810299153819e-01 1.245602020117985820e+00 1.349598915185054766e-02 -3.189900914814931127e-02 -2.743028693184209610e-01 2.690242895165338710e-02
1.792750988599999994e+07 1.203922892113865162e+00 -3.413595559508523225e-01 1.248631572274599311e+00 1.266151261736476671e-02 -2.772716819360824050e-02 -2.719150502102626321e-01 2.699492976187853679e-02
1.797725870600000024e+07 1.220738317087226132e+00 -3.331178797301196925e-01 1.252475383097912953e+00 1.222573130479354640e-02 -2.232131554931384224e-02 -2.697190873656085119e-01 2.711175027357999937e-02
1.802694402599999681e+07 1.243475442062275116e+00 -3.268384938272626550e-01 1.256555062908795151e+00 1.193702537781298964e-02 -1.718604688773635314e-02 -2.673168927047773202e-01 2.720657150330358515e-02
1.807666215799999982e+07 1.263396381181840056e+00 -3.245476699115285024e-01 1.258378981539140629e+00 1.162998432610512847e-02 -1.207807419407837257e-02 -2.644172661274399316e-01 2.728457636783539197e-02
1.812648844400000200e+07 1.290727195614982170e+00 -3.266137307704100601e-01 1.258776645076919110e+00 1.105697953454435820e-02 -7.734234589873151614e-03 -2.613043281994961164e-01 2.731647180999704355e-02
1.817641550249999762e+07 1.312686690287176772e+00 -3.315545191871352992e-01 1.258628730707077148e+00 1.048864805441709729e-02 -3.041500624826975682e-03 -2.585334230254954790e-01 2.736634402918659142e-02
1.822644325400000066e+07 1.332804860072199116e+00 -3.388122085086722191e-01 1.257177602983582387e+00 9.998728488861369917e-03 1.431501104489349635e-03 -2.561029713139971187e-01 2.735112680623633108e-02
1.827647913849999756e+07 1.349623343343452575e+00 -3.475997616880241448e-01 1.254500113365332181e+00 9.468562278675918958e-03 6.276494258886925436e-03 -2.537996161297878528e-01 2.730695226231157416e-02
1.832642132449999824e+07 1.372728160980627887e+00 -3.601872367742673942e-01 1.252346350008442855e+00 8.570339854873588320e-03 1.090865106784234644e-02 -2.515039716370702227e-01 2.721480676890924988e-02
1.837623407499999925e+07 1.388994226933136567e+00 -3.760067744849978633e-01 1.250261261707576121e+00 7.373966927971950178e-03 1.660306206567671583e-02 -2.484861640640786684e-01 2.704838051427141052e-02
1.842610298900000006e+07 1.413282508319612107e+00 -3.968692364268332495e-01 1.248455758280917482e+00 5.728563728872727683e-03 2.155444570420500527e-02 -2.448868427682328874e-01 2.681601192400685785e-02
1.847585725200000033e+07 1.431779163603873695e+00 -4.212919610673502291e-01 1.245056409563810140e+00 3.860986717874497105e-03 2.657641668824864412e-02 -2.409969143938043568e-01 2.653209354022858027e-02
1.852583837649999559e+07 1.454687316800678643e+00 -4.484388134692343097e-01 1.242286149664978856e+00 1.772419465367693070e-03 3.053376437254429893e-02 -2.368927754869345204e-01 2.620581047746694051e-02
1.857591138349999860e+07 1.468685880541154676e+00 -4.766890454014855449e-01 1.238619760591318730e+00 -3.890668290747765828e-04 3.445777242244194016e-02 -2.328741043573147596e-01 2.585942878379552876e-02
1.862598566349999979e+07 1.486792849958459062e+00 -5.064895852974916624e-01 1.234162808549501111e+00 -2.441160115885213262e-03 3.774674994851537346e-02 -2.288866308504783065e-01 2.553066760148835559e-02
1.867592640649999678e+07 1.496595968003784805e+00 -5.359376900740124849e-01 1.226817737636741734e+00 -4.217654295527702504e-03 4.139913097543926335e-02 -2.250130549848146644e-01 2.524283986403808022e-02
1.872575441600000113e+07 1.511633689124529223e+00 -5.649907271630557615e-01 1.220095498130829403e+00 -5.541263919292377729e-03 4.391437474434929655e-02 -2.211828130150591820e-01 2.501427689202985818e-02
1.877557046449999884e+07 1.517913013226569241e+00 -5.941098608448657226e-01 1.211667695140874024e+00 -6.378782692819657055e-03 4.674332283702457153e-02 -2.178968609346569052e-01 2.482613384138583623e-02
1.882547421550000086e+07 1.528279153752194475e+00 -6.231693282841671566e-01 1.202967076041161931e+00 -6.576428395676821650e-03 4.870348229995206252e-02 -2.152951220891687056e-01 2.469930791738825238e-02
1.887547492000000179e+07 1.530191698108428477e+00 -6.511700992238437236e-01 1.193317152690527960e+00 -6.038963536096640661e-03 5.055905390766625429e-02 -2.132844469827925027e-01 2.464763447712269018e-02
1.892557446199999750e+07 1.535914855435498660e+00 -6.787099645500368483e-01 1.182844778807971675e+00 -4.976456949572168054e-03 5.129390379556059837e-02 -2.119985591545932024e-01 2.465963496556237283e-02
1.897570325100000203e+07 1.532453072814708106e+00 -7.056757220565105237e-01 1.171867971403444342e+00 -3.554113804229088076e-03 5.187115491002783352e-02 -2.113460125261898970e-01 2.472876134311914956e-02
1.902576988049999624e+07 1.532807509771434207e+00 -7.301950058991150128e-01 1.161777923530630696e+00 -1.479482625381370233e-03 5.111045038251289807e-02 -2.113771208879962338e-01 2.486954309269901603e-02
1.907575381200000271e+07 1.525428305422088071e+00 -7.531364189239043716e-01 1.152467216876713607e+00 9.499034565329363350e-04 4.997576371746713375e-02 -2.114549301726376951e-01 2.507325817950116498e-02
1.912570886199999973e+07 1.523215086373904015e+00 -7.731595208694923560e-01 1.144855727322585004e+00 3.884242192453410836e-03 4.735233985039713489e-02 -2.117650909283811667e-01 2.533844635230091472e-02
1.917569795600000024e+07 1.513078456818240269e+00 -7.900362951327358774e-01 1.138391021310534379e+00 7.312558948641212711e-03 4.453690101510471983e-02 -2.122908058803846254e-01 2.565550775967228442e-02
1.922574689299999923e+07 1.507414615772396882e+00 -8.031796981115399969e-01 1.133697384600344860e+00 1.106627160320899222e-02 4.039170069461680418e-02 -2.131733488322933301e-01 2.601419506498391793e-02
1.927581328150000051e+07 1.492691711083707906e+00 -8.125793234735823045e-01 1.130660341561924964e+00 1.513732510786483694e-02 3.622370711806075644e-02 -2.144303862529012839e-01 2.640835142245806511e-02
1.932585997249999642e+07 1.482418824341300567e+00 -8.191181970775275323e-01 1.129282350863957785e+00 1.914662355420482243e-02 3.065106232514350215e-02 -2.158087969683950280e-01 2.682889408931509595e-02
1.937587888349999860e+07 1.463734826870477512e+00 -8.230743444050134805e-01 1.129149809826662576e+00 2.312597694094144576e-02 2.515340728224857783e-02 -2.174716721837365307e-01 2.726208604947189668e-02
1.942588193299999833e+07 1.449810275668889537e+00 -8.233021049169848560e-01 1.130371413212396980e+00 2.711611923959828668e-02 1.862408402014150907e-02 -2.195615658351762478e-01 2.767835319685651649e-02
1.947591688349999860e+07 1.427966949560511623e+00 -8.206702022435286015e-01 1.132404288885712429e+00 3.097549124323732000e-02 1.250016835292404316e-02 -2.221863550073934490e-01 2.808481146154837710e-02
1.952600336400000006e+07 1.410946292342825092e+00 -8.174390359389487326e-01 1.133923363926592431e+00 3.414443498113062248e-02 5.853825837539187310e-03 -2.255867001507811387e-01 2.844219107863116269e-02
1.957612981499999762e+07 1.387855648405025732e+00 -8.150062540412617018e-01 1.134821174986091474e+00 3.646266280364638540e-02 -6.809662338383366863e-04 -2.293613104659220914e-01 2.876072055173951869e-02
1.962626065100000054e+07 1.370763747501203111e+00 -8.117276135885436172e-01 1.137442608539654509e+00 3.799030130234672814e-02 -8.307478842546988859e-03 -2.324890486932971734e-01 2.897993834342363351e-02
1.967622671400000155e+07 1.346572912985050552e+00 -8.074495364181861756e-01 1.141448145802189229e+00 3.897751576939088858e-02 -1.550820670385252668e-02 -2.351860857677816052e-01 2.915370652738812074e-02
1.972622948449999839e+07 1.325029152440897917e+00 -8.023302627149964117e-01 1.145952346273925393e+00 3.939938633934350620e-02 -2.251491895774741098e-02 -2.376283564201425447e-01 2.922260007550972830e-02
1.977624755200000107e+07 1.304721189673948123e+00 -7.967907526471129653e-01 1.151867161706808806e+00 3.932889972777529192e-02 -2.886865329870543298e-02 -2.399384340230146795e-01 2.925207883052068775e-02
1.982628376500000060e+07 1.290304504345843872e+00 -7.915185900257125651e-01 1.158048311306194567e+00 3.871610722898808504e-02 -3.550004678907665162e-02 -2.413198120111044731e-01 2.914853293956789701e-02
1.987632059250000119e+07 1.268279846207928330e+00 -7.865059713757543980e-01 1.161457505174771088e+00 3.771330697823334355e-02 -4.101697405341152985e-02 -2.423720153597858085e-01 2.896741655594708975e-02
1.992634880550000072e+07 1.255934770363932307e+00 -7.831725952227922560e-01 1.162685483778151729e+00 3.601262651823990829e-02 -4.786123975007841591e-02 -2.421979576019191449e-01 2.871494984610893642e-02
1.997633964499999955e+07 1.234539522191716809e+00 -7.790194106890645509e-01 1.162942452747631306e+00 3.391433122101804309e-02 -5.351026067094018235e-02 -2.424082378391096970e-01 2.843031749175062295e-02
2.002635456450000033e+07 1.217484083261159755e+00 -7.727917722795886180e-01 1.165823709375438000e+00 3.178681153504924611e-02 -5.907043528904480645e-02 -2.429851409680082730e-01 2.812144656013555732e-02
2.007640659650000185e+07 1.193525565502458585e+00 -7.652618318580585166e-01 1.168035921582998293e+00 2.972397185725450877e-02 -6.358628509859581834e-02 -2.437968477112481547e-01 2.780679093456799728e-02
2.012650012649999931e+07 1.175990700235352904e+00 -7.574925330862637418e-01 1.169122264820957824e+00 2.768642168165917974e-02 -6.803320665984040339e-02 -2.446491890816218373e-01 2.748898250964321860e-02
2.017658274799999967e+07 1.151725083593323040e+00 -7.477922829827207130e-01 1.168896742982000081e+00 2.608083667107311682e-02 -7.141251022781681945e-02 -2.455400874271991829e-01 2.721648948156294226e-02
2.022662088549999893e+07 1.133169689755097798e+00 -7.370346371452806133e-01 1.167222372096146099e+00 2.491701881119233811e-02 -7.435782913815991435e-02 -2.465543078962448842e-01 2.699341095291042658e-02
2.027663562500000000e+07 1.107601283615735399e+00 -7.253543560240637289e-01 1.163806539044011990e+00 2.408313571225098940e-02 -7.557303588649642856e-02 -2.481778697933168520e-01 2.679952238170672449e-02
2.032664035999999940e+07 1.088781825433712713e+00 -7.128395752357554738e-01 1.160587034729043898e+00 2.354309178013865023e-02 -7.651322221998919926e-02 -2.505011606907990851e-01 2.662609340219228987e-02
2.037667048900000006e+07 1.065856911082417202e+00 -6.996842789744119884e-01 1.156283250364738890e+00 2.308296200547456378e-02 -7.660201704669000744e-02 -2.532166267852348773e-01 2.646891309697911934e-02
2.042669280749999732e+07 1.051471023573169905e+00 -6.859744287886052616e-01 1.152767881068757605e+00 2.265193369932827494e-02 -7.699844679937263570e-02 -2.560258789250466904e-01 2.633177339099900330e-02
2.047671227950000018e+07 1.033722174992472764e+00 -6.703313369698544744e-01 1.149913836028535918e+00 2.237303763167457563e-02 -7.666835116215767187e-02 -2.588398360119087971e-01 2.623333383339753605e-02
2.052671245200000331e+07 1.024453285505461553e+00 -6.527644345303353912e-01 1.148366574454463107e+00 2.234340547714007766e-02 -7.635469130799052428e-02 -2.616572289328951140e-01 2.617256185494872683e-02
2.057668616899999976e+07 1.011546738820675362e+00 -6.345143715334727874e-01 1.147349298919450922e+00 2.211977022882362365e-02 -7.484791448626042232e-02 -2.643447522141326722e-01 2.612289107367690363e-02
2.062667333799999952e+07 1.007752667338511099e+00 -6.149709157191116660e-01 1.147444605078521640e+00 2.187776254185481994e-02 -7.330376308100346183e-02 -2.671128675860220403e-01 2.608455699465285840e-02
2.067668774749999866e+07 1.001043230843732035e+00 -5.951542167026127039e-01 1.148393857831520481e+00 2.138211139869249100e-02 -7.081641420364301331e-02 -2.696765573799983495e-01 2.606580998061652776e-02
2.072671837750000134e+07 1.003455659933749189e+00 -5.748355655606727233e-01 1.150566798837680871e+00 2.080150776529795381e-02 -6.823153368006378006e-02 -2.722544217873850703e-01 2.606579883514842030e-02
2.077675402950000018e+07 1.003425206059277430e+00 -5.550099802955292816e-01 1.154170788909392176e+00 1.990631422402471679e-02 -6.469026582308021189e-02 -2.745991708922281838e-01 2.608015827845959478e-02
2.082680845749999583e+07 1.013034538072786761e+00 -5.350902690843216680e-01 1.159110425099858288e+00 1.892639133756567060e-02 -6.110513106223623703e-02 -2.768181462659363712e-01 2.610948405583611923e-02
2.087679135850000009e+07 1.020064034436771738e+00 -5.152435946752919049e-01 1.165423459425970920e+00 1.787986951064548732e-02 -5.646819890793600832e-02 -2.786429030272299934e-01 2.615456069471268005e-02
2.092679588200000301e+07 1.036121531973920096e+00 -4.952674756224969554e-01 1.173217419831193986e+00 1.692022762339454034e-02 -5.175243604066852299e-02 -2.803961309820984238e-01 2.620345598230511969e-02
2.097684198099999875e+07 1.048035009047880717e+00 -4.772187651131323261e-01 1.181701377217892368e+00 1.570803244265486787e-02 -4.572536026286665861e-02 -2.820081661558174746e-01 2.626009165969824671e-02
2.102692579500000179e+07 1.069096101326869608e+00 -4.606177736865894601e-01 1.191213643635158581e+00 1.432409023617435204e-02 -4.002570833847676063e-02 -2.831124139618066970e-01 2.631773657469506367e-02
2.107705269800000265e+07 1.087486236999902767e+00 -4.462609608659509619e-01 1.201315060912824473e+00 1.276561179797097711e-02 -3.388002963933670758e-02 -2.833139873666450370e-01 2.636434773996099157e-02
2.112718233650000021e+07 1.115568817771716015e+00 -4.339367961159731335e-01 1.211805278867124080e+00 1.111678668906904664e-02 -2.841875095670954449e-02 -2.825308140753128860e-01 2.638175423135208711e-02
2.117729794100000337e+07 1.138629649913837971e+00 -4.245300864137191432e-01 1.221819459773649807e+00 9.327249722633056822e-03 -2.199867969659731123e-02 -2.814295157783995305e-01 2.639754413981785716e-02
2.122736622449999675e+07 1.169313415658865818e+00 -4.180483958087789498e-01 1.230938854733653720e+00 7.463680579944862413e-03 -1.604337089827577098e-02 -2.802218974687776809e-01 2.637901467832371588e-02
2.127731636249999702e+07 1.194795275727105643e+00 -4.140052054984343921e-01 1.239717688607387958e+00 5.550316089014786444e-03 -9.808336997297417356e-03 -2.784585970199212057e-01 2.633500645224699788e-02
2.132712883199999854e+07 1.229247906089328879e+00 -4.148356414843181184e-01 1.246782708175786070e+00 2.940461292653279331e-03 -5.039144565630056423e-03 -2.757750855607557505e-01 2.619161365509557401e-02
2.137686396799999848e+07 1.255845860316976204e+00 -4.203463581347716138e-01 1.252207958260016518e+00 -2.898112521835410384e-05 3.123293365853907141e-04 -2.731953791714226698e-01 2.600593971829154305e-02
2.142662836749999598e+07 1.289484328496157239e+00 -4.311633306301931312e-01 1.256034903565927063e+00 -3.266949444688392341e-03 4.708726153139232082e-03 -2.698685505364312176e-01 2.575326483077011730e-02
2.147648957899999991e+07 1.312785218654402897e+00 -4.441037409414373416e-01 1.258930811347664047e+00 -6.060287921363627026e-03 1.034215540319702482e-02 -2.673253874386821716e-01 2.552360758751974143e-02
2.152646175149999931e+07 1.342064422688297398e+00 -4.595960369766146081e-01 1.260714360317889637e+00 -8.336960356459826096e-03 1.472904884695057197e-02 -2.644381148974392914e-01 2.531870963038372613e-02
2.157643238149999827e+07 1.366048998792928959e+00 -4.780869183546547774e-01 1.259692696720702720e+00 -1.027951305834856957e-02 1.959744303477908844e-02 -2.612910255358899536e-01 2.512297726284242264e-02
2.162631761449999735e+07 1.388565695193717753e+00 -4.986139989272387885e-01 1.257416629620687676e+00 -1.210828289857109399e-02 2.420083989946086866e-02 -2.581213537027683969e-01 2.492700616669861827e-02
2.167612036950000003e+07 1.409403003876118943e+00 -5.209403686159332914e-01 1.253903119129170296e+00 -1.381480756012723118e-02 2.849354233062648123e-02 -2.549731672176907549e-01 2.473338624091198784e-02
2.172594693600000069e+07 1.428349416825555052e+00 -5.448291173422941114e-01 1.249169125357446619e+00 -1.539062472601661000e-02 3.242985321790607667e-02 -2.518905339002669441e-01 2.454470738444158168e-02
2.177585399500000104e+07 1.445193426027449268e+00 -5.700433350278771849e-01 1.243231608416812239e+00 -1.682727207923885929e-02 3.596407545092983327e-02 -2.489175215701068256e-01 2.436355949624647091e-02
2.182582095249999687e+07 1.459723523467224116e+00 -5.963461115942381152e-01 1.236107528418563417e+00 -1.811628730279359403e-02 3.905051191932792931e-02 -2.460981980468202601e-01 2.419253247528570586e-02
2.187577873949999735e+07 1.471728201130302338e+00 -6.235005369629335048e-01 1.227813845473995524e+00 -1.924920807968045003e-02 4.164346551273051533e-02 -2.434766311500171643e-01 2.403421622051835418e-02
2.192571604399999976e+07 1.480995951002106903e+00 -6.512697010555182908e-01 1.218367519694404599e+00 -2.021757209289904225e-02 4.369723912076779737e-02 -2.410968886993073990e-01 2.389120063090347662e-02
2.197569509049999714e+07 1.487315265068060111e+00 -6.794166937935488537e-01 1.207785511191086458e+00 -2.101291702544901344e-02 4.516613563306995371e-02 -2.390030385143008251e-01 2.376607560540012695e-02
2.202569096900000051e+07 1.490474635313585150e+00 -7.077046050985811299e-01 1.196084780075336917e+00 -2.162678056032997162e-02 4.600445793926712101e-02 -2.372391484146073037e-01 2.366143104296736938e-02
2.207578831399999931e+07 1.490262553724104766e+00 -7.358965248921706115e-01 1.183282286458451793e+00 -2.205070038054155260e-02 4.616650892898950531e-02 -2.358492862198367790e-01 2.357985684256426462e-02
2.212591697100000083e+07 1.486467512285041703e+00 -7.637555430958735680e-01 1.169394990451726901e+00 -2.227621416908336441e-02 4.560659149186724326e-02 -2.348775197495991118e-01 2.352394290314987688e-02
2.217598260999999940e+07 1.478878002981818485e+00 -7.910447496312458249e-01 1.154439852166458280e+00 -2.229485960895506366e-02 4.427900851753056866e-02 -2.343679168235041355e-01 2.349627912368325647e-02
2.222595419949999824e+07 1.467282517799858299e+00 -8.175272344198429852e-01 1.138433831713941302e+00 -2.209817438315624452e-02 4.213806289560960427e-02 -2.343645452611617663e-01 2.349945540312347106e-02
2.227587542449999973e+07 1.451469548724583447e+00 -8.429660873832209855e-01 1.121393889205472227e+00 -2.167769617468655666e-02 3.913805751573455616e-02 -2.349114728821818376e-01 2.353606164042957791e-02
