#timestamp tx ty tz qx qy qz  qw
49963 0.0 0.0 0.0 0.0 0.0 0.0 1.0
99927 -0.009022807022065408 0.008596440326019783 -0.014579552244888352 0.00020005297186702692 0.0018414021257127195 0.0005021486600705797 0.9999981585301759
149891 -0.02839052496105289 0.017321456585299592 -0.0012352512108352173 0.0006012455419345909 0.0028153002299072362 0.0015457999253232432 0.9999946615312527
199855 0.01000761745215769 0.029940614978845915 -0.0009210886924578554 0.0023827717806352913 -0.0006018863382053956 0.0002561257848202966 0.9999969472608703
249819 -0.04189672885425569 0.03341859282993089 0.0036338962802876114 0.0024449483200084106 0.004201482362208324 0.0023526266635868487 0.9999854173544004
299783 0.010078471487774686 0.03452129151220443 0.016422968495053168 0.001283907568928023 -0.0013072001996568198 0.00464726589355495 0.9999875227865131
349747 -0.01632878018375616 -0.0007755214572189519 -0.004396944852807567 -0.000683353341872606 0.0022406824216511406 0.0019496494990120959 0.999995355607878
399711 -0.02919055985868294 0.011391335651684991 0.005272030277141639 0.0016535514200844619 0.004452272754569337 -0.0006420585452379847 0.9999885153319734
449675 -0.03702228322261306 0.004276313687593383 -0.029445859250685165 0.000354902442478889 0.006550524256013453 0.0012457097031589297 0.9999777061932748
499639 -0.02614466154716633 0.013633208800896548 -0.004926566410060573 0.0016215862694804282 0.006116365991748462 0.00028789256915258497 0.9999799386202177
549603 -0.07493377283685577 0.00524383162048733 0.005257449524398175 0.002314057530392107 0.010193725118135988 -0.0003941220498197922 0.999945287390151
599567 -0.012460429422681807 0.011742663763666459 -0.001954997154595585 0.002660616849048856 0.004296850179163028 -0.0007901949715744327 0.9999869168086287
649531 -0.07613405508206328 0.004516344723099807 0.004705134273345815 0.0028276097224341407 0.00928296667994952 -0.0009263006393430308 0.9999524854311839
699495 -0.009864240240853412 0.008637392569335958 -0.002855499451230724 0.001972087637886796 0.002364194586375529 8.13040160572582e-06 0.9999952606828708
749459 -0.06776595942036484 -0.010488933874839396 -0.016058376116233238 1.1834366828725194e-05 0.00927391360605233 0.0005966249369492489 0.9999568182801996
799423 -0.008069129357935273 0.004277530971404646 -0.010033537457080856 0.0012379170634758082 0.0029955960275215195 0.00041332667064441445 0.999994661549174
849387 -0.0647404511177765 -0.008935388078480034 -0.01322361764862107 0.000472669554358697 0.008833057230631804 0.0005154074574463983 0.9999607432487566
899351 -0.0005654599889888961 -0.000785011933711042 -0.014749977014950726 -0.0008740968343096433 0.0038959037280691584 0.003756762653740519 0.9999849721986973
949315 -0.053033313361976114 -0.011679223138487007 -0.02460882941322632 -0.0017715807942810854 0.010088138767844732 0.004679836526203068 0.9999365930336673
999279 0.0073526352950312205 -0.0021281418508313494 -0.015289565412690826 -0.0029172444856303504 0.006794512850081282 0.006975578004168541 0.9999483314608054
1049243 -0.04341156131762062 -0.005856107633774258 -0.03492002467481265 -0.00034390637764450654 0.011486111915460461 0.0011138362494781788 0.9999333529442241
1099207 0.01129504024891532 -0.0009095290566152271 -0.028676605557878578 -0.002918943972844852 0.008133319346607427 0.00478371466477581 0.9999512212885664
1149171 -0.05050252169312003 -0.00046708794677920103 -0.025385444463101044 0.0012944692814660414 0.012266238604347555 -0.002398361872542515 0.9999210526837151
1199135 8.789875563768933e-05 0.011251002647775383 -0.012803671517674794 -0.0006099716509746782 0.008815676628882337 -0.0011526888319735834 0.9999602907558962
1249099 -0.05566193321733615 0.008817304483948437 -0.013940173828528593 0.000973954209192969 0.011605933379534292 -0.00025558587556831134 0.9999321418973632
1299062 0.005194829126913807 0.011929546492806179 -0.015338911176857898 -0.0019917862865883045 0.005352108649766341 0.004512292331272519 0.9999735131183759
1349027 -0.04034182108647279 -0.008776257047231098 -0.03422923598396915 -0.0045882955385676315 0.009319496377004311 0.00585201596647395 0.9999289216941661
1398991 0.0044300240545159485 0.005302668495852194 -0.03093517885270546 -0.003357201354654644 0.007764877836512958 0.005253548974360232 0.9999504168179651
1448955 -0.03931303521919364 0.003251839262133472 -0.027949885911853548 -0.0011168942100829343 0.01150308812032804 0.0037420446980359467 0.9999262115838835
1498919 0.006718426750940932 0.0025406307435724396 -0.03839738466015564 -0.0021676973817638984 0.010211890926320839 0.0073439885238573786 0.9999185387842009
1548883 -0.04507232168076745 -0.007981013293381337 -0.0329140109725216 -0.003293538077817913 0.01306142575416693 0.006313938073078073 0.9998893368519376
1598847 0.014037826183086764 0.01387817189106978 -0.0077960555742522305 -0.0015940337886293436 0.006780049448979768 0.006479677828706113 0.9999547508567507
1648811 -0.04408962386285352 0.0006482387783405195 -0.0180179799947501 -0.0026241847099228127 0.011526237883568416 0.004020626085127142 0.999922043991802
1698775 0.007026582433615395 0.011879112338443729 -0.018130860647420543 -0.003068859287298536 0.010525503815520983 0.008764481618598555 0.9999014850144295
1748739 -0.015239202619287882 0.005404783076993664 -0.04085285857163809 -0.0032189698698848906 0.012802672164720622 0.005505264993450662 0.9998977057058244
1798703 0.03826350855190831 0.005845854254585325 -0.07879260093142167 -0.00591536614745306 0.01174877500952361 0.00934415318566814 0.9998698222920621
1848667 -0.005387244493350993 0.010854312900199888 -0.05592686189140773 -0.003660772460720578 0.013064877242399131 0.005268670795075483 0.9998940688071337
1898631 -0.0064110481422415665 -0.022268982125210363 -0.05342477478312793 -0.008867399169625409 0.018841939914667854 0.0006943586173807487 0.9997829106352685
1948595 -0.05246794601516452 -0.0001698530717855004 -0.0425654026824786 -0.0021483692651630844 0.0188560757713336 -0.0006149346726349468 0.9998197111336397
1998559 0.00829525201028495 0.0067967177948645464 -0.03442243473778043 -0.003993285626672644 0.013126251587822504 0.00615178887126076 0.9998869489511504
2048523 -0.047604457551773345 0.0015944831441826294 -0.03349844625240691 -0.0024818789141741707 0.018144803381920423 0.00294996473627482 0.9998279372448748
2098487 0.0011496831303766612 0.005803710568485119 -0.04230051775291117 -0.0015085388129431373 0.014325486071609715 0.0036857749183739283 0.9998894538011255
2148451 -0.04848454079390406 3.371792419073054e-05 -0.051543977297600976 -6.488458975158461e-05 0.018276523231467112 0.002242968990655042 0.9998304524161418
2198415 0.0016164195093607615 0.004824583220843022 -0.055801692666151266 0.00025078418699467933 0.014615208609371535 0.002101016061516988 0.9998909533124627
2248379 -0.04602794230930463 -0.004312600636391887 -0.054687462138635096 -0.0003723365742338328 0.01865044432006861 0.000276120606358491 0.9998259578794452
2298343 0.004457022039487491 0.005640663077458076 -0.05242843002045771 -0.0004208239052756531 0.015524486884993695 0.0008824520357072112 0.9998790099270026
2348307 -0.04788653390402562 -0.0063384988591979 -0.052418292669410185 -0.0022282209638351436 0.020477888955262927 -0.0005302982451272836 0.9997876824001402
2398271 0.002484846961865933 0.006585860175324231 -0.05529391475985056 -0.0021449572434037146 0.016452176632429354 -0.000296620323969123 0.9998623090500325
2448235 -0.04019152949599999 -0.001593035774501867 -0.05747058383222549 -0.003521796060424481 0.02001573813302907 -0.00039252239440735223 0.9997933852079982
2498199 0.003103453861667443 0.004100482507653393 -0.05872834497225855 -0.0027203164681943565 0.016794531521131365 -0.0004705722840975578 0.9998551505848354
2548163 -0.041380640178581986 -0.005931532393186819 -0.06093447318606624 -0.003029760656664626 0.02023134931903194 -0.00040735916257920556 0.9997906516434365
2598127 0.0054583482889119204 0.005890989336230537 -0.05840173647975333 -0.0017446413175055448 0.016569317397530748 -0.0008909725329858799 0.9998608003695307
2648091 -0.04383634363781449 -0.0018708665754007389 -0.05563876267909268 -0.0023968295728650536 0.020926325561336483 -0.0020428702018278127 0.9997760603194288
2698055 0.0048832191449988465 0.010799283694794895 -0.05317290292987114 -0.0041070828779264535 0.017523962482821433 -0.0017326617565942496 0.999836506881186
2748019 -0.040979663680622246 0.0032226718956417095 -0.049003288497737045 -0.010335682577512738 0.0210129344176425 -0.00022559470190467983 0.9997257520739612
2797983 0.002489348759069225 0.018199946115395854 -0.038773595318419646 -0.01337158327765125 0.017105727348385027 -0.0005527105616754969 0.9997641168613557
2847947 -0.04665760147767516 0.010371316098274649 -0.04097540933674461 -0.01516205483789507 0.020975617690452725 -0.0015530850768017345 0.9996638052277079
2897911 0.00687502528473938 0.013711040093590482 -0.04269489971951489 -0.012277036243006339 0.01852756460528283 -0.00189159381813556 0.9997511818466194
2947875 -0.03612244755371457 0.00028626872369085974 -0.04984761954594862 -0.00990491445275815 0.02503322033369116 -0.0007974356685442151 0.9996372315223973
2997839 0.014123336588178263 0.006150273585296238 -0.05588630245560789 -0.006454472563675971 0.024232859986085428 -0.0007019101759527793 0.999685258270284
3047803 -0.03188617212348823 -0.004026246511861518 -0.06099538397094068 -0.005400082670727956 0.028951623502091732 -0.0004372116863581835 0.9995661316039494
3097767 0.01654234597355052 0.0020309379780557215 -0.058172708258351954 -0.00411094048481906 0.025212196852118184 0.0018333329116102957 0.9996719882984896
3147731 -0.03161766208401482 -0.009766648154624774 -0.06121852310594176 -0.0050684898080255465 0.029387080104136837 0.004283821583586314 0.9995460763800031
3197695 0.015173311029142112 -0.007367880520518846 -0.056601810950813305 -0.005875866860162871 0.02578205260295344 0.009707013852973043 0.9996031881873318
3247659 -0.03319449347508653 -0.019488779516073897 -0.06070435488840316 -0.00528124122237626 0.031116037910372353 0.013204061798771833 0.9994146053705267
3297623 0.023478855746235316 -0.024965913906822245 -0.06569424641232736 -0.0011590111877559724 0.029397769903460175 0.016952558014648088 0.9994233530364046
3347587 -0.02619381478104548 -0.039303081707871695 -0.08271099832359669 0.004650773577718896 0.0392020210011673 0.01952581947099465 0.9990296863599895
3397551 0.021747058298799277 -0.03479300308738035 -0.09130312887391782 0.010474979082687663 0.03856371873192652 0.023256908136981804 0.9989305434486875
3447515 -0.03886551323846851 -0.04062742424041983 -0.08757500370428584 0.014666049106725582 0.04277542337437838 0.021348634494124132 0.9987489203818836
3497479 0.008643420355515142 -0.04763795544968392 -0.08898880909128908 0.014869271517598101 0.03637148580783595 0.023206843205132787 0.9989581884208761
3547443 -0.046741650890446934 -0.05978791009616658 -0.08845949633769826 0.01718953611044552 0.037482467864385444 0.020034695148658778 0.9989485449418319
3597407 0.0002118741562847812 -0.05554622401617867 -0.0940971459793713 0.020009298770042164 0.029915057798003426 0.022295109710329043 0.9991034207541668
3647371 -0.05814305073449992 -0.0590280420903334 -0.08836961104056573 0.02062750303840051 0.03243940325420186 0.018839044577109474 0.9990832205749097
3697335 -0.014452272628907161 -0.05420134352215734 -0.08376729066196759 0.018539981027165336 0.02693412206089957 0.016926234288738753 0.999321932494791
3747299 -0.07556845315805455 -0.0640019939952254 -0.07228392935493491 0.017200494395904167 0.03043668147470806 0.013005797342215176 0.999304058156894
3797263 -0.030099635045453606 -0.058352619626697605 -0.07205151108825841 0.019184121667854697 0.02208932786560809 0.01370432004784797 0.9994779750861471
3847227 -0.09947628300390061 -0.077259364697568 -0.08050398301946028 0.020013496359139432 0.020500225889852876 0.01681779818791531 0.9994480288469522
3897191 -0.05785388704383494 -0.06607092836201625 -0.0734063555018976 0.021164574187809357 0.006516247617874757 0.02158153435191993 0.9995218040100217
3947155 -0.11815869402274101 -0.06795728568025963 -0.05675683723139662 0.01961001509545814 0.0040777424308604815 0.026909455652092976 0.9994371918840781
3997119 -0.07515227686786555 -0.06351172321455895 -0.06237862815148118 0.016738145294908285 -0.002539583577024353 0.03169763823828318 0.9993541137842266
4047083 -0.13253671659866118 -0.06697879814598619 -0.05202637820584344 0.014516440467217341 -0.002034075703236124 0.031168653653544917 0.9994066492282411
4097047 -0.09322513216594719 -0.053688331899208123 -0.06403117702013754 0.011381753597519063 -0.010122293371093634 0.03082804162332072 0.999408638501602
4147011 -0.15462751427407118 -0.05495897079684113 -0.043278343995639436 0.006608971409898499 -0.011751230138730407 0.031689647209224424 0.9994068222435168
4196975 -0.10929378751271494 -0.03507126757661199 -0.043612512347492985 0.00046049990987212806 -0.020228969668221086 0.03380513155006937 0.9992235934999121
4246939 -0.17116957809836827 -0.044243173891731824 -0.031129963805174257 -0.009880607226294181 -0.015503221378479978 0.03608968007255955 0.999179442702856
4296903 -0.12685701701353858 -0.025824320044098178 -0.03390583442339044 -0.013999676418209662 -0.019299093697476663 0.03903383640643287 0.9989534091528179
4346867 -0.1787762776262489 -0.025136181050232374 -0.024795415502762035 -0.019710396936999598 -0.015290403359106187 0.039865741481486146 0.9988936011777396
4396831 -0.1314075996594103 -0.013457574052050234 -0.019775927478798094 -0.022905078614794332 -0.019599416217095027 0.04581696842512332 0.9984948801380658
4446795 -0.18235788832711408 -0.012630416679930914 -0.011396477106562707 -0.024585951103595252 -0.016105246078085195 0.04597263137307486 0.9985102248959353
4496759 -0.12972206728234828 0.0008988611828640116 -0.01348464716980651 -0.023862289589516722 -0.021093691043787985 0.04893140167072756 0.998294227802722
4546723 -0.17870736199886852 0.005923832479843976 -0.009043811700390779 -0.021843139383802106 -0.018088243522530516 0.04555809798705016 0.9985590380222551
4596687 -0.12947928598585495 0.01794484642911493 -0.01339184735629788 -0.021735502722782355 -0.02382839709544669 0.04348597268237893 0.9985332971879891
4646651 -0.17908197846725568 0.012750356472270652 -0.012570193696876996 -0.024542495400306626 -0.019854235932826658 0.03901510945626315 0.9987398542509283
4696615 -0.11984163413651952 0.03615644187849895 -0.010995293697152462 -0.024163302702748173 -0.02666955734114715 0.03563992497885328 0.9987165089559821
4746579 -0.1663962352012068 0.03750496324801259 -0.007659249580558083 -0.02762562069450248 -0.021098161865050532 0.029884289916314526 0.998948758377204
4796543 -0.12029524476706521 0.046743534263131076 -0.0027105345594389094 -0.031222051262003798 -0.017504232473132167 0.031096164501716154 0.9988752744531229
4846507 -0.05340691556265564 0.04455215070562675 -0.03902200215141953 -0.0347989622716541 -0.006298035059213362 0.026178521199876053 0.9990315570626368
4896471 -0.09619041611433854 0.04474535906329441 -0.02115333386555993 -0.03996716083230464 0.013932761289657588 0.020944024614887605 0.9988843036362025
4946435 -0.017590415784312363 0.05680436006517332 -0.03360178687643071 -0.04718430227661025 0.02427940343698395 0.0198729450627017 0.9983933184081054
4996399 -0.04439813498308691 0.04965196069130545 -0.03429925844262614 -0.05724801277999424 0.04171814148405393 0.018981611282211954 0.9973073548996764
5046363 0.03999886160220836 0.06024262403634293 -0.050889602540023615 -0.06303820548666611 0.047445061540293085 0.015448181000237503 0.9967630132023572
5096327 0.02424755300542458 0.07220439981450648 -0.04036921763107394 -0.06673553057649355 0.057815448823882495 0.018008632507245 0.995931439402927
5146291 0.09672954787150526 0.08643562250813068 -0.02276267351107029 -0.07315108550973737 0.06230482299422835 0.015890548466288432 0.9952459586402979
5196255 0.06751659637163923 0.08832350780976952 -0.029648186647055645 -0.07244530632156744 0.0752882796012973 0.01996717654073508 0.9943262364071674
5246219 0.14066042073425963 0.08709184123566682 -0.04538048786298733 -0.07596839758752567 0.07957821195761837 0.01641045028830776 0.9937941476336772
5296183 0.10312366849184994 0.08700261777504827 -0.04359531392873007 -0.07324148977796707 0.08836695407552805 0.020427400853159486 0.9931815981465333
5346147 0.1635699110346103 0.07998956559905973 -0.05543649805218921 -0.07681377989475907 0.09116169024496353 0.013879915264894736 0.9927721477772229
5396111 0.12187944426842072 0.0636170760728846 -0.057909025637197284 -0.07766201484119564 0.0976021199864278 0.016170348904147265 0.9920589485717465
5446075 0.17559759603919967 0.05295408658811785 -0.07066487104036862 -0.07644806300381093 0.09657565242682874 0.015382035311662993 0.992266209245769
5496039 0.13251634313128627 0.03183974580264658 -0.0781384427451365 -0.07426818860481718 0.10011875275736837 0.01645532064808116 0.9920633517724747
5546003 0.18384970193654626 0.03462247155669926 -0.08978942464254216 -0.06722219901944561 0.09717068659822782 0.019032040110352037 0.9928125780197675
5595967 0.14565124034091842 0.026680129137366122 -0.0948620990351017 -0.06065860135139422 0.1013892074864762 0.022052711547228987 0.9927509459077698
5645931 0.19322472939784996 0.015364912690006066 -0.1065484672374321 -0.05716130325835567 0.10057942763589846 0.02215091558000055 0.9930386201378117
5695895 0.1517154890042568 -0.0007770656864811187 -0.11108180852837903 -0.0535162052383492 0.10508226966559713 0.021451258545464934 0.9927908016725524
5745859 0.19714419036074163 -0.0011221459370321799 -0.11198231433537423 -0.048402392198316775 0.10212270542017245 0.020925767841691575 0.9933731794785787
5795823 0.1448800697317317 -0.023055758300500575 -0.12233435496112063 -0.04420992052857272 0.10321314757969402 0.020064579378396553 0.9934736744111127
5845787 0.18382162728475576 -0.0248345285055976 -0.12646380735831927 -0.03924440407620574 0.0994192877140514 0.02084891762228087 0.9940528178186074
5895751 0.12916890648865248 -0.04261348831657436 -0.12997991572636644 -0.03326965746032828 0.10015881052279346 0.020105490566899344 0.9942118043033867
5945715 0.16381565468312714 -0.042878806531806604 -0.11589296303537058 -0.030117596609821422 0.09327923036682238 0.021407427840460038 0.9949540881819003
5995679 0.10874938353331848 -0.06787551463224295 -0.11924846357387357 -0.02950601005794751 0.0928631999294679 0.021758821646983062 0.9950037060985525
6045643 0.1485094146699125 -0.07590638791285019 -0.1379756266221644 -0.024447280017148153 0.0908939569709037 0.02315909164145842 0.9952910506782813
6095607 0.09285695180377522 -0.08997630334473357 -0.1441692381580093 -0.018736575857342216 0.09821659394742689 0.0225734234798021 0.9947325680558116
6145571 0.140685885176246 -0.0938821430385383 -0.15771714977063964 -0.01499809887375004 0.09699093031171474 0.0195737438664641 0.9949797410090777
6195535 0.09121113500480445 -0.11104252093100704 -0.16627879210067176 -0.013101735999919786 0.09658955958752288 0.015812388492721 0.9951124408139173
6245499 0.1141822355564495 -0.10362883578426194 -0.14047965170277882 -0.011427114826825499 0.09064777459683965 0.015222629817050836 0.9957010964887144
6295463 0.051452233096454414 -0.11265669338742783 -0.13728475492630646 -0.011587624881904094 0.08526663522300293 0.013688995969120108 0.9961967372244807
6345427 0.08233011592534789 -0.11002688276626085 -0.14350625205491865 -0.010794139415261948 0.07637436599767221 0.01446037104622445 0.9969159144290671
6395391 0.01731220044445026 -0.11984734268777358 -0.13863198368281202 -0.010706663101792892 0.0759888006084236 0.011989134207673467 0.996979102192352
6445355 0.05610027990175213 -0.11480946298723681 -0.14656917406173567 -0.01046709231449682 0.0712436156368749 0.012203643629762692 0.9973293629948046
6495319 -0.0075688397650355045 -0.12697597328795246 -0.1365244019522196 -0.011389427639267528 0.0699629786793506 0.01060223632288381 0.9974282205438728
6545283 0.03076733173298885 -0.12749662499523826 -0.16348975639261298 -0.01056978969665914 0.06020871241249886 0.012921688299727521 0.998046201569287
6595247 -0.041835691347820884 -0.1341512069041843 -0.1376326072780271 -0.011534356328764643 0.05641367751938205 0.011831336137337941 0.9982707423830599
6645211 -0.013296366888298704 -0.1297835083268714 -0.1374614789264441 -0.011672747525827098 0.048367452748788856 0.01182774841024019 0.9986913641597869
6695175 -0.0850316725161499 -0.13539851121604704 -0.11508377591069498 -0.01235414397175952 0.04756499242743687 0.008694283626589834 0.9987539016466085
6745139 -0.039925423598702 -0.13012088316832476 -0.12845110361745518 -0.01204974081455852 0.04016049692847148 0.01183909736214515 0.9990504361674689
6795103 -0.10229909612969273 -0.13109875821512598 -0.1078426337563581 -0.013087898989288343 0.03997668752034585 0.012241164916044852 0.9990399017238727
6845067 -0.06024046153283498 -0.12768352113655365 -0.1284895916582182 -0.015536471478021409 0.03186373471979121 0.01580147428200994 0.999246533080918
6895031 -0.1283984664769878 -0.1252963197271875 -0.10485298495441725 -0.01767752941783233 0.031068665552232765 0.016103368150583025 0.9992311667020258
6944995 -0.0830620703899546 -0.11846114895255679 -0.11744458516478326 -0.018612056089365617 0.023809214324707853 0.02100704896176133 0.9993224787701339
6994959 -0.14506201592303736 -0.12734973957141812 -0.10255977250685087 -0.02058317682885965 0.02365194814471437 0.021296189081997232 0.9992814370892593
7044923 -0.09959620127509304 -0.12979766767128129 -0.11696061913667453 -0.02097280726107662 0.017162356361323388 0.02722461298766712 0.999261935293939
7094887 -0.1570221138222749 -0.13431008566532057 -0.09739215195523838 -0.020337564465222578 0.017437225400677832 0.03188270980572741 0.9991325334796143
7144851 -0.10485809260916182 -0.12916264318521747 -0.11439163281973966 -0.022204285906098 0.010123566871584602 0.03944056881377434 0.9989238832928377
7194815 -0.1543599854627446 -0.1300665603870055 -0.09212070649172954 -0.025733201437833936 0.007707116522761913 0.04426032884409283 0.9986588136041644
7244779 -0.11005570265592425 -0.12205461002351294 -0.11110128670605392 -0.030398982744458704 -0.0006352267188552974 0.047706611800422155 0.9983985063719004
7294743 -0.17880569964772347 -0.11942646313121634 -0.09343810618764178 -0.032082657697104014 -4.3039901551477345e-05 0.045936743344630056 0.9984290244346601
7344707 -0.12289646695133684 -0.1078168327381845 -0.10275000237771359 -0.034712344138556624 -0.009167840303080287 0.049963240586034546 0.9981055447490139
7394671 -0.18310627474244218 -0.1083095304368624 -0.08095829639838883 -0.03827316601994126 -0.011548621364751339 0.050002260210868475 0.997948680083895
7444635 -0.13986513487446428 -0.09282911471632284 -0.09957737542712032 -0.042173998305289395 -0.020797713529204138 0.04760045190832786 0.9977589919199052
7494599 -0.2072154847462694 -0.09591161387118277 -0.0883728905653162 -0.047729623288315606 -0.019554233165652295 0.04493165154977659 0.9976575874091612
7544563 -0.15802678774895312 -0.06925341061485064 -0.07540150065752595 -0.05071715970792099 -0.02449125809295435 0.04524740845604854 0.997386895851453
7594527 -0.21132992338404508 -0.055362961994505716 -0.05761679940222676 -0.050993673157898475 -0.01861672200679757 0.037594590652792755 0.9978174731448812
7644491 -0.145955449016457 -0.04490520637087576 -0.059836140740208446 -0.05313300664906817 -0.02156166401119214 0.036395584672463656 0.9976910041018953
7694455 -0.19530068753206514 -0.04609169782615081 -0.06714543334557452 -0.053989215267110466 -0.012586040399871079 0.030900060604065225 0.9979839389872762
7744419 -0.1339748893478851 -0.0433083251361391 -0.07604775122979973 -0.05808866920540068 -0.015429563970071421 0.033223345517027145 0.9976391353481956
7794383 -0.1872844039972269 -0.03989574149599303 -0.07705776035659787 -0.059137476916483085 -0.010489027481333764 0.03540702348099723 0.9975665801412277
7844347 -0.12058800551807497 -0.013412441847949144 -0.06390494078206446 -0.059900129676037306 -0.015974171257457752 0.03846618765293228 0.997335025317411
7894311 -0.16838916329221937 -0.011935405936635907 -0.06656764815321285 -0.062355658289188064 -0.007512238030127634 0.038981632595180976 0.9972641427822997
7944275 -0.10443464136288086 0.011136964909891196 -0.0634412783258405 -0.06414620122806346 -0.00781880461163191 0.037152995834617356 0.9972180233343995
7994239 -0.1472064881050357 0.011182956857006937 -0.06379494086641341 -0.07074339155446921 -0.0024408166461012053 0.03751730285097744 0.9967857678319144
8044203 -0.09015141535353047 0.0325932120617908 -0.06181132440449155 -0.07756447260946657 -0.005686583313928066 0.03200145973786152 0.9964573859095406
8094167 -0.14416719938200453 0.02488839581837355 -0.06769432115824872 -0.08996361281088275 0.0025626148282881906 0.03260567034368597 0.9954078820446894
8144131 -0.08016329533550534 0.05484740077139446 -0.05507408890960084 -0.09736125559300714 0.0010710341821624683 0.022455413316421587 0.9949951724545816
8194095 -0.12105558142160922 0.06195391851117394 -0.04290802818363711 -0.10883205048830727 0.008117392091014355 0.021129679729497048 0.9938024096200814
8244059 -0.046961321375463896 0.08211420251410742 -0.04170931747740442 -0.117224713821804 0.006342703731535641 0.01920202438524728 0.9928995008752288
8294023 -0.09504888224976944 0.07738060327571819 -0.04240067408574981 -0.1275340430824122 0.01729168876260163 0.022374508202188607 0.991431009570258
8343987 -0.023596507652425956 0.08512282091302137 -0.04883244463890422 -0.13201135544709178 0.017589774119523307 0.01871492559774261 0.9909154118487192
8393951 -0.06896925584535007 0.07216274231839584 -0.055946532440000446 -0.13631557938857078 0.028025556983549856 0.01852328005244802 0.9900957120742513
8443915 0.01037060028775549 0.07601426431742433 -0.06269003997062118 -0.13637102383687752 0.02768977459967035 0.016066273558584965 0.9901404421061902
8493879 -0.019117686271175147 0.06944968374601186 -0.06438620280851726 -0.1350905921615112 0.03642594567243628 0.01406505535837971 0.9900635619035207
8543843 0.05265632825949683 0.09261873951410152 -0.050159208886813515 -0.13022163505667048 0.0417045043280521 0.007716656607099492 0.9905773636080764
8593807 0.014649986824709816 0.07326255576801922 -0.06260439057990562 -0.13071175617765335 0.05468687382434169 0.01533200143682175 0.9897922571732998
8643771 0.09832675584704301 0.07115126009543707 -0.07599308521786718 -0.12927771019746992 0.055398603717258 0.017532117627159838 0.9899044869096133
8693735 0.07782374898095282 0.053091235256475224 -0.08355760695586521 -0.12614080007670808 0.0590749981652026 0.02172686875650928 0.9900134273442087
8743699 0.1449366390825895 0.06630605937389589 -0.06661553899688888 -0.11899646087903763 0.06209354040448452 0.018042416528517367 0.9907869123803119
8793663 0.11444364826745086 0.0635370952888221 -0.057770897496825076 -0.11170147681031004 0.07227927594992883 0.01773615152877251 0.9909510155782162
8843627 0.17273562018598518 0.07318047183175987 -0.06348960019170664 -0.1025089343739394 0.07826481028165594 0.016611529294996295 0.9915092510610163
8893591 0.1428732436984921 0.05714586591178395 -0.06960128190815644 -0.09881293509936757 0.08757117512113664 0.01906988550883047 0.9910618712328869
8943555 0.20106515591598825 0.05519656760657968 -0.07945512575968056 -0.09540768982167744 0.09237122554381547 0.016060407450477113 0.991013114306238
8993519 0.16625470876869397 0.038747708195396455 -0.081901045436853 -0.09460733740564939 0.09966987671470583 0.016704193429142276 0.9903718177061435
9043483 0.23370075397893092 0.043194543767353655 -0.08928513421717414 -0.09086022733235749 0.0991839977103217 0.017634844177517206 0.9907552502803838
9093447 0.17944778822670085 0.025992266175730597 -0.09865609830365976 -0.08666563742310929 0.10668297273340552 0.01982709187316037 0.9903104043918063
9143411 0.2443321341089279 0.016347206230186897 -0.11235699816742825 -0.08324656710478008 0.10712165889444968 0.016045326559302957 0.9906248062493568
9193375 0.18603931792373773 0.0066182364941390496 -0.11785959800537986 -0.07718393148938386 0.11777217353833486 0.01686165345229962 0.9898929439604836
9243339 0.24373979914760321 0.011089573922107666 -0.12407706359698957 -0.07296524663586348 0.11577918598581045 0.017478243857227443 0.9904371579598061
9293303 0.1802754075843387 -0.004420650487882708 -0.12592677038634056 -0.06901707650366798 0.11803397595267237 0.015996242801760215 0.9904790476773943
9343267 0.22687656813514467 -0.002537551106297573 -0.12320142874768926 -0.06575526294361608 0.1116176733055719 0.015873055457110066 0.9914463104533305
9393231 0.15979915921538845 -0.01686307930511796 -0.11856017252615428 -0.06110475307788192 0.11217572861683829 0.016574279758631804 0.9916693543268619
9443195 0.20408539853208776 -0.018362040633001585 -0.11340318194499419 -0.05737023759782404 0.10332752774545013 0.015294881712662531 0.9928736800023344
9493159 0.13736207724575827 -0.034409138903908086 -0.1077127903518451 -0.05416316827061372 0.10072699753928774 0.014824443481958499 0.9933280722123279
9543123 0.18057106033786036 -0.0346584128262825 -0.11091459142880011 -0.05196120399115089 0.09158644488064376 0.016737786956008156 0.9942996544712918
9593087 0.11080810221739662 -0.05243519492634506 -0.10689852495564765 -0.04992855604776376 0.08992767265734186 0.019013942276059844 0.9945142648451766
9643051 0.15358968716080817 -0.05673299424458366 -0.08768698795865115 -0.051021875548150034 0.0814691449643169 0.016011578282440906 0.9952402604372661
9693015 0.08301523896219984 -0.06978805326296877 -0.08246091814647576 -0.04772914926677341 0.08199934947825119 0.016357736324155037 0.9953544391108944
9742979 0.13162147791326045 -0.06948675784187766 -0.0751418061508107 -0.04790150522822839 0.0746751143715052 0.014209021292134732 0.9959554090441962
9792943 0.06510511729880318 -0.07781337374831472 -0.07775298698870577 -0.04555961739201565 0.07620213976359093 0.013803062642843329 0.9959553356552797
9842907 0.11320418529654083 -0.0703557793486684 -0.0714490918617033 -0.045103987172144346 0.07061147956901305 0.011843219781238517 0.9964132613727413
9892871 0.0424916230227442 -0.07977827077885942 -0.06230671739191264 -0.04392551911070159 0.07118811753177401 0.01019713775265648 0.9964430837106508
9942835 0.08483174695030919 -0.07922458212208851 -0.05957160591526626 -0.044680247603195986 0.0606077628160091 0.008414525419303136 0.9971256542294574
9992799 0.03573325975233713 -0.08545282374357556 -0.055052449501482456 -0.04584200189000954 0.053617108660294135 0.007654493701602013 0.9974793858761185
10042763 0.0642643980753874 -0.0830963316205806 -0.06417688493425097 -0.04496366042729528 0.04419741497471721 0.010388250321394904 0.997956382817301
10092727 -0.008220258840288703 -0.09513294093501455 -0.06540559356461756 -0.0430102394716265 0.042132387987328206 0.008715621796896713 0.9981477942267729
10142691 0.03085229773518122 -0.08426892258509526 -0.06578112100058316 -0.03988178797468221 0.03405311890416494 0.008882357496142164 0.9985844640320378
10192655 -0.0329861466927852 -0.09252679660494584 -0.06282071819595639 -0.038689281989682925 0.03145739361887495 0.005742952876944577 0.9987395007398491
10242619 0.005846349679974447 -0.0902406427032486 -0.08256111705416672 -0.036813076812570594 0.020989741402363274 0.00953017677518061 0.9990562566052461
10292583 -0.06084328899566577 -0.09805058220054327 -0.07012237986454267 -0.03556359774048962 0.016056496761949347 0.007749779951755412 0.9992083668275529
10342547 -0.024617634310340083 -0.09078700873870105 -0.07330387784581095 -0.03377982833784594 0.005130340133464936 0.010066309743960012 0.999365434771345
10392511 -0.0922438377006262 -0.09159243219674322 -0.04703189003394978 -0.032756004411550854 0.0002648744910188101 0.005678897117592807 0.9994472092832228
10442475 -0.047240814177549516 -0.08515842490376051 -0.0688295931546204 -0.03205546834784571 -0.010569689015935954 0.00962341054320436 0.9993838694879079
10492439 -0.11490698578148009 -0.09024024867694327 -0.05973931465229076 -0.03222380581678216 -0.013173061157520366 0.004516852752544094 0.9993836574807667
10542403 -0.06733161067137831 -0.099651061614866 -0.0793800402190166 -0.03523450272242826 -0.023967934574500416 0.01325764540699308 0.999003655032552
10592367 -0.12799217996933282 -0.09802188761992761 -0.06411687648728805 -0.033557862510870916 -0.03106923561703573 0.012357718108208189 0.9988772994042023
10642331 -0.07849907631734664 -0.0938174885618517 -0.07970538582198214 -0.033884519771230893 -0.04513475310971681 0.018651027874810558 0.9982318530986732
10692295 -0.1378104925049375 -0.09940792245565555 -0.07652216754088019 -0.03512666843745853 -0.05118477325180258 0.018653127800848348 0.9978969370505612
10742259 -0.09115301620804542 -0.08769597551628627 -0.08723399873625953 -0.03583332888244375 -0.06295126253610218 0.01997638683023699 0.9971730316527428
10792223 -0.15131776610900477 -0.09047130386791098 -0.0821583016324338 -0.04091810333667531 -0.06677724199832501 0.017095676638339257 0.996781945367543
10842187 -0.10916117048438957 -0.08733482786842439 -0.08818814424754183 -0.04742902326072019 -0.07504844456103804 0.02021755339070208 0.9958461072155661
10892151 -0.16710905863317715 -0.09395029338882527 -0.08880190430834398 -0.052996604259597124 -0.07861986818616877 0.02030124518280676 0.9952879662225244
10942115 -0.11590856955100651 -0.08856628701923276 -0.10842798859110359 -0.05749768591986711 -0.08954219376102598 0.02470905714560945 0.9940149265203708
10992079 -0.1906608333987199 -0.07799126645624006 -0.12265753143498904 -0.05960369066650764 -0.08748093350407367 0.013421142991897254 0.994290882615836
11042043 -0.13945473163438482 -0.055332234609802355 -0.11109387179986749 -0.0650839179812948 -0.0906508263870468 0.012300580166853614 0.9936776172497338
11092007 -0.20462849486517778 -0.04671883845432808 -0.08884325237734038 -0.07297009925735798 -0.08128047264110999 0.00780286552562814 0.9939858976218918
11141971 -0.1546546421374624 -0.010859839577403906 -0.08111104142707441 -0.07586986980620061 -0.08231466031064487 0.004373143576134509 0.9937046518804247
11191935 -0.2185837834248426 -0.009914309644688438 -0.08668363326096926 -0.08197027303377782 -0.07180789260905052 0.005019266859168271 0.9940318444889034
11241899 -0.15996534585972785 -0.000421078105956513 -0.08137482256130768 -0.0857238944228002 -0.07137794674582118 0.004170155766067971 0.9937500754436328
11291863 -0.21894921332883235 -0.00101328847426885 -0.09169750892720682 -0.09240534187628306 -0.055354110352010204 0.0021075317178732194 0.9941794272514006
11341827 -0.153788481279669 0.01673027778616235 -0.09316282408850478 -0.09383137941768688 -0.05104994272354029 -0.0075974436985774526 0.9942493924734097
11391791 -0.19777707964522645 0.033178252154371916 -0.09909664406876288 -0.09539938414205422 -0.04046304146391872 -0.014196145374298258 0.9945150422378325
11441755 -0.11341829678250208 0.04434091788271718 -0.08164390421536867 -0.10278560411380816 -0.04257683391275145 -0.012717489362505668 0.9937105203555209
11491719 -0.1695147483935585 0.037425877548524375 -0.09013007567510352 -0.11459963096720874 -0.032347603078717244 -0.00956257534506648 0.992838916597255
11541683 -0.09828982444957543 0.06321403684624677 -0.06450268497925166 -0.12158058746402244 -0.0329222542519317 -0.007799541812137127 0.9920047646429905
11591647 -0.1604628431028272 0.052759575463004776 -0.0752235357402043 -0.1318705719259828 -0.017981248800658586 -0.004502035705153526 0.9910936174882737
11641611 -0.09014325785478129 0.06926386761591148 -0.042385558227487734 -0.1338345913722509 -0.01619123114607902 -0.0016948850143265381 0.9908699579414975
11691575 -0.14744686182702418 0.06218860745617324 -0.05083390759995911 -0.13742984544939868 -0.0005626237028271177 0.0008795055285540855 0.9905109527432538
11741539 -0.08228385917379942 0.06252113308421867 -0.0625746894821211 -0.13981328498775353 0.004720960882812514 0.00467471741806218 0.9901555963010751
11791503 -0.12767398599730173 0.04688369770109874 -0.07757591552868497 -0.14234246252109634 0.02222752870082317 0.006074285821368982 0.9895492223144055
11841467 -0.03699345888180187 0.05317627795419545 -0.0742830384422701 -0.13945289124740737 0.024438966473164493 0.007665714517685063 0.9898974011792311
11891431 -0.08709068149564338 0.025051943247227194 -0.07603804392280529 -0.1402090143028385 0.0377690395523506 0.012339460348522924 0.9893243500883957
11941395 -0.004255666670024477 0.03747744004903541 -0.07918642360342783 -0.13120061653716608 0.039056937889463225 0.00732260556506067 0.9905591013517087
11991359 -0.0319934423814248 0.033564663357986115 -0.0765878953102922 -0.12389054478125237 0.04586474646995663 0.004067283923873104 0.9912270250283403
12041323 0.07228877936336438 0.06175062937836314 -0.02537871830710705 -0.11527960374230403 0.04112421504396785 -0.001636878088958142 0.9924800917540647
12091287 0.0725215845231062 0.05927601859648839 0.0021744424494155694 -0.11105793586813999 0.04581842228090528 -0.004097070829235587 0.9927487200047235
12141251 0.16167862172456726 0.04474085561673259 0.0020400060609011084 -0.11186886228644813 0.044622974732873716 -0.0016778707940361991 0.9927191609545589
12191215 0.12155806296443883 0.036872633549758616 -0.00684270934789732 -0.10664121790691412 0.052177509181359195 0.0013138239343508554 0.9929267002380533
12241179 0.18071738015396996 0.0262323203763624 -0.01995138629794677 -0.10267601237632244 0.05341791836819747 -0.0005095039437309078 0.9932793679954484
12291143 0.11739796839817075 0.016593001008552034 -0.0189762880354161 -0.09532005117905304 0.06619630009647123 -0.0008569072073168354 0.9932428723161313
12341107 0.16756937270283417 0.006673575880887458 -0.03456635801497825 -0.0913010099975265 0.06816629546850043 -0.005057347161514138 0.9934746624726876
12391071 0.12413051903146023 -0.003389967874959296 -0.02889452881612673 -0.08602519264731326 0.0705064505430644 -0.00494885739407644 0.9937826802034256
12441035 0.17901534560149115 -0.010927581377769504 -0.03538902159275205 -0.08054893556338605 0.06639620377386843 -0.003500793828881976 0.9945306217239326
12490999 0.126230888272712 -0.024838705531130992 -0.031363876563747325 -0.07560747258753639 0.06849805574435212 -0.0032770750939103786 0.994776752456046
12540963 0.17093258976280196 -0.026423702984784227 -0.04717035466210162 -0.07147452257092538 0.06773315796352472 0.004195557453513573 0.9951311517750817
12590927 0.11284483430482983 -0.03829603231179413 -0.047699959706383 -0.06796775253244301 0.0724659711487912 0.003509407996971983 0.9950461053120412
12640891 0.15571400321813983 -0.03861808041988303 -0.05030436738066877 -0.06528795335108514 0.07410720315555286 0.0049814628653338505 0.9950983823800587
12690855 0.10707497311170706 -0.052826702898738115 -0.04191270411890985 -0.0661372035966214 0.0754288251253342 0.0024626684059091465 0.9949524098694135
12740819 0.15268383878803315 -0.05488786656913958 -0.0479854421847266 -0.06379954113710269 0.07036611223192521 0.0030021810405310135 0.9954743671783113
12790783 0.0895528998434384 -0.06766156955080127 -0.04045088409182455 -0.06215188443368682 0.06853231636703185 -0.00025322014185716053 0.9957110026279063
12840747 0.1240871584379246 -0.0721242591455278 -0.05437876658915579 -0.057814361176827804 0.06193828565508434 0.0011179474418262288 0.9964034818312016
12890711 0.057130098762496966 -0.07534628047770735 -0.045124146935909826 -0.05442303899539481 0.058938903988456234 -0.0011021113414652701 0.9967763659787165
12940675 0.09364129051705818 -0.07522705131442622 -0.05903069982483869 -0.05130067577075713 0.049657742686165775 0.00014681714286298 0.997447907262081
12990639 0.029337333570025728 -0.078891295187457 -0.045433027971709165 -0.04787167829366663 0.04400659237394739 -0.0025049364331306613 0.9978804775815823
13040603 0.05901618128966729 -0.074719747472203 -0.05925358916272847 -0.04382767575859307 0.03350777721133347 0.002452629483554105 0.9984740098332914
13090567 -0.013591187387000074 -0.0814238564118343 -0.040095817002114405 -0.04219259659715244 0.02754427209400071 0.0018600934449210513 0.9987280099804839
13140531 0.02328134352937887 -0.0834437295769528 -0.055248065789068455 -0.04116922192752559 0.01529522538298749 0.005238025818950567 0.9990213783157424
13190495 -0.05015614579878284 -0.09548656288053173 -0.0473665804471683 -0.03907474168490097 0.01256722356480124 0.0006688246567506246 0.9991570357695077
13240459 -0.0013265897512237568 -0.09806252097553357 -0.06184134181519395 -0.0382026664155098 0.005789853511214179 0.0007567848832661538 0.9992529515351477
13290423 -0.0685965199757972 -0.10793953050929385 -0.05268759066188362 -0.03622761404997173 0.007090650132034569 -0.005203915080902572 0.9993048593541324
13340387 -0.02167157846753031 -0.10240263616121961 -0.06311894818409179 -0.03520927755627395 -0.00038342207604991763 -0.006176494886992465 0.9993608010485441
13390351 -0.08925354096722887 -0.1116004985466577 -0.052885765317525174 -0.03550912609671771 -0.0004043404176113936 -0.007180909607473774 0.9993434709897709
13440315 -0.04402128091295931 -0.1095165538287099 -0.0634245334704302 -0.036441535854445484 -0.007458011598584102 -0.004777397999544416 0.9992965370679109
13490279 -0.11150878948434918 -0.11505831943485206 -0.04949087280625578 -0.03617190336850654 -0.008894765418307889 -0.0037847379489447143 0.9992988303373073
13540243 -0.06955151202092202 -0.11365095088221137 -0.06313496574909813 -0.037536694829440734 -0.017960090058708383 0.0007059005002193663 0.99913359137347
13590207 -0.1407166565992093 -0.1164090729598827 -0.046534250765038476 -0.038896990577173184 -0.02075018688896559 0.0034287010555939354 0.9990218705700009
13640171 -0.08943159378075184 -0.11163869188796928 -0.057016308000280715 -0.04061390879797852 -0.0329063304898007 0.008358772072159982 0.9985979244697494
13690135 -0.15786797493506474 -0.11474662280393283 -0.04291310206942867 -0.04266558425482265 -0.03571512360236151 0.0084355829385228 0.9984152036135817
13740099 -0.11656047832198627 -0.1114409567007099 -0.05079520242337494 -0.04643430357000823 -0.04590490590263387 0.013847876422732589 0.9977699290841648
13790063 -0.18954551177927606 -0.1168957619765247 -0.04129479929262357 -0.05099653130684434 -0.0500385556827301 0.01910110395015131 0.9972615727920844
13840027 -0.1456840595452914 -0.11752978554907834 -0.05887800623543878 -0.05621451036310736 -0.06387095268444913 0.02891847520612758 0.9959538905087773
13889991 -0.21865492843733375 -0.12120815460529594 -0.06088988402307203 -0.058708232375066456 -0.06669619227756429 0.027889410130984865 0.9956541277921842
13939955 -0.1559510696895767 -0.0981918638788352 -0.062028379115135014 -0.05935508862663879 -0.07876297249437163 0.02861910082787961 0.9947131821212477
13989919 -0.2217851307414637 -0.10113383470948255 -0.06142840559366561 -0.06442551426723996 -0.07683710051473532 0.025026471847506466 0.9946452075000191
14039883 -0.1627510629734026 -0.09492156203600335 -0.07399549343563852 -0.07086181766934793 -0.08374912195935515 0.03056379101582483 0.9934941077059161
14089847 -0.22188164918495734 -0.08792790009373373 -0.0648845261502871 -0.0756275617691572 -0.08206286915987998 0.02779937989743337 0.9933646620871002
14139811 -0.15788833978156028 -0.06377842546556796 -0.05690515163593634 -0.0799927563637637 -0.0883170666652902 0.029314951551474077 0.9924423853708088
14189775 -0.21957352313842082 -0.051170092991388444 -0.04147359565209805 -0.08395809687232957 -0.08044748975142345 0.022410145227756768 0.9929637580260127
14239739 -0.14828884572219075 -0.03335210520500315 -0.037246239714359725 -0.08664692254008857 -0.08335390210133815 0.0237384502031403 0.9924620515670941
14289703 -0.2021744209354067 -0.030843832936593846 -0.042489841079065824 -0.09065448730548964 -0.07343461685989247 0.02123631013528052 0.9929441777410539
14339667 -0.13068366849894264 -0.007566681879607983 -0.02680385745782486 -0.09210723017019158 -0.0718591773164714 0.018792812071634267 0.9929749981747856
14389631 -0.1943562586905518 -0.015359744404178068 -0.03534295421006648 -0.09706056090010574 -0.05134495213863885 0.015613540960848713 0.9938305493122566
14439595 -0.11630347184459233 -0.010534123041610857 -0.043448399847556905 -0.09812884042131595 -0.045529609547797445 0.014602628230410244 0.9940244205152896
14489559 -0.16895197121717656 -0.006620401415941514 -0.055990001314596145 -0.09828004502240698 -0.029659792769317336 0.012475126143462347 0.9946384773730501
14539523 -0.0882437931982146 0.02451158379638541 -0.0438013287540896 -0.09619491370729027 -0.028912477909540144 0.005870175118465599 0.994925197309856
14589487 -0.13427058589183777 0.03835945956059072 -0.00937961901909514 -0.10175650927624089 -0.021918575003552907 0.004654149809375136 0.9945569504956867
14639451 -0.06647340913995597 0.058952346615917736 -0.0018195204706033538 -0.10335347401161363 -0.02621790283947766 0.0006333271945061072 0.9942988886029668
14689415 -0.1176769036864869 0.056027623725921676 0.0034625777681808628 -0.11174294578098587 -0.01872136760363201 0.0033652294772836717 0.9935550813587551
14739379 -0.06027212004376429 0.061155143095727435 -0.003510918858454551 -0.1167061824850759 -0.015291732305826129 0.005170358670026769 0.9930352950847571
14789343 -0.13089540129033778 0.02988466272443361 -0.0356025796985417 -0.12587748402049204 0.004749823196644548 0.011627812750761005 0.9919662757205532
14839307 -0.07222441325907031 0.05728104935395368 -0.04205798680878292 -0.1220685728543618 0.014175854886854689 0.006798055584859072 0.9923971458543154
14889271 -0.09291777269276576 0.07010793434605025 -0.022059872377161352 -0.11761981912447644 0.02124799429830091 0.005293789911086136 0.9928172423340572
14939235 0.03028608741771407 0.08151835264676004 -0.001520028717509139 -0.11618199140315168 0.013586143039080411 0.002847214558732536 0.9931309354562349
14989199 0.006725475803662056 0.08845314643585675 0.03575015524481651 -0.11565258139999411 0.016172635173683836 0.003026050571433617 0.9931534470085657
15039163 -0.05440269048910288 0.04541921497516511 -0.0714464592093417 -0.1230164325326262 0.03002230797697878 0.006184678120406552 0.9919311307279495
15089127 0.004820816589748858 0.039220043206503546 -0.09203762302652285 -0.12225061903776054 0.030381132262524244 0.008817110092303475 0.9919949755502552
15139091 -0.03474459539778335 0.036827284364307655 -0.08736707123671505 -0.11558077876394607 0.038460456170308764 0.005025462598835069 0.9925404886538176
15189055 0.049400279730538545 0.05454930282626082 -0.04673849371652917 -0.10577659215029495 0.036302476779592203 0.003683316672117086 0.9937202201379571
15239019 0.01826938902268079 0.0382839993428475 -0.036834291886492544 -0.10241090562381182 0.04602352470307444 0.0037433136243606798 0.9936698793796288
15288983 0.10194637359655223 0.034247137200280595 -0.043031436823338674 -0.09808072064228844 0.04332348265605884 0.0014146996536683457 0.9942339999787421
15338947 0.07721160104420122 0.01610733206363916 -0.06789253592977557 -0.0960153787566005 0.04527252901620281 0.0033993935850500944 0.9943439491855711
15388911 0.14322269399893173 0.014037044540700832 -0.08004580153316944 -0.095729564079399 0.04256264432608815 0.0059156648377573185 0.9944793998764714
15438875 0.10929866436613832 -0.0007144051504593659 -0.09027040062988279 -0.09501609255407993 0.04856765240249967 0.00984722326934823 0.9942414985755463
15488839 0.17209536206796627 -0.0007242182011217732 -0.10068391606005692 -0.09194831694220623 0.052465923865082434 0.01068616547426508 0.9943232068658238
15538803 0.1310417567592947 -0.028063241178350323 -0.1081020774633798 -0.09224088183538355 0.06550510161544347 0.012908811281163154 0.9934958801987497
15588767 0.19528824568486108 -0.03528962641209552 -0.11640008104353028 -0.08897641068204025 0.06904546619299015 0.01709898423570965 0.9934905871111415
15638731 0.1596648839448299 -0.05798507696023327 -0.13725656544185633 -0.0820752598082374 0.07427231452924349 0.022052683501319652 0.9936100614286623
15688695 0.2143548939888543 -0.05451276036614241 -0.12916822452368218 -0.07141302762827911 0.07223758797261917 0.02787794763961331 0.9944368911118813
15738659 0.16794602103369544 -0.08052866218435994 -0.1511416462557283 -0.06360613918717767 0.0773895767538212 0.03254181197574899 0.9944376013309737
15788623 0.21915208453134088 -0.0951239150557732 -0.15952893809604923 -0.05559051877855376 0.07855328995656656 0.03415931787916203 0.9947724442609783
15838587 0.17617545647110303 -0.12358814953560973 -0.19359940481898225 -0.047338909995869684 0.08612494389042036 0.036396022445508464 0.9944932635218907
15888551 0.22595385948593893 -0.1356465524818044 -0.20456966296072335 -0.03875796525091058 0.08844697558563955 0.04060226580044879 0.99449806870161
15938515 0.1791843596973957 -0.16467842356449855 -0.23832256118754555 -0.03202432043635171 0.09528405976876614 0.03945503869122188 0.9941522472822995
15988479 0.22307474642521757 -0.17291118249796175 -0.24683391074643862 -0.02418573721932266 0.09711685664571366 0.038337826697019725 0.9942402010151083
16038443 0.16885012101409946 -0.2003363143982407 -0.27290446574125143 -0.02037172564728014 0.09972686871701913 0.03153146575054707 0.9943064472875917
16088407 0.19652939841529005 -0.21279106772220174 -0.2654126642683531 -0.018072035674896566 0.09631519872570275 0.02583051539464742 0.9948515308805834
16138371 0.13933982649355764 -0.21280224660532002 -0.26347731556176557 -0.014846207092079077 0.09352123211059711 0.024304967581850755 0.9952098461281118
16188335 0.1690924003857143 -0.19810679224288733 -0.2290311083131312 -0.014193145469727894 0.0845428449992863 0.022913985539836708 0.9960552249989867
16238299 0.09585981273359834 -0.20819618597522657 -0.23570185333211524 -0.014407055327793655 0.0776445235794324 0.0199663403257365 0.9966770339327087
16288263 0.12280545771034003 -0.19982494948730692 -0.22136592292395976 -0.01635720700664279 0.06494577913194023 0.019469795186738324 0.9975647420730513
16338227 0.058896202824697375 -0.20641875706727938 -0.21153916327829822 -0.017076495708804016 0.05837142116104499 0.018759452280951515 0.9979725714848409
16388191 0.08853830520737227 -0.2006705948674884 -0.218216638227044 -0.01587663661314912 0.0496395742101918 0.020368921732608403 0.9984332486999498
16438155 0.019144392855016013 -0.20485465053022428 -0.205614436150385 -0.015638575662634307 0.04638236775507997 0.02071057802184917 0.9985865925750643
16488119 0.04773505670997516 -0.19812940466936965 -0.2168182767434431 -0.015010456628782696 0.03772858048352237 0.02303410149121267 0.9989097409551007
16538083 -0.020228350782898415 -0.20060321716989157 -0.20463722813044485 -0.01570146319754627 0.03345748599855789 0.023379172180802855 0.9990432798393936
16588047 0.010631229434520098 -0.1894334270475278 -0.20806580968733862 -0.020040298387295638 0.023531835982668073 0.021591718962416982 0.9992889656190951
16638011 -0.06082555017888884 -0.18471052810163932 -0.1922024439588832 -0.023172064785967835 0.02016248720290273 0.01826746490066004 0.9993612105987758
16687975 -0.01856470821608036 -0.17698111222651167 -0.18772919565529814 -0.029965199577047907 0.012170774885191563 0.01835790030129246 0.9993082340046686
16737939 -0.09141551025884025 -0.17343676782656098 -0.17203295488973186 -0.034498961795975676 0.011825844712025418 0.014670347161551734 0.9992270772682286
16787903 -0.048884229816269574 -0.17166252883723018 -0.1752402987324934 -0.04073762348022089 0.005596883822723352 0.017291683688474564 0.9990045638533772
16837867 -0.11257773920523713 -0.16801904386519206 -0.15283306103975666 -0.04380674559252044 0.0038291893766356 0.013734225366199783 0.9989382750715384
16887831 -0.07188788185855471 -0.16211493514948586 -0.15730832348590554 -0.047015163031317954 -0.00153002373205794 0.016894587008146802 0.9987501221037933
16937795 -0.1406030812635436 -0.1624617876226098 -0.1357762140819776 -0.04732507757978114 -0.0011366544240267512 0.0166985376650607 0.99873930727124
16987759 -0.10896071425778575 -0.14292504721328564 -0.13876713401839683 -0.046574744532282414 -0.009371173126813175 0.016285622154851978 0.9987380801776856
17037723 -0.1762824577926253 -0.14139024894752128 -0.11981253262378307 -0.05026638387789753 -0.013779859130589853 0.015595209673059317 0.9985190011058549
17087687 -0.12874556062681852 -0.12981697149106722 -0.13284937808683703 -0.05500622263496793 -0.026898067166173333 0.019338486345100697 0.9979362867438165
17137651 -0.1990230078430309 -0.1251322244457134 -0.1250778584216066 -0.058695009259943226 -0.027430838626777098 0.015545420396164782 0.9977779236307613
17187615 -0.1389560175054037 -0.11803945546400978 -0.1322864155561325 -0.06409105734390795 -0.03817562739952901 0.017847660072379628 0.9970538695933802
17237579 -0.204889724522755 -0.1132860963359934 -0.12017356752690633 -0.0669870695684092 -0.036378016759204865 0.013679544522121842 0.996996611061929
17287543 -0.14369605065935492 -0.08986622209291101 -0.11921573825133397 -0.0678716942191605 -0.0460036982472726 0.0162881703493776 0.9964997683783294
17337507 -0.2075666129364573 -0.07874108757039001 -0.10561483119390883 -0.07101056086536887 -0.0405953483984723 0.012916123600062049 0.9965654477680531
17387471 -0.1480783944903468 -0.04959758708214503 -0.1026750753969666 -0.07488591168062851 -0.045233784888153154 0.010307379894177831 0.9961123244173673
17437435 -0.20561148596882614 -0.0490597832734206 -0.09139191174732034 -0.08570169874088406 -0.040161133868772916 0.005586634638908608 0.9954954001263455
17487399 -0.14352787107871734 -0.02273326372633265 -0.08301665115555114 -0.09288031283533121 -0.04379058972874393 -0.0016057939056413392 0.9947125480080928
17537363 -0.19969855124658636 -0.014055888429325035 -0.06991839522974043 -0.09947356274577296 -0.03530097651986095 -0.005712873787577978 0.9943974127301892
17587327 -0.11941929637004783 -0.0032872847932673296 -0.06303708492863508 -0.10322450133109584 -0.03680460469378205 0.0004199190662545961 0.9939768342704265
17637291 -0.17838608950869744 0.007831587423993522 -0.04839209293679098 -0.10721428869864517 -0.02476290499187625 0.0032826051845679938 0.9939220891691709
17687255 -0.11044757108202731 0.03489967635181712 -0.05046440265670339 -0.10854208561527423 -0.028861418241663907 0.00358386193265583 0.9936663374196661
17737219 -0.1707331393006489 0.047285974171257364 -0.04065123015516441 -0.11378180214946114 -0.02269112256945707 0.004098762607306337 0.9932381459656329
17787183 -0.09398041978396797 0.0568891689635678 -0.039493260486836046 -0.12151977607581174 -0.028873307482814848 0.003644693496284137 0.9921622812558465
17837147 -0.15936012130099167 0.048093312544954823 -0.038117833816229796 -0.13129265678527194 -0.0125203596471828 0.00684034357948787 0.9912409841044126
17887111 -0.0639889080818226 0.059716602053495604 -0.037872271395966634 -0.133759304433985 -0.014332833721053269 0.006557415631514236 0.9908884996078503
17937075 -0.10871133393626958 0.05704964991932633 -0.04010408703952099 -0.13594773047799516 -0.0005840560913988898 0.00932649328302151 0.9906719386251971
17987039 -0.018890224656808317 0.07122649662120606 -0.0346515978343917 -0.1355819785881291 -0.0010744663028663137 0.008739147757645551 0.9907270057390998
18037003 -0.05732840687425192 0.07229822575541073 -0.026745313966813927 -0.13483614948893385 0.0089629257996201 0.008498828072653538 0.9907909207665863
18086967 0.022514979738008218 0.08114444111893875 -0.02504903288875995 -0.13426410428907334 0.009727888671967853 0.009576185038432505 0.9908515606091299
18136931 -0.013811880063480607 0.06853706748013726 -0.03447437058471551 -0.13404075434135074 0.021010170607009854 0.006983139348281183 0.9907284616238239
18186895 0.060844952107623376 0.06341137480319885 -0.04780017411975576 -0.13373692410640547 0.0243554415263212 0.010771592696005671 0.9906589828944201
18236859 0.024146457047679353 0.06765767809210065 -0.053118985345916636 -0.1285868264233142 0.036378762046323815 0.014168484976515086 0.9909294968744384
18286823 0.1042154118004251 0.05625379077746261 -0.07424473651754433 -0.1332151974003958 0.03810205853758033 0.017104773282379047 0.9902067314696112
18336787 0.07358214846036278 0.043481564511400055 -0.08255780992817614 -0.13530601503075934 0.04641787163360308 0.02236486627810335 0.9894632263231742
18386751 0.1473366067579007 0.03691895218967857 -0.08904913711076852 -0.13730357533504928 0.04774640929379361 0.02258666310200547 0.9891197355475617
18436715 0.1083744201266041 0.030027526505035543 -0.106736015900506 -0.13610019547187163 0.057518239850803066 0.0279309300179716 0.9886294816691009
18486679 0.1795297295517416 0.022551951349566286 -0.1158024581878717 -0.13467366862103147 0.0555881864969721 0.026314435952918182 0.9889795280806425
18536643 0.12999016512574205 0.0018189199498278295 -0.1222492990356653 -0.13320854154586548 0.06339972647376096 0.02991358403845676 0.9886056527414002
18586607 0.17123773513266857 0.004890929304946633 -0.12210541836443513 -0.1279769507960307 0.06566553655183656 0.029442946323724524 0.9891628027206079
18636571 0.11396440280995025 0.0241853860028982 -0.09226573320570047 -0.11683210685503227 0.07727633935466358 0.030137435001935463 0.9896819495147222
18686535 0.1811549781432055 0.008151760792239499 -0.10711416785253035 -0.11327113401983312 0.08090328802060547 0.027854538952967862 0.98987293772738
18736499 0.1518558899137494 0.004615781928464308 -0.12345809569497287 -0.10105535597981927 0.08859341421224294 0.03991192723458293 0.990124264953865
18786463 0.24161411316615927 -0.025804095541970586 -0.1551286504193695 -0.09751910717638287 0.08147729672245879 0.04132733836471655 0.9910315458944836
18836427 0.2050277698151598 -0.05627050817490655 -0.17633311470603766 -0.09170057757430991 0.08405058724885775 0.04620826703249181 0.9911565461184797
18886391 0.24930753623924168 -0.06812459789716076 -0.18330456565592057 -0.08551767170103233 0.08477943097426369 0.04713245405318278 0.9916036041107551
18936355 0.18514944232404257 -0.06931322793413718 -0.18707209734667776 -0.07499262670872806 0.09795575629460145 0.05449228393596702 0.9908639496618696
18986319 0.23794991551029662 -0.0900444742136598 -0.20394029958329932 -0.06819075543828747 0.10503415781266921 0.058709757379318384 0.9903893229199315
19036283 0.2015453738970401 -0.11202499545071533 -0.20874598193019028 -0.06048876954006396 0.11380560849375179 0.06004660358604045 0.9898402889520495
19086247 0.24048860654826174 -0.12513093958970845 -0.18419032586353834 -0.05552305573071923 0.11035299665211737 0.060472892045493255 0.990496055388347
19136211 0.18551247117738437 -0.13129861721372355 -0.16097884294388498 -0.05188384613241277 0.10419039762423468 0.05863830177332501 0.9914706133408858
19186175 0.21912161225777052 -0.13627468010412683 -0.1766417627450856 -0.04888094037141234 0.09183240579437375 0.0568827383645927 0.9929460292435683
19236139 0.15712388585696624 -0.1634613020348465 -0.20842284544577397 -0.045748675448139944 0.08650823038553256 0.05041727174665844 0.9939222723532902
19286103 0.1743556234959526 -0.15749728643458794 -0.1991003997145496 -0.04047022695880502 0.08145238493678425 0.04694321995914847 0.9947482112664892
19336067 0.11721859052594889 -0.17499510301333207 -0.2107113999867137 -0.03634474714010815 0.07993032157212743 0.04079823044538516 0.9953018172600828
19386031 0.1476569637533981 -0.17963098552267126 -0.20264064492649345 -0.03472034930984714 0.07053424717906356 0.03236481790511639 0.99637941361745
19435995 0.08681915194547464 -0.2000041938930857 -0.21677119368677603 -0.03189698797278199 0.06715389647210898 0.02753791274324187 0.9968523459914328
19485959 0.11009808504173847 -0.19096612432939356 -0.20533912696715742 -0.028943411039454227 0.05965924788793195 0.022254742402265593 0.9975508907015503
19535923 0.04348820171188893 -0.20853320187582547 -0.21286557315575733 -0.027581085686892253 0.05469965333761698 0.018386874255107016 0.9979524810792365
19585887 0.06834730206811537 -0.20392470196681206 -0.21489641405765034 -0.027678101470166167 0.04346876082597716 0.013467407142059577 0.9985805017504253
19635851 -0.002213382324881483 -0.2120062667086114 -0.21057582155912888 -0.02668923001661714 0.03732927958595083 0.011567288056620066 0.99887957619211
19685815 0.02821441783146512 -0.1978413190079333 -0.20168053730372104 -0.027081867074499666 0.029417715434216552 0.009877908273493085 0.9991514386831113
19735779 -0.04447788989876649 -0.2108746404173473 -0.19535988435739302 -0.028490509301979154 0.02878731806782764 0.006817575961108968 0.9991561949245924
19785743 -0.006400037657012715 -0.20089395751429365 -0.20304257951897187 -0.028338064567641878 0.0223447594217122 0.00488158701540123 0.9993366979807942
19835707 -0.07486499016134184 -0.20980177830418167 -0.19047480785198306 -0.029773559994044713 0.020872280257695306 0.005598948834752273 0.9993230382684426
19885671 -0.035828097970401276 -0.19793055722091982 -0.19635982028720414 -0.031420491412135265 0.01170510761955925 0.006344307030466267 0.9994175768633137
19935635 -0.10851633383414964 -0.203167113398102 -0.17447856159733918 -0.0351916544860282 0.010104208423004789 0.007261646312081108 0.9993031176372456
19985599 -0.07762253981898957 -0.18380276216114758 -0.148161209178147 -0.03843945013442333 0.003951020252962647 0.008876468622127286 0.9992136940700543
20035563 -0.14450088817073417 -0.18401849383038282 -0.12195829036807433 -0.04378816924731838 0.003186151610509987 0.011091343027676505 0.9989741872449586
20085527 -0.10271367036562304 -0.1846024883664009 -0.12922060259840432 -0.05048267619222213 -0.007364093063685513 0.01671385244701529 0.9985579185376279
20135491 -0.17002633646605317 -0.1922587923743754 -0.12112613978583855 -0.055638996843046316 -0.009968410010829671 0.01765220927122565 0.9982451263792879
20185455 -0.11820358348200664 -0.19583343914395682 -0.12837906289322518 -0.06114993813887568 -0.020918469718320964 0.02532674762232632 0.9975879202081039
20235419 -0.18934689763137114 -0.1952249897394668 -0.12303454949806873 -0.061031903065166315 -0.020492288307492553 0.023101243299478224 0.9976580102851804
20285383 -0.14811394479557816 -0.19137944233402074 -0.14006717812588562 -0.06380166169069773 -0.029151481523718735 0.026275478040156574 0.9971906228721965
20335347 -0.2220904563009491 -0.1971857778600527 -0.14231813176620342 -0.06648235390433525 -0.028327602328730526 0.02473594635552955 0.9970786210342394
20385311 -0.16821115501125067 -0.18574020506234484 -0.15077091509044382 -0.06894620759408719 -0.039692755072004454 0.027810680012914566 0.99644240763348
20435275 -0.2314239939205508 -0.18925104848383717 -0.1367769882917267 -0.07492863176541871 -0.0410549824867172 0.02872018640574413 0.9959293847696216
20485239 -0.17761248741331437 -0.17952004763983298 -0.14790584824153183 -0.08022513926523932 -0.05182214050679067 0.03372268139847977 0.9948573634157131
20535203 -0.2351224571016241 -0.18857427003814445 -0.1388814665567044 -0.08727953146620465 -0.05421889585925357 0.03343384002061987 0.9941452474665454
20585167 -0.18011836382928983 -0.1584268820943513 -0.15357238477624716 -0.08564639025620742 -0.06332838829854165 0.03234430406559389 0.993784713640788
20635131 -0.25649317704075464 -0.16183750765480232 -0.14652922306854818 -0.08898447984849829 -0.05486822022352473 0.028555924813888738 0.9941105571884942
20685095 -0.21147455308737767 -0.13778995766816446 -0.1557290797290647 -0.08695774065828571 -0.05476459850841681 0.025945944446523508 0.9943671344410958
20735059 -0.2691997990922657 -0.12840137536322582 -0.14001582200648732 -0.08732422160771915 -0.04413194028724356 0.02037596673102175 0.994993302563824
20785023 -0.19493405329287344 -0.08936967162662926 -0.139396718595827 -0.08374055588307042 -0.04834675453314966 0.01862803228726979 0.9951397424681672
20834987 -0.24948847097300458 -0.09030698347305431 -0.13380660931438992 -0.08723085764890488 -0.037151536177949085 0.01785775845241958 0.9953349392523654
20884951 -0.18997316005131568 -0.07156606885758149 -0.14449767057763616 -0.09050514880418611 -0.03516008403655457 0.016342649566571023 0.9951409469696335
20934915 -0.23706233545943337 -0.07757572178560637 -0.14491150311048226 -0.09796405427062078 -0.022741980313999603 0.014742765760496506 0.9948208367640836
20984879 -0.16370739391645564 -0.06624926492164687 -0.1473096483561968 -0.10436564519924392 -0.023687209542242616 0.015599102108778086 0.99413449604148
21034843 -0.206386142494057 -0.07197553801102427 -0.14467109175027426 -0.11241580034336521 -0.015770113105703764 0.014583119989177832 0.9934290734507297
21084807 -0.13486325766113824 -0.052123513012874864 -0.14443408411486722 -0.11896157994099792 -0.017451991545873288 0.015494595791070358 0.9926245453293484
21134771 -0.1723230827668389 -0.02124013434559432 -0.11421846492656268 -0.12003359956736612 -0.008793148398945207 0.013162000527667764 0.9926436305433309
21184735 -0.09236075475066591 -0.0007566548871958133 -0.09770028824417526 -0.12414757336335544 -0.00792654829058527 0.013045969070239357 0.9921463362585208
21234699 -0.137798713046696 -0.011940788223591564 -0.10523631526676029 -0.13010488428309966 0.008556325953826997 0.017903370760385614 0.9913016582692018
21284663 -0.05200601318335148 -0.002496439425800546 -0.11745031807143728 -0.13411958211889818 0.011549876837202672 0.022076803977768504 0.9906518827334981
21334627 -0.09100775182801728 -0.014814966100837908 -0.11127131640941121 -0.13918459788102686 0.025622647269830448 0.025422694631895486 0.9896084146051083
21384591 -0.00876755445547052 -0.007995357150173292 -0.12576679417718165 -0.14228897207753227 0.030935943578222658 0.02537063964310025 0.9890162518705868
21434555 -0.05217215508451775 -0.019515600916332265 -0.12059596502410058 -0.14427937596911505 0.04593851227837359 0.02108727392668695 0.9882451323623879
21484519 0.022883560994289297 -0.009639256220495662 -0.12028472966433527 -0.14415583443506733 0.05215975344476751 0.02119346341351083 0.9879520700051448
21534483 -0.019246490125940083 -0.01619180992029561 -0.1104916674969291 -0.142935712114381 0.06794115183862814 0.020800139738831745 0.9871781684559482
21584447 0.05307032704940723 -0.019794911252907527 -0.1151013952712134 -0.1407669714025678 0.07252901492498838 0.02235029771922296 0.9871295081943511
21634411 0.07358806265739601 -0.0037091187445307387 -0.0784211351313393 -0.1306487883300954 0.06455733688602021 0.027265988589031807 0.988948841057173
21684375 0.17921402100255496 0.0088327023901508 -0.06306998710253445 -0.12612424027670027 0.05592505676082022 0.022112703524024568 0.9901899274299768
21734339 0.14086440023567282 0.0007405629100538296 -0.046384202309439786 -0.11994716039075726 0.06237434257720294 0.012486687911843625 0.990740229690532
21784303 0.1981811197186148 0.0017767723305473708 -0.06122584952131212 -0.11082415089651575 0.06917090694964353 0.018391583510456146 0.9912593721452565
21834267 0.14377848335451127 -0.0155143450897751 -0.07215343151744481 -0.10345381166131602 0.08157085879764146 0.0213775354672087 0.9910532300664321
21884231 0.20720375133054494 -0.025931457846702338 -0.0934956800888484 -0.09908872330849343 0.08201809070895962 0.02343324679366833 0.9914158263081423
21934195 0.14882460414296206 -0.04637640512702659 -0.09365184281659432 -0.09470066103294232 0.08758279547311362 0.021154345231914104 0.9914199576440085
21984159 0.19756879885748863 -0.048465034456990165 -0.09344974361601009 -0.08757035666605337 0.08512308752744671 0.021794357512453275 0.9922754146827353
22034123 0.15286779853972413 -0.06379429234297748 -0.10409224411665513 -0.07897087416965468 0.09109185352673714 0.025616811627442747 0.9923757626101053
22084087 0.19980435500008148 -0.07504167768427211 -0.11585070956872372 -0.07261560037547021 0.09034580879261064 0.030023822398200416 0.992805710854002
22134051 0.14037098078324606 -0.08890916136663038 -0.10703166976295879 -0.0717891713584755 0.09234416107335876 0.02769818633238695 0.9927495561647043
22184015 0.17757601443581125 -0.0909712306067245 -0.0946572520027173 -0.0745446284792121 0.08668235465809766 0.02617183705824957 0.9930983348595548
22233979 0.12031883265071183 -0.09871517338823442 -0.08326586301016013 -0.075615925743652 0.0871810941075035 0.02537797248408592 0.9929942835267211
22283943 0.1671862226879685 -0.10830815256212996 -0.09645102418006171 -0.07507235348165313 0.08523662433290559 0.024479528892750065 0.9932268684848622
