#timestamp tx ty tz qx qy qz  qw
3174949.683 0.0 0.0 0.0 0.0 0.0 0.0 1.0
3224967.8819999998 0.07514847480370392 0.02642489585760716 0.0034623075061076857 0.002893602261334818 -0.0044536499274040525 -0.001812552297488212 0.9999842532372428
3275029.8099999996 0.21837152329563383 0.03420811074446395 0.00862220994462122 0.006019696804239507 -0.012562571240245969 -0.007068755359899692 0.9998779814316748
3325103.3655 0.21800777962328072 0.01752836196285985 0.0007322289690419941 0.008472375404663793 -0.008004265148696081 -0.00543051109583477 0.9999173266543938
3375054.8980000005 0.07802625247137462 -0.023333795523392386 -0.0248061884049123 0.007077969080227018 0.007244084448679138 0.005671957813933819 0.9999326249746813
3425007.2109999997 0.07175809942948756 -0.02537968519688109 -0.019817237920158645 0.009431486479307463 0.007440895504046511 0.009285380565746192 0.9998847242780727
3474965.8485000003 0.2054160433202848 -0.005731346005503642 -0.013787148129077085 0.014783885365984198 -0.006948909905621041 0.0003439972819104676 0.9998665066149975
3524993.2109999997 0.19732552923905977 -0.010751192123204363 -0.008497520544119107 0.016651312089833777 -0.009730508009593377 -0.0013553760672122181 0.9998130895198755
3575063.911 0.04468063061069701 -0.04730920866889073 -0.025812675207192454 0.014797174440186045 0.0027157384297737536 0.0020622766418428038 0.999884701057287
3625163.7954999995 0.04069947061541155 -0.045298798004876864 -0.014815515774013183 0.013116426722679124 -0.00018478936678432493 0.005550393217345162 0.9998985540233827
3675227.1575 0.1694960980774403 -0.016531776987316577 0.004028156602530197 0.014511258481124764 -0.013694957887618292 -0.005520320111747717 0.9997856758183797
3725228.1735 0.15973437288230832 -0.015270391642616154 0.012043514179127432 0.015691625925869274 -0.014882946287853097 -0.01121934232183596 0.999703154513109
3775184.074 0.0007544127994217301 -0.05652859514553154 0.015670842844857688 0.010335898693097345 -0.00405892908338054 -0.007723727195123537 0.9999085149808044
3825153.861 -0.05884554146767691 -0.06997627005855772 0.026936178006027916 0.010319370949955244 -0.002987912562767695 -0.00895123761928721 0.9999022243733622
3875172.7715 -0.18041031137926275 -0.11580717590590756 0.018482706108985076 0.005415210036125233 0.0014028673844377014 -0.0014318564292482396 0.9999833284862966
3925255.5725 -0.16547488406413652 -0.12210068943983123 0.011180832320745704 0.003290790695803011 -0.006455858437295025 0.0015900606244440773 0.9999724817691957
3975351.2465 -0.09926450782546714 -0.06836659162614303 0.03335127580330422 0.009594867452159544 -0.014720059458435615 -0.004376511396726356 0.9998360388164201
4025404.7535000006 -0.1718211754305873 -0.04729190106055708 0.05304236675303053 0.012139906239374658 -0.009398232155324135 -0.006396120046403955 0.9998616832128361
4075404.6455000006 -0.12300999416863288 -0.04790050536522915 0.030455875916808095 0.009687160875977744 -0.02085367934404411 -0.005863869807647358 0.9997184093547831
4125400.0909999995 -0.20394583238575478 -0.0635306094396845 0.009836303723481519 0.00518192060931616 -0.019896777921787484 0.002217283915568877 0.999786151924084
4175362.435 -0.16302872822776462 -0.04201363129909687 0.01820263296970616 0.00048339705434948476 -0.02941713936940771 0.006361655249674213 0.9995468611231256
4225412.853999999 -0.22525853373941507 -0.04111198804584849 -0.008636444454112492 -0.005091045418868082 -0.024487914234711305 0.00851681423020243 0.9996508826527112
4275479.233999999 -0.20005815771170207 -0.017840432631199783 0.044004745842093976 -0.008368787074272575 -0.026967604977690143 0.007032645728554627 0.9995765371289632
4325527.969 -0.25831612982699576 -0.0003067123736111939 0.04269782970871053 -0.010417213428618672 -0.01812915734248945 0.010955513079395792 0.9997213572048969
4375540.632999999 -0.2077949966576605 0.005233037499966547 0.04859532032585303 -0.012879328714753478 -0.02388176804492254 0.011941339631183549 0.9995604976461997
4425547.802500001 -0.24420849127642025 0.007561622676596514 0.023643818164814544 -0.013449031440958117 -0.02159189511335553 0.016734200382704248 0.9995363325843967
4475501.55 -0.19795722549178374 0.00683622527907575 0.03217510798843166 -0.01451500765745889 -0.02653259198848868 0.011891154546222422 0.9994718287969072
4525489.192000001 -0.23729694051695405 0.014364334644401155 0.013137661046692915 -0.013231346820194863 -0.02334101155450548 0.015572012349920705 0.9995187047135787
4575492.523500001 -0.1949632460843557 0.018927379168734455 0.01676437770931652 -0.01177473002266789 -0.027479743586191666 0.00450072069092171 0.9995428769885726
4625510.942 -0.22882320306703713 0.02754025169726221 -0.005625352086239023 -0.012256524546387424 -0.02497778823456804 0.008420444490942952 0.9995774026134884
4675525.4005 -0.18545873138180285 0.03714224136152716 0.005249769385903609 -0.011739845513986113 -0.02855008749699975 -0.007090249574270083 0.9994982725808965
4725510.4854999995 -0.2163769717563693 0.046767038112993535 -0.01151127252886363 -0.016429654016509126 -0.025321631708058623 -6.600264934081243e-05 0.9995443347246732
4775464.8434999995 -0.14910557485094086 0.055038674091354094 0.010667201279792888 -0.02002126502815726 -0.026585785716885326 -0.0031941281800519227 0.9994409149567859
4825403.9635 -0.1071946908220809 0.08356114208090673 -0.027200741615380518 -0.017334432163387085 -0.012823936619922089 -0.008537632002119142 0.9997310503085005
4875314.6005 -0.12721623811810023 0.09302128302363812 -0.05998174836925662 -0.01811521142562422 0.004366824620604829 -0.0017364563235882325 0.9998248620019279
4925176.435500001 -0.03579501651244434 0.0889008341020871 -0.05362011914732645 -0.023764097632064628 0.012534469801809563 -0.008596225953817474 0.9996020506330868
4975017.3265 -0.07126043870833822 0.09532814310730472 -0.0892324715637591 -0.02925395244958431 0.034984098162081465 -0.007028527746728683 0.9989348922425209
5024880.244 0.012253318204912043 0.08135452368256887 -0.09305955836297897 -0.03529162037181326 0.04061703826687997 -0.022164298774626157 0.9983053148179608
5074878.7335 -0.011275443807349097 0.08874089119890347 -0.12581881414890556 -0.04018147123177537 0.05640591104991171 -0.019076134839994877 0.9974166249104964
5124946.758 0.06569565955389285 0.11235082612026162 -0.11319835291412388 -0.03800580129328566 0.05772616869700129 -0.018495621699782656 0.9974372965222221
5174996.725500001 0.06125304613161089 0.14768504524715304 -0.11091835292855841 -0.033634366087325694 0.06467306267776539 -0.009212013289146054 0.9972969784336772
5224935.994499999 0.15913299345279938 0.16129878440552625 -0.12428975087099152 -0.0329538734284103 0.06298562919307592 -0.00533971016551506 0.9974559339823313
5274845.0095 0.10642680364248724 0.1523257577772841 -0.11803529230336646 -0.03250708474352453 0.07462180943968043 -0.004959803728463761 0.9966695918630207
5324713.87 0.17666033157849928 0.13676392930732356 -0.13089826922935877 -0.03381746886040499 0.07338406988583489 -0.006367897703545087 0.9967098910744809
5374686.784 0.13664911415467815 0.13925685662825965 -0.13605738119574404 -0.032883129881043326 0.0807216481758618 -0.00374308644648956 0.9961870831268859
5424707.0585 0.22026843309175648 0.12398967004467439 -0.14703579053607854 -0.03488753979467374 0.07552101466202252 -0.005538932094036766 0.9965183170131653
5474720.0030000005 0.1646494746351907 0.09144553546641011 -0.15056209781941957 -0.036940943896286764 0.08034446269297628 -0.0024948180507207074 0.9960792688644424
5524674.461 0.230628589958385 0.07010843091894922 -0.16128651762750218 -0.03844485951723501 0.07528255451566335 -0.0037944899006750565 0.996413634796659
5574583.694999999 0.16902711661766545 0.0392112257897767 -0.1670419229004731 -0.04023412456081438 0.08114212902832399 -0.0024664038937853737 0.9958870854516633
5624526.324 0.24347835473424687 0.013366223624798102 -0.18151934003235864 -0.04225665087925254 0.07714342552499087 -0.0009443373647364787 0.9961236748424769
5674558.7085 0.18474331800305074 -0.016345595138751334 -0.17562497031670082 -0.04305678587899505 0.08251466629451094 -0.001105043568803823 0.995658687460109
5724643.755 0.24301009601251544 -0.03498873851522239 -0.1853317224780527 -0.04363073304375005 0.07833443653492443 -0.0030563099252010153 0.9959672354834078
5774738.7354999995 0.17405394552212433 -0.05647536756344652 -0.16851753229492206 -0.04231495636269609 0.08036115113818096 -0.004641232917684659 0.9958564097362498
5824800.304 0.2210015085504178 -0.06585270011302789 -0.16912630583012597 -0.03997805236185136 0.07533787819675407 -0.005172394980870828 0.9963429157515629
5874805.39 0.15338497306230872 -0.0841930202095671 -0.170188667889638 -0.03523380323491824 0.07834898352090121 -0.005592847058813921 0.9962874765611688
5924794.1945 0.18815185220360867 -0.09182142461393374 -0.18809152610370702 -0.0294442327463468 0.07163950091077012 -0.011787986593883842 0.9969262071183087
5974810.899 0.1189555562381045 -0.11701771326916463 -0.19191022690331108 -0.029487254543719296 0.07497165809081283 -0.010939642394340504 0.9966895587528105
6024845.247 0.17707226642647955 -0.1353979436931945 -0.2001866201821861 -0.029391475553227044 0.0689513774270806 -0.0070754923043958315 0.9971618655586277
6074881.381 0.13362283505520248 -0.16417614246840626 -0.21055709787340104 -0.030443373534687124 0.07254390135115862 -0.004995478909939237 0.9968879719281607
6124912.432 0.18169260003767831 -0.16418215634410974 -0.21312402239087902 -0.0260436127158003 0.07138675025514382 -0.004912075707740943 0.9970965518127923
6174932.255 0.10772736502860943 -0.16642952348889714 -0.20740036165413744 -0.021125900968884247 0.07653171948208862 -0.009351233636663533 0.9967994515702947
6224948.427999999 0.1375718087557736 -0.1460927660708765 -0.19298785579040503 -0.014215584765418296 0.0684571607139757 -0.014804778402289526 0.9974429070544425
6274964.882 0.09045519359880802 -0.159890807095524 -0.188753849431151 -0.014791839775164305 0.060540094170869946 -0.012366904859900229 0.9979795379355402
6324987.5505 0.11698954504456331 -0.1485873483222389 -0.12758154089079246 -0.01503709942910426 0.046768907769211526 -0.012381299318761769 0.9987158045880787
6375017.960999999 0.06324064761885505 -0.18012533355648583 -0.14170288156483957 -0.023561614239129947 0.04592503721323186 -0.01391832280256916 0.9985699883241901
6425067.928499999 0.09073168413214985 -0.17687660289879728 -0.13281585197204016 -0.02371339203993582 0.042284876109342964 -0.014747399761421918 0.9987152639719965
6475138.137499999 0.02475609738368616 -0.17610692840529152 -0.13428656122281127 -0.02279982313430104 0.04325994931044991 -0.01949133902613051 0.998613455023349
6525165.601 0.061147405755178415 -0.20148881628421306 -0.12543939037719135 -0.02569122197514278 0.03149859009969244 -0.026499474896537166 0.998822095152767
6575200.62 -0.003760574392084353 -0.20001230441064977 -0.12359671740876293 -0.02638636923839273 0.029439199893370235 -0.027224404107328168 0.9988472980636501
6625236.3944999995 0.03143733142899143 -0.20342460952673888 -0.11427155565892771 -0.026929401077301546 0.01739684162199939 -0.02629459258135882 0.999140006035279
6675270.0115 -0.049214737814376595 -0.23093824179991615 -0.1623979723756238 -0.032373098773631606 0.020102503224246362 -0.03003383565019181 0.998822226703055
6725319.1675 -0.00478735096688353 -0.24354921231520923 -0.15694762998675743 -0.0340718743777648 0.011410419644899144 -0.031817834513033154 0.998847603544612
6775370.490499999 -0.0773222125438771 -0.2303063109053734 -0.16163282967877415 -0.03334140448456354 0.01514118377203834 -0.03046747013463792 0.9988647699086063
6825392.207 -0.043221538902588626 -0.2066134862752341 -0.13155949729952487 -0.03016706531427676 0.008341475666143974 -0.031239339322323506 0.9990217573370161
6875413.1045 -0.11239428796072684 -0.20256604549928278 -0.1406836520826148 -0.03313451933328404 0.009536541047648103 -0.029283485400216757 0.998976293760875
6925364.242 -0.05275490029413438 -0.19174693574327406 -0.10395462010014324 -0.03518657315868858 -0.002752778792769936 -0.023583053778428287 0.9990986772350118
6975345.4455 -0.12361623805364019 -0.20248469921367115 -0.11764192283370394 -0.0394521954363443 0.0017748776647754773 -0.022058298382839858 0.9989763788783903
7025351.264 -0.07547399071745135 -0.19312930757701735 -0.09282864273945486 -0.036458054656730944 -0.006961537607665334 -0.017015671753814337 0.9991660593512723
7075399.78 -0.14388186832652347 -0.18775265592340365 -0.10518534561090324 -0.033591728702822315 -0.002853415137140166 -0.013892383766990899 0.9993350066209438
7125450.939499999 -0.0943206535739966 -0.1660449860267642 -0.0908789733710077 -0.029265670159057275 -0.00979047526639792 -0.007400983672610991 0.999496319445388
7175481.630499999 -0.156923708386701 -0.15363598163761277 -0.094130400549769 -0.029620582185887444 -0.008572008125908614 -0.005261560041912867 0.9995106091350826
7225473.392 -0.1117003254554763 -0.13256144297694603 -0.07869512749628346 -0.029237010129362848 -0.017359610205173598 -0.002694345517191829 0.9994181215459594
7275476.442 -0.16748308571903714 -0.12295565730340098 -0.07059872040960614 -0.03209561092272528 -0.01917164121240671 -0.001626546383190599 0.9992995918540062
7325520.716499999 -0.1237187209312864 -0.10108025919556453 -0.04703805040650353 -0.03135656369450511 -0.027402611855738692 -0.002244259917882848 0.9991300346172048
7375576.749999999 -0.18706154080715467 -0.09201797809881161 -0.046953174205862994 -0.034158156154650544 -0.02830504208942504 -0.0019042200573282074 0.9990137230821226
7425639.791999999 -0.14896694456798937 -0.06644088006116611 -0.03358017994919224 -0.03360433743825611 -0.036390816349836014 -0.005074867483733682 0.9987595820370139
7475706.391500001 -0.20351905298429154 -0.05340144626658198 -0.023402201114729806 -0.0375378413816893 -0.03855189230157528 -0.0021641194909122973 0.9985489365330074
7525740.2395 -0.15208303735509926 -0.026310841028257342 -0.006583256036685738 -0.03683544424521477 -0.044012018765974735 -0.003865540236453311 0.9983442040950014
7575723.3695 -0.2124407269880265 -0.014327379878860543 -0.005169340509900476 -0.03688883195538402 -0.03703612405818805 -0.0057625790447372646 0.9986162086980499
7625661.6475 -0.1600098477162971 0.002627775068534701 -0.002500886383342573 -0.03528075112151126 -0.03445637674151987 -0.013000251452241027 0.9986986633436169
7675593.763 -0.21070516344201262 0.002579425337142802 -0.015259499148617786 -0.03671723805993536 -0.024854394561677554 -0.014819813554757194 0.9989066405958189
7725527.8655 -0.14691395239584465 0.012890370368949527 -0.030040376934185372 -0.03370220677390948 -0.027268119557006934 -0.02138634749098667 0.9988309341702368
7775495.5254999995 -0.1928403163340146 0.012391647564152357 -0.04355175120343431 -0.03626564783431744 -0.022798767306948648 -0.014944417378824789 0.9989703115636863
7825497.943499999 -0.1249371326065574 0.02843893789638388 -0.047888914708084415 -0.03615234826861105 -0.027495545308507924 -0.016738296281892672 0.9988277289605213
7875530.0385 -0.16757194927514185 0.044600487839532334 -0.052553673153048854 -0.03756148632157811 -0.020632833450239026 -0.009946705588897174 0.9990317732570152
7925549.4095 -0.09738973366382328 0.0628020934996039 -0.03966700078381792 -0.03788330226980792 -0.021706264779760176 -0.01562890079361645 0.9989241367283247
7975523.227 -0.1444245721495595 0.06359982931761535 -0.05458244502120752 -0.04408765814669335 -0.01455179157834186 -0.016705908467729493 0.9987819764008903
8025521.2245000005 -0.08777842925005484 0.08907998522012742 -0.05566202154232629 -0.0440379819166021 -0.015239966392759196 -0.02724603603592688 0.9985419636116398
8075620.487 -0.12647294777995047 0.11662511418473588 -0.056965067220685534 -0.04689545320529737 -0.01217191570977423 -0.02187758955015333 0.9985860163311415
8125846.578 -0.04878490199948644 0.14587059670936148 -0.04557055319986168 -0.05071183671464392 -0.015327524581610458 -0.026482848713921203 0.9982444767346439
8176131.359 -0.08817742495630876 0.14389779620533868 -0.05235174017334996 -0.067291296133583 -0.00913470140447109 -0.021064413911744042 0.9974691620102689
8226373.271 -0.012589299995673065 0.1451654194852122 -0.03288219400870305 -0.08340557796275114 -0.010221431198896791 -0.023734068979929135 0.9961805689123843
8276521.686500001 -0.04576487542962828 0.1115271872583326 -0.0395747472867165 -0.1112938433788113 -0.003800649630177257 -0.006460726050201059 0.9937592739226464
8326519.193 0.04441240934432335 0.10994466442467767 0.001893272356392406 -0.1253265780834626 -0.012379233235966947 0.004126987175224175 0.9920297230361773
8376367.864500001 0.0043882457056019 0.07948149762814771 -0.048157836720587495 -0.13291839707683759 0.0001157042580824113 0.005008110962455798 0.991114324967426
8426194.089000002 0.03623795416790279 0.08609386739195982 -0.09180968066875785 -0.12848123733044992 0.014427539025190483 -0.0037371095973633434 0.9915999454334246
8476050.550999999 0.008213866396304491 0.13428871610951115 -0.06783801709898306 -0.10890617403848181 0.01922101135628968 -0.009083818658860857 0.9938246737817059
8525989.6495 0.08593217197841796 0.1436032823340341 -0.04865236195651739 -0.10575599293764647 0.021635674527437154 -0.012095580663417347 0.9940831275471533
8575949.2605 0.07796774459898186 0.11267080251282284 -0.0743895769555916 -0.1103406004360588 0.029486505181223265 -0.004492223357645184 0.9934461826575776
8625837.793 0.17209132600828814 0.10674213373643035 -0.07672366671742005 -0.11228016854466685 0.02618743081560633 0.0009249276853664125 0.9933310257550783
8675651.1445 0.1402006175892595 0.07999835592637065 -0.0635960460358958 -0.11483418764045637 0.03267809732805705 0.008382217490652377 0.9928116587419357
8725463.114500001 0.21769338657831444 0.06144988362130936 -0.05953677390024395 -0.11650735735895511 0.03165616018465831 0.009235596476688177 0.9926422452028303
8775324.637000002 0.18459328370119146 0.027060000560061317 -0.07287217565961854 -0.11885464912105742 0.04146234902211147 0.011280956999820154 0.9919814443854518
8825258.003 0.27248812652213134 0.04985484764993159 -0.0470279484662322 -0.10697112815569487 0.033847237504131204 0.00845593246804226 0.9936498575758629
8875214.1535 0.23878818060116047 0.016315548444837822 -0.06863240699225649 -0.10954094829532275 0.04496143052734557 0.010975922687338598 0.9929042146816871
8925141.9755 0.30232097060965796 0.011543078144030543 -0.045300471486920575 -0.10812381008149533 0.04697790134769452 0.0070733754156903465 0.9930016544994553
8975048.402500002 0.25372890786288366 -0.007107429756685014 -0.05023265578570669 -0.10776728471660367 0.057174677035541806 0.0064921430324492956 0.9925095066192254
9024951.39 0.3114743137688866 -0.009987889706444993 -0.0319607592696905 -0.10787111219320418 0.05489693356760054 0.008189637649277291 0.9926142652985848
9074878.87 0.2768724103168041 -0.04454733810949983 -0.06195411872990305 -0.11220652213354183 0.05991334903931276 0.012390296711106728 0.9917996609925813
9124861.7805 0.3486244294607197 -0.0676543976376179 -0.05130626876499867 -0.11359297329666898 0.05768621446963502 0.012765065926985812 0.9917691214035983
9174861.1505 0.3116396531155928 -0.09580795795998273 -0.0700842337898772 -0.11630627006473038 0.06262347482598336 0.014993211545587507 0.9911237841722388
9224863.921 0.37584496434450837 -0.11802887830149529 -0.07254727238765125 -0.11689007106651055 0.059101036931106916 0.011253241080818037 0.9913209083263154
9274883.883 0.3178663664234171 -0.14695237555336252 -0.0890430501125228 -0.11808928799637351 0.06180416411230822 0.009383242167068316 0.9910333597439204
9324922.684 0.3552579736320663 -0.16000816065124082 -0.07373333160309277 -0.11832375553021067 0.05673733766144089 0.007179870550616611 0.9913267941759644
9374969.314000001 0.27561217311279534 -0.16676442375744013 -0.06157011423748823 -0.11764417951133552 0.05910695913632599 0.008046248110021512 0.9912625647627944
9424988.5745 0.30907270167966133 -0.18894310780314705 -0.05854479623196671 -0.11679249890801302 0.05432576867381289 0.006193976932469131 0.9916500681725289
9475003.976000002 0.23294024885501488 -0.200387531101472 -0.07062428469687927 -0.11109593518754755 0.05455702415190442 6.93449949275611e-05 0.9923110497680475
9525010.084 0.2544034936743571 -0.21644936890071448 -0.058213080302867544 -0.10848005561429622 0.04984061051450679 -0.004640463802161329 0.9928375784453172
9575038.739500001 0.18749296517416333 -0.24298689526787065 -0.07929870808415002 -0.10988188588989778 0.04928275076673204 -0.0063359172650044 0.992701887669483
9625062.141 0.21656337577530058 -0.2515576431408241 -0.05075284302152177 -0.1091796789731117 0.04290802694152691 -0.008209281962149284 0.9930615824877023
9675091.3675 0.1606484159157203 -0.2766395161194535 -0.06488327624674105 -0.11192051455085279 0.04100696602579534 -0.006832545070968467 0.9928471904013652
9725098.036 0.2156224952458837 -0.27765956803916214 -0.04850872469190522 -0.11097186463771672 0.03171699465058508 -0.00038840825394275606 0.993317233640991
9775113.929000001 0.16370863184555565 -0.2838597181770666 -0.06616905113972807 -0.110486796436366 0.029933221324714484 0.00045687419232971044 0.9934266260476046
9825148.698 0.1966127344331062 -0.24822399447600077 -0.039439527523766144 -0.10065779113591497 0.02608580437019494 0.0026329820366525294 0.9945755915462601
9875197.986000001 0.13360476844230681 -0.22629487025609382 -0.06063007062569396 -0.08969066052057947 0.026374649749089672 0.006772588655486899 0.9955973560174306
9925246.129 0.1607358038992788 -0.16156185484388438 -0.026869436618389076 -0.06937978119195157 0.016096265735832473 0.006370070084585592 0.9974401126875918
9975283.136 0.060864144877941354 -0.13173334503476095 -0.06839617328716051 -0.0505065990976577 0.019594551787105494 -0.005352983179830752 0.9985171418453103
10025329.345 0.07776078937753678 -0.1250742806627143 -0.08134048098452548 -0.04157172654606203 0.01379240358266243 -0.016638065721033546 0.9989017649020623
10075471.3 9.051093801174112e-05 -0.14123972755687111 -0.11029731460171775 -0.04196986098242416 0.014579506759392173 -0.019788595767953193 0.9988164897664141
10125450.003500002 0.054653419884796904 -0.15306907739069978 -0.08783942204539065 -0.044632961527203974 0.001378900100902427 -0.021542228656980175 0.9987702086888222
10175578.0285 -0.02914834500233631 -0.1567144554321997 -0.09313867908308908 -0.04636171900226385 0.0036751805807373186 -0.02319418341893742 0.9986486438755039
10225609.4695 0.01757161031727741 -0.15553319673791863 -0.07601911170926064 -0.045239667337986685 -0.011508024637365182 -0.0248214775708378 0.9986014380719139
10275563.8175 -0.062068770958282816 -0.14567086893427603 -0.07857164611100778 -0.04306039204788046 -0.013898176290128426 -0.021628408385129576 0.9987416359015064
10325508.209999999 -0.015089115482705043 -0.13741209899876905 -0.06565975553174401 -0.039221771056932676 -0.02775253503035744 -0.0206134437581783 0.9986323324482214
10375520.3045 -0.09038824247524171 -0.13244742932880163 -0.07119973251951317 -0.03716044263117533 -0.02965265801998107 -0.020205000339433035 0.9986648984204305
10425606.794 -0.04557600989100368 -0.13790313210848887 -0.07378228736427407 -0.038368281814803555 -0.040004809780035656 -0.024046020939689536 0.998172970492595
10475736.573 -0.1093369015310841 -0.1410748014247905 -0.07368431707926239 -0.04108396771090804 -0.04289742068875306 -0.021577829850274517 0.9980011603972883
10525836.076 -0.06808394831414268 -0.14503556071676654 -0.06937642420440443 -0.04151792715483301 -0.05406816472625121 -0.023041203361236 0.9974076389498765
10575880.661999999 -0.1304936957392053 -0.13878920416110443 -0.07640820806485149 -0.040018398193248296 -0.06062996634221273 -0.01705483432202879 0.997211947187576
10625897.888 -0.08659830828899916 -0.12954066192751817 -0.07768264258323587 -0.03725332473735295 -0.07355550807629081 -0.01750541999698779 0.9964413366066168
10675935.154000001 -0.13732620665549214 -0.11415407321250005 -0.07029074494497661 -0.035307682533420454 -0.08118949781681616 -0.006245730466080505 0.9960535245905802
10726001.0735 -0.08739302647608141 -0.08638535504040183 -0.048268393120108964 -0.03269172601262827 -0.09501084002772872 -0.007790481147871175 0.9949087896541196
10776068.475000001 -0.16771236234711978 -0.07587888179068192 -0.04665636904764238 -0.03486267026999383 -0.09174174007959035 -0.007202158191746942 0.9951463089748138
10826115.1655 -0.13771014157430556 -0.05455007736421353 -0.03595721739453966 -0.03593771461815708 -0.09759489870086843 -0.015190319568746845 0.9944611458508524
10876121.203000002 -0.2227168983486277 -0.048578582374376233 -0.04651020782598191 -0.039432611078968595 -0.09214239962679928 -0.016688490342196678 0.9948247793780614
10926105.525 -0.17589310338779407 -0.039027969747521395 -0.054753117487033584 -0.04018353659562105 -0.10169246011329777 -0.019635828209778272 0.9938100226870777
10976087.874 -0.2540371535802808 -0.0037804294634701556 -0.04428397511510828 -0.039164085727847735 -0.0963290269094061 -0.024625837209577787 0.9942738360761165
11026108.819 -0.22078560762504587 0.009811976833074625 -0.028817312924436324 -0.04378224778540652 -0.0932170168744777 -0.032278996214188255 0.9941588248098415
11076144.041 -0.3006046422177656 0.042015795628483774 -0.03457383242434954 -0.04579234808131285 -0.07743363266312892 -0.03851977761803851 0.9952001407365497
11126161.969 -0.22932301457279405 0.05696117442464506 -0.026633623319031675 -0.04692856888036077 -0.08069745251050596 -0.03985546648118934 0.9948352488591881
11176149.019 -0.262726867077106 0.08230727768756387 -0.046364188672056356 -0.04614535848744525 -0.07747223173310482 -0.03359297086510992 0.9953593177887136
11226179.1575 -0.168158304897889 0.09066750271954677 -0.050878987983430504 -0.04850838769132349 -0.08374543814228716 -0.03206689483725047 0.9947890993418863
11276340.8675 -0.24198621786638766 0.10538889688698928 -0.051554531044597306 -0.04996628856272731 -0.060519341147343024 -0.03851101058973098 0.9961715120488617
11326409.000500001 -0.1743223815908894 0.11799470118331978 -0.019606476735883043 -0.0510703870544592 -0.05420547904722801 -0.05160356649083931 0.9958868678383072
11376507.693 -0.22163875307580547 0.1463810932034702 0.01723418041215866 -0.052791448507053355 -0.04582346963120124 -0.05225543192437913 0.9961840404412641
11426570.814000001 -0.10882359303134227 0.13749956114798206 0.019974932284443747 -0.0649052463257407 -0.06371318597995752 -0.03777377562269001 0.9951387244032286
11476652.523 -0.16176680698841434 0.149398421079159 -0.022497237436163824 -0.06867976718851423 -0.05001867286118901 -0.03999979115469565 0.9955808549041698
11526817.008 -0.07839324018436478 0.17314102665574707 -0.00013917140955222257 -0.07078375995106799 -0.05239345540533762 -0.03841706406447538 0.9953736556422138
11577052.7365 -0.12353697801043104 0.1778100065998924 0.033770345816039576 -0.08315662409139855 -0.04428796305045055 -0.03575366727939067 0.9949096579462069
11627169.322500002 -0.05059567795517004 0.16792712858604264 0.07483684936404927 -0.09505744356285867 -0.043997617502333754 -0.027092693782892755 0.9941299100323854
11677111.227500001 -0.08695894486160644 0.14524179169252985 0.07550884125892125 -0.10764707337667274 -0.03550837630987881 -0.017147478908036928 0.9934068787623588
11726917.2415 0.0031691075924618244 0.14562749928135796 0.0767102491893849 -0.10810488006990174 -0.034883432134819155 -0.01944814515475359 0.9933369270884916
11776650.272 -0.029597918583638905 0.12253033491054068 0.030614298591910262 -0.1143135943245846 -0.018823230858913808 -0.016490695509422486 0.9931294704590342
11826366.189000001 0.0493970339854842 0.08015518989349096 -0.008373786166940926 -0.12559108004318928 -0.00838495839022038 -0.011068252494230022 0.9919849126237271
11876104.974000001 0.02335776480460412 0.036277109987657596 -0.0576318885109593 -0.13041351837365608 0.0032549631959363197 -0.007398747273021626 0.9914267385837379
11925942.176500002 0.11378843284191975 0.019180283435400087 -0.029817976094951855 -0.13102215054235794 -0.0031170422552820503 -0.014156741055159256 0.9912734571234779
11975881.4455 0.08193617294828806 0.0014599775315512434 -0.05707854943666056 -0.12691111434976027 0.0058599925604036094 -0.017201901544269267 0.9917476111012091
12025899.444 0.16460177068785337 0.014976246737262456 -0.009972078169938092 -0.1195866903240632 -0.000777885797139549 -0.02056793641423983 0.992610385993761
12075859.476499999 0.12863009679952703 -0.0007405901858396072 -0.026535576754930845 -0.12098107156888885 0.006479514961254721 -0.014123865642233826 0.9925331796102488
12125697.4595 0.2139472897152677 -0.014481909988341235 -0.010275403390359187 -0.12402001264202318 0.0007144953320463021 -0.008772095436650652 0.9922406846639292
12175462.631 0.17573835883494326 -0.04548641137223899 -0.0334446687324774 -0.12776263325210774 0.006941498226109194 -0.004989659018057195 0.9917679307427458
12225274.6715 0.2460583250999271 -0.06796409191422757 -0.02145916418012993 -0.12964261056156767 0.006762984304938913 -0.003951099343961003 0.9915298504755402
12275182.151 0.1957187447395032 -0.10048378533588548 -0.0409329619919587 -0.12909264862599582 0.01790326687784582 -0.010774537327083509 0.9914123614577403
12325152.859000001 0.23509694247535198 -0.11058045940342234 -0.017587020716931603 -0.12351819930343712 0.023007423988924518 -0.019873169162921995 0.9918764893017941
12375138.4745 0.19417981071090354 -0.11892785564524487 -0.016859660352774815 -0.12096563359613792 0.023973599846775374 -0.013726570770180822 0.992272222353303
12425129.5255 0.2470415178796734 -0.13663776411890588 -0.019993834360107404 -0.11699623790963948 0.02123670259252055 -0.013737395714170323 0.9928102370226549
12475179.879 0.20269377836170174 -0.16117220177682573 -0.04495735103776801 -0.11639988874062522 0.02128952411218727 -0.006645645557171378 0.9929519915179058
12525199.166 0.2364884807767328 -0.16153215637907925 -0.02940715603869676 -0.1117115861728881 0.02338549240049321 -0.005962966162303409 0.993447574507317
12575260.923 0.18310596791757067 -0.18063117773695447 -0.045621469571227445 -0.1118845728089891 0.028506544256943846 -0.004912341904438947 0.9933000997678854
12625283.724 0.22100040063013038 -0.17596198027146065 -0.017846879181972745 -0.10889399082594389 0.02992229621194797 -0.00600121135903323 0.9935847927648791
12675282.423 0.1758052327830169 -0.20670003921590527 -0.036740832131029584 -0.11376817791267607 0.03209837335256809 -0.006040315032942748 0.9929702969962655
12725256.038500002 0.2351644200339926 -0.23419196657938293 -0.033270898385938295 -0.11760053049586815 0.023728242022359403 -0.00873146984481458 0.9927390629928732
12775256.9845 0.18542535245216082 -0.26189528329738904 -0.05457898652424829 -0.12058746294605562 0.01923988617151833 -0.006956461331068567 0.9924918630427607
12825301.2195 0.2348634806332093 -0.2866243796445787 -0.040355103708976936 -0.12304393135489582 0.008210451927025714 -0.0076358343691477005 0.9923378827140343
12875374.867 0.15858043256546314 -0.2909699309928474 -0.04493332245462439 -0.12290783985047012 0.006400066784940763 -0.007478324380762406 0.9923692743696247
12925471.1415 0.19254224146783167 -0.30025759079501435 -0.033611094354993896 -0.12247782211865164 -0.002680934598116569 -0.011112646239576461 0.9924054135142082
12975535.306499999 0.10612734455120179 -0.30067902146791353 -0.04441752836843198 -0.12018692107709776 -0.0032176357376714816 -0.01387457149864237 0.992649105720645
13025566.568000002 0.1289064057678846 -0.3190988860001418 -0.042843837202837715 -0.11854393834100217 -0.012276583656498188 -0.019058769532173662 0.9926899734963828
13075590.039 0.04443256120290518 -0.2941607823671821 -0.03135668662252092 -0.11266737323404301 -0.01763013198595894 -0.017493730290341774 0.9933223096534313
13125668.068 0.09240271690188757 -0.26241330167845267 -0.00907603517829857 -0.10315936472013942 -0.03387501310988503 -0.0062747547360131545 0.9940680340954262
13175764.4445 -0.024246066233666996 -0.2139831818215361 -0.028524790345682886 -0.0804165171151059 -0.022081706786343976 -0.017351105169425018 0.9963656563480484
13225802.7225 0.0044547679185369775 -0.15968009956405207 -0.04732463334584208 -0.05170673936946798 -0.02407721868102926 -0.026012920236079314 0.9980330799252873
13275799.497 -0.06109998717842134 -0.10463342770761079 -0.04926732520107527 -0.02963143461631366 -0.023887518665758715 -0.028398551228063902 0.9988718070016389
13325772.582 -0.021517830441173467 -0.09955600293729257 -0.07570111690331936 -0.019044532625733225 -0.029149287153657957 -0.03896341312361451 0.9986338053927774
13375777.317000002 -0.101834696766183 -0.1106637625310884 -0.09245488228554016 -0.02213429747067905 -0.023014567674806523 -0.042529074589037374 0.998584838841859
13425841.14 -0.06289500582127043 -0.1411908278982032 -0.0975125915068072 -0.029543127304968456 -0.02933785299690456 -0.04526916627395057 0.9981068062063478
13475922.8885 -0.12018409926843984 -0.1470425478211144 -0.08101793038255341 -0.037082244236824255 -0.034285622473075546 -0.039386298514437014 0.9979469538724621
13526001.1675 -0.059683746855625365 -0.1480068770424489 -0.05310527130917355 -0.04029814679277388 -0.05196779387806838 -0.03229772597132376 0.9973125210592696
13576050.876000002 -0.12784030523055936 -0.12754355109267762 -0.042626563863352826 -0.03872919272941232 -0.05668276761085192 -0.02692836635601913 0.997277281688447
13626124.0105 -0.08270345488250723 -0.11749866586149366 -0.025170163143350556 -0.03813091624311622 -0.06919765264669184 -0.02341575356938864 0.9965989266397118
13676138.49 -0.18229109673143748 -0.11119796502326182 -0.038709905373265976 -0.038154220567363256 -0.06055187785720414 -0.030805337578995923 0.9969597568194553
13726203.497000001 -0.1304621822904491 -0.11063873654487114 -0.04375912584122125 -0.03862556744579125 -0.07266842591994746 -0.028264966683545275 0.9962070352452777
13776238.969 -0.20140480218383386 -0.10277229169446667 -0.051973322846245985 -0.042046829163394896 -0.07703652229972419 -0.024510275986306267 0.995839688283382
13826271.274500001 -0.1349355111119597 -0.08616654870991856 -0.02537937858802274 -0.043296774029938444 -0.09880495910746885 -0.014582902983059845 0.9940574975095549
13876305.4825 -0.22920576046632674 -0.06610963789115408 -0.021585553118285968 -0.043431092619325325 -0.09443722083347154 -0.015988113082499294 0.9944544895344396
13926357.766 -0.2023239695699269 -0.04308676257285387 -0.0025471138505488286 -0.04263965159849257 -0.09973946712121178 -0.015553542302330498 0.9939778599806867
13976405.7905 -0.3213138222130191 0.009578236422767894 0.01595244480516374 -0.0370040402459551 -0.08271698500677364 -0.02811951938846532 0.9954887714214694
14026395.578000002 -0.27710646369718483 0.025762824014288983 0.038961280931839426 -0.03786057944843276 -0.0882929532985849 -0.026990817718100416 0.995008757087369
14076365.7245 -0.33682367096442595 0.04998314707089249 0.02859292770878799 -0.03841805015273622 -0.08326224927459885 -0.026872877000357953 0.9954241808143501
14126334.007 -0.2724637342102929 0.06127944315229789 0.02466588779900129 -0.039765345127010174 -0.0878679756202097 -0.028081751924214703 0.9949418834264656
14176334.742 -0.32200619751664317 0.08518398747987768 0.0021787877862529557 -0.03979358668422833 -0.07915668495352408 -0.02764578809068718 0.995683885621746
14226351.546500001 -0.24943226836202342 0.09358358975857536 -0.004612392334465841 -0.04045474849816829 -0.08026636293991946 -0.02980188897855442 0.995506188688778
14276387.22 -0.3063557086633764 0.126025936057658 -0.006649424794072585 -0.03837434066003634 -0.0689325722370555 -0.03418712313739796 0.9962966180185895
14326424.416000001 -0.23040168433579122 0.1295310373719604 -0.0008906285029875502 -0.04106631609766616 -0.06779950357697179 -0.033159255096232534 0.9963017860057993
14376469.8515 -0.27727574764062235 0.14405976360916126 -0.0003972433415396988 -0.041713957945403224 -0.050623111576428556 -0.031912544665981916 0.9973358690931513
14426503.209500002 -0.19114269676201923 0.1370639941255775 0.022363074974389205 -0.045272827709993975 -0.045714645757800106 -0.03233701932709108 0.9974040602561327
14476480.935 -0.21780726814337736 0.13767326778596328 0.023939813971568625 -0.04803799736548678 -0.035344266773915695 -0.035838104924449096 0.9975764451162386
14526412.165000001 -0.12482994097527408 0.1281801607681189 0.008709869381194784 -0.051798313352174004 -0.04132413625610929 -0.04291684663319449 0.9968788265238757
14576358.592 -0.15876708736923376 0.14270422138501773 -0.018009062453149375 -0.05271089622731489 -0.03468798981376635 -0.04312635809072536 0.9970749330012383
14626421.002500001 -0.0859117415745954 0.1572309452322306 -0.01795038155880091 -0.05237722323045776 -0.03948659963085246 -0.042062130470173605 0.9969594836885648
14676580.5765 -0.13517171111987436 0.18329536697441068 -0.03920653356399617 -0.05281399713488636 -0.031063220898839023 -0.036859123698645545 0.9974403054891025
14726757.1545 -0.06776956591558421 0.19539722772419899 -0.030862478110709593 -0.05286422207503137 -0.02607249296378836 -0.040236002232709366 0.9974500805851811
14776851.635499999 -0.12054834776588491 0.21121024226435786 -0.06999545459769838 -0.05394531151747104 -0.0050176490700040025 -0.04063037864425779 0.9977043143608819
14826783.672 -0.012117838494994601 0.1980699674169516 -0.06697957451657514 -0.05531839355039881 -0.00806209952657769 -0.03919398441996742 0.9976666324336572
14876529.870000001 -0.03505945486944267 0.19719712165793557 -0.05002434561124908 -0.056875368294997786 -0.0027086612871103635 -0.0345720360410629 0.9977788482220474
14926274.628500002 0.05511559166458361 0.18358549441173075 -0.05165706653121691 -0.057650855637609966 -0.006355676229076307 -0.03333326499744955 0.9977599298771888
14976100.9845 0.009156749934342134 0.17938406368052218 -0.04915117976485928 -0.05954253201578136 -0.00019298169113427787 -0.032758400299334835 0.9976880959744108
15026072.674999999 0.08619145818634207 0.17967932636192063 -0.06494704137565262 -0.05780545219278737 -0.006134999378770419 -0.03329264862952451 0.9977537226323142
15076155.8585 0.027370528187336016 0.17685319314963235 -0.06830845038190467 -0.05745725237812943 0.0006136523015628331 -0.03407028093218631 0.9977662569646314
15126266.589000002 0.07165936065239065 0.1606357995944937 -0.06555651654591202 -0.058650641429391914 0.005559936368230545 -0.03362123903312925 0.9976967483425909
15176284.025999999 0.005912158032808468 0.14724940437406897 -0.10681592276792119 -0.058073116369942814 0.025696467205168477 -0.031588461711685396 0.9974815155254488
15226130.662500001 0.09243519187163149 0.10268576807748374 -0.11790161681818519 -0.06122953458048249 0.02390811246610274 -0.03411120508998714 0.9972541160309515
15275835.18 0.05747911849700463 0.08604550841932145 -0.11562800093091558 -0.062361157957226084 0.028069841275367623 -0.027745532137580315 0.9972729593423318
15325561.754 0.13961042127886583 0.0707740903137113 -0.07260265139137727 -0.06364868258779094 0.0196467385617208 -0.025031553370367672 0.9974649227940762
15375437.585 0.10764961507210366 0.0489116813446378 -0.096924659785364 -0.06650052128162176 0.02488081860752051 -0.020264607195161474 0.9972702598743823
15425476.9165 0.18018929394342942 0.03854027812242754 -0.07942681791270292 -0.06821827528133227 0.022184051388435266 -0.01708771432362446 0.9972773660325546
15475584.489000002 0.12947366672592428 0.020163681596793992 -0.10408791420718576 -0.06879706928804408 0.03521798939588557 -0.01446165516791647 0.9969039657911346
15525578.4865 0.20717727990791546 0.005574029242519954 -0.09165757367880789 -0.06998318855168724 0.03586349003421168 -0.010910031248646262 0.9968435858352396
15575432.913500002 0.15767296248717888 -0.02604498237073065 -0.11577779159272271 -0.07033315452612213 0.048197519879161536 -0.012293755337365011 0.9962826456541374
15625243.138 0.21960911788443438 -0.06324080867587513 -0.10679003691216041 -0.07130674709088068 0.047561767280533636 -0.012963355467341843 0.9962355030450867
15675171.217500001 0.16887162706921097 -0.10307318289758444 -0.11230111334720251 -0.07323014575660265 0.05420276584476184 -0.01104031477862111 0.9957798538717448
15725282.331 0.22404372593342853 -0.16144875438046447 -0.11621806040555727 -0.07719142085961647 0.05262247838838969 -0.008004310266944151 0.9955944406891228
15775506.839000002 0.17103200531647686 -0.2122583687978121 -0.1414303163911757 -0.08154615880265867 0.05936554583325838 -0.0016926429726852605 0.9948985329731961
15825665.382000001 0.25686233499492783 -0.2347204948154293 -0.13242616673215576 -0.07975538902567576 0.05391757865587923 0.01161014655369482 0.9952874846647335
15875635.989 0.2098323784744526 -0.2663369055118593 -0.18100495233885022 -0.07166913603841707 0.06369215769371005 0.01580814172979378 0.9952672739736181
15925499.8585 0.2686347635047364 -0.24453862239422192 -0.17714051920186466 -0.054147810085890216 0.06412161451004172 0.022108646807173494 0.9962267015854793
15975418.215000002 0.19645812173746233 -0.27028321974096636 -0.22237921532149935 -0.045424572985357355 0.07450258835133287 0.013251468898874038 0.996097571059217
16025462.433000002 0.24122570540870233 -0.26541836073989244 -0.22158700001094073 -0.03397547236832574 0.07286857789662268 0.010897412095956613 0.9967031072703064
16075597.5635 0.1631950209544902 -0.2801656377844528 -0.25007509409618883 -0.029721773844905302 0.0787198164905977 0.005965440604687751 0.9964357581749015
16125728.535500001 0.20823967468576124 -0.2623575030265174 -0.22542169378849253 -0.023541941402466456 0.06836172037842263 0.008812414024507841 0.9973438692552163
16175761.2005 0.12657789603000658 -0.2732401802902597 -0.24347006768464302 -0.023011747938663146 0.06688630802283045 0.001920553083867775 0.997493354730614
16225699.7285 0.1681206133200991 -0.24511374166246438 -0.19721143700168517 -0.019903538889780907 0.04864840863402409 0.0028040103180324277 0.9986136985857826
16275628.8225 0.09512020410244773 -0.2730768319686723 -0.2176445615672844 -0.027652848851494754 0.04243343365729026 -0.0015987623433634777 0.9987152585283846
16325646.3985 0.13744231923656774 -0.26432217381510675 -0.1840690572084324 -0.028999974544904834 0.02681400919833362 -0.00016297403458174212 0.9992196874694627
16375790.9155 0.05904513776396376 -0.2802769947264981 -0.1987718898363793 -0.031709743109068995 0.026486462249771647 -0.003268308103088845 0.9991407696974393
16425980.5465 0.10303798267820244 -0.2540988276350544 -0.1650674143585333 -0.028254462848132794 0.01173554451655287 0.0009344002106976197 0.9995314348334972
16476077.172000002 0.015241159348326016 -0.26014990336914917 -0.1795004713106712 -0.028334353771702372 0.012445901193638996 -0.002572705402769296 0.9995177062597383
16526036.713 0.058036437389511766 -0.24648653050101857 -0.16520988233019696 -0.028026590427274175 -0.0015621439371462944 -0.0008199797970048369 0.9996056210168458
16575969.807 -0.019493556392010766 -0.2431904409754177 -0.17089088009626627 -0.031033386090784317 -0.0038017799519539427 -0.003947286837767996 0.9995033238281691
16625945.2075 0.010884377773784376 -0.24199932232795549 -0.16866487854593964 -0.03713754727113723 -0.013389982997816817 -0.009611379901353903 0.9991742252051912
16676009.662000002 -0.06855318308315968 -0.23895612584684697 -0.16589038214285273 -0.04159192308982961 -0.011258044797470756 -0.015369124556387174 0.9989530311137748
16726089.797500001 -0.027993224045058766 -0.22996358765598224 -0.1611240309278779 -0.04652672664646534 -0.019117447891513654 -0.016819125268702738 0.9985924613769502
16776123.865000002 -0.11343634382415448 -0.22884593075810636 -0.16539539226261832 -0.0499037936538921 -0.01310070978039155 -0.02109775196005473 0.998445225159814
16826093.581499998 -0.07728396757690154 -0.22332955435038526 -0.16919088399277066 -0.05252210902384894 -0.018460793719017505 -0.024593853064134752 0.9981461664257448
16876053.6545 -0.15700264358842075 -0.21933573373203766 -0.17201298079866237 -0.05408757175852672 -0.014334220831560269 -0.028363820174100236 0.9980303394183714
16926081.476 -0.11005418815460098 -0.2120253404480891 -0.16743287584577524 -0.05383769771137048 -0.023741639419441015 -0.027284999070182038 0.9978944662080036
16976146.6325 -0.16844504167437235 -0.19175358488557012 -0.16214940479099893 -0.05009639467472795 -0.029595247270693528 -0.0244774327235212 0.9980056752678543
17026228.551499996 -0.11394377762047762 -0.17221221973821213 -0.15947810515803348 -0.049514875454689536 -0.046320245399355954 -0.024847618660085086 0.9973892458923812
17076312.827499997 -0.19739287022150653 -0.14757479101152748 -0.1492886907470125 -0.050801573633088494 -0.04509803705916543 -0.024767289687635526 0.9973825487401214
17126363.316 -0.14514760716197728 -0.13184916616653014 -0.14533381525625577 -0.0544005251798007 -0.05581511605537676 -0.022260258390849386 0.9967094544430987
17176364.1915 -0.2600658430270366 -0.0946329556318419 -0.13058399672389906 -0.05121333922956632 -0.0410325590617775 -0.037516565812366905 0.9971389222527849
17226332.4735 -0.19721122205939698 -0.07842091940725016 -0.12196568747304147 -0.0518685810936819 -0.052480079270460285 -0.03708310052483647 0.9965843342289499
17276290.4095 -0.23612325439684045 -0.056979333485706815 -0.11567017933199218 -0.05161754515771781 -0.056482972397018535 -0.027752522489814975 0.996682045768128
17326277.18 -0.17303774849710823 -0.030150293032029818 -0.10901831606155349 -0.050980612712185305 -0.06289656180806348 -0.029527964328080428 0.9962796289008695
17376324.3615 -0.2586218234965711 0.012696967565569619 -0.09737098756081677 -0.04893600346079282 -0.048220893444729795 -0.03880585114397171 0.9968821991176636
17426375.763 -0.19772774311830593 0.04949638789191207 -0.09610688480934641 -0.0472111070699368 -0.05245691181061627 -0.0496809661833235 0.9962686311289821
17476456.871999998 -0.27436992629550694 0.0947852796903699 -0.11468893600665868 -0.046443107777816406 -0.03948267474115146 -0.0570636693477936 0.9965078493297422
17526523.58 -0.21684606343111693 0.09742614864875927 -0.11726185305369173 -0.0513382649444507 -0.03807956623832286 -0.05784632954926451 0.9962771358137616
17576687.105499998 -0.2587969853990018 0.11650769770001217 -0.09169970806399004 -0.05676085606443624 -0.028505831253821844 -0.050266928514179736 0.9967140305529522
17626847.732 -0.15889121051641664 0.11538188803094257 -0.0437858253472735 -0.06417610573324155 -0.038369280715349986 -0.04623345966964022 0.9961283516481588
17676930.384 -0.1970994165932593 0.13568641208463408 -0.03955157754954201 -0.06769486970193048 -0.03476832767964731 -0.04615121907228147 0.9960314417650387
17726996.834 -0.11859980745581825 0.13875773586756196 -0.03177533557676216 -0.07411153579454688 -0.04339420171953669 -0.04394337356335471 0.9953358244528172
17777167.035 -0.1682169800312871 0.1640773145273849 -0.048268095268737085 -0.07750654514228368 -0.03780500320540843 -0.041026437550540376 0.9954297306262546
17827409.016499996 -0.1053205680646258 0.19232586186493475 -0.05517531347860525 -0.0713418199848196 -0.032228581810943006 -0.04248750396138296 0.9960253386550166
17877558.836 -0.15807268927416512 0.231397335128752 -0.10200699881674155 -0.06656458126499287 -0.012877669504086678 -0.04348551249902735 0.9967508878109197
17927509.886 -0.05905653139260053 0.24300000971270894 -0.08334710525646141 -0.06348077403635671 -0.014977772277955706 -0.04250558932911164 0.9969649605382928
17977258.706 -0.08947520974959397 0.24867772867491844 -0.07737443895833375 -0.06380544121039786 -0.006232516352288898 -0.039747079163320244 0.9971510372605796
18026944.025999997 0.012610161593561367 0.22586690700206316 -0.07274085012452654 -0.06602900395405047 -0.008536970247997681 -0.03656731742606987 0.9971108875506685
18076662.158 -0.030377774423449324 0.2238668213679056 -0.0684014626807743 -0.06640671628275144 0.0013830396647970514 -0.033871953454875765 0.9972165893139656
18126488.444000002 0.059274331077769554 0.20308754161692388 -0.07292772411990373 -0.06823420313850344 0.002092678311405766 -0.03344189356584113 0.9971064907893586
18176415.502499998 0.0035128285467744065 0.1929279425769558 -0.0665065974464146 -0.07023298048495127 0.015197811860243871 -0.03220612092976441 0.9968947390479691
18226443.254 0.09200387723841036 0.18916794725585712 -0.0628572617200869 -0.06797409706129158 0.015647889471885237 -0.028391059367747582 0.9971602746959761
18276479.138499998 0.04654528836182465 0.18836910046108163 -0.04984633247510968 -0.06697686868448018 0.026015837732084213 -0.020894219456323023 0.9971964233999391
18326421.3245 0.1357875938249185 0.18891249775376395 -0.035750165358419204 -0.06549110790278088 0.023697711453089267 -0.017245777059054685 0.9974226368150975
18376234.075 0.08222059768629662 0.1848955844133314 -0.039615856594992095 -0.06527771109369263 0.036017654811159774 -0.013190053674398367 0.9971296663224593
18426102.989 0.16527630510293811 0.1793116000882488 -0.037183005938008946 -0.06611684774923134 0.03368355018694666 -0.009905925260815475 0.9971939899213369
18475857.252 0.10089570545774494 0.16998138238172106 -0.043083843920058866 -0.06705676580939081 0.043926270981503486 -0.006697821920747435 0.9967592548145023
18525838.376499996 0.1871657699561802 0.14489844774260846 -0.04104037121511733 -0.07169862063961052 0.035407103641766496 -0.0005905852027733669 0.9967975200707498
18575911.3835 0.13125621974011062 0.1129678352494645 -0.05415517010711455 -0.07460989086844316 0.04559006497691543 0.0006886248513741995 0.9961698830800967
18625985.6635 0.20272774726430834 0.0849186959852133 -0.06652329282775844 -0.07652959134166318 0.048084356446243995 -0.00387263092295697 0.9958996530996299
18675926.406499997 0.16468179539983688 0.054119381660279235 -0.08169518111949005 -0.07795019301676191 0.057516861239595526 -0.0017737674124735734 0.9952951480997791
18725754.416 0.2568389734757342 -0.006617213517920819 -0.11195938468287406 -0.0851243067306321 0.055052129231239685 -0.0034879303143101263 0.9948421733183906
18775570.4645 0.2291839583535315 -0.07387618366017587 -0.14298973841918203 -0.09216590214597077 0.05532702600209782 -0.0005356887464222592 0.9942052502943994
18825474.2155 0.27667635170261806 -0.10415521340225875 -0.12457917362345687 -0.09587220245149011 0.05304215166249268 0.008009934358392546 0.9939471273139674
18875474.92 0.20667381881034536 -0.12023064451127713 -0.11622905027657633 -0.09324286750454233 0.06027532284356485 0.0140737292254256 0.9937175570861791
18925574.461999997 0.230563769540284 -0.14394947033138694 -0.11652214224964678 -0.09297247127268313 0.06681800506727148 0.023860686657405445 0.9931375239192793
18975703.251000002 0.33527066772832803 -0.17845109022669117 -0.10790221577654596 -0.09297145788114405 0.06634627230148929 0.03005300842697035 0.9930011565228108
19025769.880499996 0.335549146803352 -0.21390044907247868 -0.1245130740394458 -0.08961646728779739 0.07051903399615353 0.03212262976935369 0.9929572454500775
19075753.812000003 0.24355035120655666 -0.24162801449627216 -0.17482382664603333 -0.08346474004001758 0.07678471790236985 0.03617901687146145 0.9928891292611277
19125708.862 0.30928811458381794 -0.2616960607877613 -0.19394634745012196 -0.07847349285530449 0.06338136521822046 0.03294616463886174 0.994353691448748
19175697.956 0.20415792849202855 -0.25663993787140926 -0.18234412486641405 -0.07219052978717651 0.06336645107499214 0.027849267257201202 0.9949862504579873
19225746.893 0.233714590936074 -0.2474217604312027 -0.15933142192433206 -0.06628395893750423 0.055861857888232974 0.022147636047982925 0.9959896444433206
19275813.2815 0.16210194701287345 -0.2616746748389951 -0.1722164058309114 -0.0635336108962215 0.05539047160420703 0.017416339085417395 0.9962891382900915
19325859.972499996 0.23363999400928206 -0.2790683052817857 -0.17997694022347596 -0.06187485203138962 0.043535758849032095 0.018489442308607322 0.99696252733523
19375878.8835 0.14203600369331804 -0.2675880320849024 -0.18307892185710176 -0.052495178281623034 0.04192338824533053 0.012248654807159223 0.9976656034115975
19425881.933 0.17590674855490177 -0.2610029775658301 -0.1909279124273724 -0.04361076708416306 0.03471220853780885 0.00437350032203214 0.9984357946646804
19475916.8835 0.07429429348439452 -0.2638534515959788 -0.21248455611277356 -0.036734171831231816 0.03787193493028858 -0.007053662994917042 0.9985822765315152
19526003.364 0.13038602680772285 -0.2478327946841008 -0.19278420270182456 -0.032232292889217286 0.01978195299032462 -0.008683043952923297 0.999246895606238
19576129.814999998 0.06108162048867393 -0.2537268827974275 -0.19718790236836736 -0.03328286826145685 0.011017607458874864 -0.006656270302693455 0.9993630756996328
19626260.651 0.10808842030921234 -0.2543448881860756 -0.1823678394941926 -0.03615914372775427 -0.004176459626957976 -0.006316688763102165 0.999317353473325
19676226.714 0.03777640497270168 -0.2555719104207272 -0.17276626647982293 -0.03790930251735102 -0.00922361627470998 -0.005370160437857494 0.9992241845863903
19726229.4845 0.09098331067930217 -0.24198661252234774 -0.1513871731759517 -0.03798498874272608 -0.021979153516165435 -0.00570356210296794 0.9990202834879107
19776247.552 0.023713732051733053 -0.25314397293052043 -0.15501951577221765 -0.04088709544148714 -0.022421834171950056 -0.0015557419131915268 0.9989109502081873
19826283.765 0.06246153498536063 -0.23385368079751642 -0.1408233604988139 -0.0391981996235455 -0.03169940346586894 -0.005455871529488404 0.9987136138213168
19876320.5925 -0.02981662287358402 -0.22789888859497925 -0.13490544601240928 -0.040151363707874865 -0.02951616939022976 -0.009158824094442214 0.9987155649523703
19926348.8055 0.0023153227126250044 -0.2210521190979011 -0.13026795425743712 -0.04301613614059867 -0.037431700306609215 -0.012928136813644978 0.9982892081567433
19976339.645 -0.08492232646340798 -0.21959031576858307 -0.12960565910156394 -0.04478963182826376 -0.03439296553844228 -0.01421969990227175 0.9983029665070866
20026354.5645 -0.04172031303109652 -0.21530699530405056 -0.13421226958089583 -0.0480289210327754 -0.0438641493129954 -0.014319048667144951 0.9977795969024135
20076406.5965 -0.12396856050622539 -0.2037192826683239 -0.1296684508339031 -0.04921393108356191 -0.043145021346057716 -0.015203205895605016 0.9977401258097454
20126500.1265 -0.08021763913285648 -0.19138707593066212 -0.13129793872309936 -0.05156081814914172 -0.053666682006858084 -0.016432216584002 0.9970914459227409
20176582.748 -0.18068519662494417 -0.20158229374867495 -0.13827209148360545 -0.0561048794002511 -0.045541874841559 -0.021818360617600785 0.9971469998367138
20226620.8855 -0.12530209385460003 -0.2019620083192142 -0.14151475323658572 -0.0594820853891167 -0.05647293577879735 -0.01872979101599554 0.9964546572578116
20276635.625 -0.18659161308869684 -0.1942472867941258 -0.1388933812386315 -0.05946422695781752 -0.059008364377330313 -0.012650098889676182 0.9964045331309482
20326640.36 -0.12541407829017842 -0.17712320711720542 -0.1446030538622689 -0.05872319865913269 -0.0722996788260086 -0.008004478419451117 0.9956205455423912
20376670.489 -0.2328276801161381 -0.1655474276213922 -0.15309794321144582 -0.058067161112415826 -0.06164558083698889 -0.01741743628550776 0.9962553187194814
20426692.807499997 -0.1938976274145065 -0.14371449852671658 -0.1627364015185681 -0.05684569090198906 -0.06878182578635154 -0.024699247471682107 0.9957045621275942
20476712.2795 -0.2646106920938765 -0.12581225050947278 -0.16209737484707984 -0.05770310994404225 -0.06801118459650841 -0.022061231098753374 0.9957701200352281
20526712.452000003 -0.19495779675223388 -0.11522333779055807 -0.17010050414224714 -0.06180331606137821 -0.08199893755128103 -0.01553004331525482 0.9945930535243571
20576686.169 -0.30336975080586553 -0.09988297772976601 -0.18332799553695148 -0.06238512890244114 -0.06876781584168877 -0.028115884757592295 0.995283165848035
20626673.338 -0.2360303871932864 -0.08454831220109077 -0.17905988819828175 -0.06242402999132197 -0.07647789622840662 -0.02588485648944925 0.9947785412204267
20676687.7475 -0.3694122733588005 -0.032650364786384785 -0.16355898239718347 -0.05475208780750284 -0.04866723418596197 -0.05164733369991872 0.9959750308713052
20726718.3775 -0.2917996061907006 -0.0003959579886832362 -0.13721168847616919 -0.048358695750701106 -0.055539558299266996 -0.04974196828264565 0.9960434381092933
20776754.0295 -0.35251168237791763 0.014982625151025596 -0.16929238654399015 -0.047205827032785926 -0.04551286093343148 -0.0484110251150316 0.9966727457049864
20826808.457499996 -0.2766274214883193 0.019664117865621968 -0.1739759688368714 -0.050476184331445746 -0.04558080528044097 -0.04888075523886218 0.9964864358196769
20876791.3585 -0.31510551059919506 0.03531248222137572 -0.16711565454092 -0.05481556752898918 -0.03533897880231145 -0.046412201780016794 0.9967910100214665
20926795.882000003 -0.23246792133047087 0.04124600132945951 -0.14994840272964197 -0.05958911820355915 -0.033942814731520034 -0.05114972066072415 0.9963336431116605
20976841.981 -0.2736781648965642 0.06073412906321437 -0.1314501801008367 -0.06335253501733351 -0.02306335468531513 -0.05871061653948378 0.99599578386813
21026925.795 -0.18392234041786276 0.07249636211230848 -0.12216498361533952 -0.06472507112589401 -0.026600119968962485 -0.0636808195356475 0.9955138632930498
21077052.698000003 -0.20962362606194374 0.10759874807452943 -0.10998054800198777 -0.06570900713579002 -0.022613251178583527 -0.0577764452078053 0.9959080527998116
21127182.3365 -0.12423480336197741 0.12790776939089102 -0.08977721518415106 -0.06698696815944473 -0.02411919568770339 -0.05146994980185426 0.9961334522861777
21177297.941000003 -0.17540868282235086 0.15370428895099975 -0.08523820494412351 -0.06960880409521021 -0.009334471041973188 -0.05047747310359096 0.996252732368588
21227366.224499997 -0.09340035326642407 0.14464040635699985 -0.07981597248415842 -0.07494642942086947 -0.005747437460367267 -0.04921984607113505 0.9959555243244728
21277316.362499997 -0.12148026637415123 0.14248726626993222 -0.07039514480391422 -0.08212984610289246 0.004641715980336753 -0.047840174815868136 0.9954619332377608
21327128.832 -0.006054959240118497 0.13125876371996756 -0.0668501750415959 -0.08410603823163708 0.0010240891493395496 -0.04207812537571424 0.995567454740892
21376863.968 -0.03557665560431224 0.12922412848506049 -0.05506564203840224 -0.08481426490981116 0.011221627382569729 -0.037528859585833484 0.995626536531084
21426628.367499996 0.052754299036432015 0.13125573170258506 -0.04061367326625714 -0.0819447480982872 0.01448619276431231 -0.038611557862863355 0.9957832877075746
21476489.579 0.01625857618212072 0.12315196991229267 -0.031482586865726164 -0.08406446460996922 0.02539057954014507 -0.035563072143241184 0.9955017589940207
21526461.7515 0.09449595118747074 0.12288538129556058 -0.03007169855788729 -0.07997487527092449 0.030105727444549025 -0.03483185555602162 0.9957330999514675
21576432.3815 0.05081685616383018 0.10423611407388403 -0.03527758977970995 -0.08175857242702893 0.04113298153051161 -0.029544971766569596 0.9953646107374009
21626317.614499997 0.1289676174867937 0.08639641233070616 -0.03494215947631332 -0.0822321891374078 0.04019117124503649 -0.02952558014274073 0.9953646452134295
21676120.3695 0.09069267253123911 0.055121013323019885 -0.04622630593791695 -0.08786952559741852 0.045278196915006015 -0.022100272819017008 0.9948569793174974
21725946.936 0.17185425108920266 0.029513250517430163 -0.05265623761752529 -0.09042909616424377 0.04159880580148486 -0.01961080862800201 0.994840456609885
21775853.995 0.12856611061340736 -0.013576209808954824 -0.06939649694524667 -0.09521110058274385 0.051054287926233614 -0.015500655798661842 0.9940261745447045
21825820.952499997 0.2102941100521747 -0.04731693422577489 -0.07674261157187741 -0.09746890269468447 0.05005979351682474 -0.01420702393610624 0.9938772512495825
21875778.739499997 0.15813404312264628 -0.08676334710009995 -0.09405497218265027 -0.10069714024134611 0.05770303046627382 -0.014040713885809571 0.9931431440511481
21925716.044 0.22787363244951406 -0.12307256896751465 -0.10418512169611589 -0.102731773100451 0.05305160167729742 -0.015077430838155284 0.9931789272001453
21975695.090499997 0.1661084004187478 -0.15551324488118007 -0.11401119131930221 -0.10503543009107029 0.05795828938051211 -0.012057465005752966 0.9927048970642302
22025690.969 0.24763266028898734 -0.208994585371002 -0.13176660700463197 -0.11002819156906492 0.05168404869567587 -0.00821415597890418 0.9925497890846676
22075788.314 0.16941557195129978 -0.2248029112225252 -0.13529664433900276 -0.10469475669716594 0.06248477958821602 -0.005736911382987194 0.9925229206863271
22125916.971 0.24272871913049607 -0.2380487895221072 -0.15310938068811833 -0.1011784330321476 0.05623397191770404 -0.0015349935843334474 0.9932765520670537
22175982.61 0.16923559705921296 -0.2318528532469325 -0.1603517599817865 -0.09705411339723452 0.05807886667278686 -0.0014411383270873184 0.9935820386052696
22225954.1995 0.22934059810766533 -0.2408110984055031 -0.16992197024593877 -0.09723293014563619 0.050058475875692635 -0.0024568309111813766 0.9939989287067519
22275875.4245 0.14086097735075828 -0.24495615079792551 -0.15766755579957673 -0.09702600730084339 0.059730415207911336 -0.004145992501145059 0.9934792610580896
